0.46808
0.46793
0.46779
0.46764
0.4675
0.46736
0.46721
0.46707
0.46692
0.46677
0.46663
0.46648
0.46633
0.46618
0.46603
0.46588
0.46573
0.46558
0.46542
0.46527
0.46511
0.46495
0.46479
0.46463
0.46447
0.46431
0.46414
0.46397
0.4638
0.46363
0.46346
0.46328
0.4631
0.46293
0.46274
0.46256
0.46237
0.46219
0.462
0.4618
0.46161
0.46141
0.46121
0.46101
0.46081
0.4606
0.46039
0.46018
0.45996
0.45975
0.45953
0.4593
0.45908
0.45885
0.45862
0.45839
0.45816
0.45792
0.45768
0.45744
0.45719
0.45692
0.45664
0.45636
0.45608
0.4558
0.45551
0.45523
0.45494
0.45465
0.45436
0.45406
0.45377
0.45347
0.45318
0.45288
0.45258
0.45228
0.45198
0.45169
0.45139
0.45109
0.45079
0.45049
0.45019
0.44989
0.44959
0.4493
0.449
0.44871
0.44841
0.44812
0.44783
0.44754
0.44725
0.44697
0.44668
0.4464
0.44612
0.44584
0.44557
0.44529
0.44502
0.44476
0.44449
0.44423
0.44397
0.44372
0.44346
0.44322
0.44297
0.44273
0.44249
0.44226
0.44203
0.4418
0.44158
0.44136
0.44115
0.44094
0.44073
0.44054
0.44035
0.44016
0.43998
0.43981
0.43963
0.43947
0.4393
0.43915
0.43899
0.43885
0.4387
0.43856
0.43843
0.4383
0.43817
0.43805
0.43794
0.43783
0.43772
0.43762
0.43752
0.43743
0.43734
0.43726
0.43718
0.43711
0.43704
0.43697
0.43691
0.43686
0.4368
0.43676
0.43671
0.43667
0.43664
0.43661
0.43658
0.43656
0.43654
0.43652
0.43651
0.4365
0.4365
0.4365
0.4365
0.43651
0.43652
0.43653
0.43655
0.43657
0.43659
0.43662
0.43665
0.43668
0.43672
0.43676
0.4368
0.43684
0.43689
0.43689
0.43689
0.43689
0.4369
0.43691
0.43692
0.43694
0.43696
0.43698
0.43701
0.43704
0.43707
0.43711
0.43715
0.43719
0.43724
0.43729
0.43735
0.43741
0.43747
0.43754
0.43761
0.43768
0.43776
0.43785
0.43793
0.43803
0.43812
0.43822
0.43833
0.43844
0.43855
0.43867
0.4388
0.43893
0.43906
0.4392
0.43934
0.43949
0.43964
0.4398
0.43996
0.44013
0.4403
0.44047
0.44065
0.44084
0.44103
0.44122
0.44142
0.44162
0.44183
0.44204
0.44226
0.44248
0.4427
0.44293
0.44317
0.4434
0.44364
0.44393
0.44421
0.4445
0.4448
0.4451
0.4454
0.4457
0.446
0.44631
0.44662
0.44693
0.44724
0.44756
0.44787
0.44819
0.44851
0.44883
0.44915
0.44947
0.44978
0.4501
0.45042
0.45074
0.45105
0.45137
0.45168
0.452
0.45231
0.45261
0.45292
0.45323
0.45353
0.45383
0.45412
0.45442
0.45471
0.45499
0.45527
0.45555
0.45583
0.4561
0.45637
0.45663
0.45689
0.45714
0.45739
0.45764
0.45788
0.45811
0.45834
0.45857
0.45879
0.459
0.45921
0.45941
0.45961
0.45981
0.45999
0.46018
0.46036
0.46042
0.46049
0.46054
0.4606
0.46065
0.46069
0.46074
0.46078
0.46081
0.46085
0.46088
0.46091
0.46094
0.46097
0.46099
0.46102
0.46105
0.46108
0.46111
0.46114
0.46117
0.4612
0.46124
0.46128
0.46132
0.46137
0.46142
0.46147
0.46153
0.4616
0.46166
0.46174
0.46182
0.46191
0.46201
0.46211
0.46222
0.46233
0.46246
0.46259
0.46274
0.46289
0.46305
0.46322
0.4634
0.46359
0.46379
0.464
0.46422
0.46446
0.4647
0.46495
0.46522
0.4655
0.46579
0.46609
0.4664
0.46672
0.46706
0.46741
0.46787
0.46834
0.46882
0.46931
0.46982
0.47033
0.47086
0.47139
0.47194
0.47249
0.47306
0.47363
0.47422
0.47481
0.47541
0.47601
0.47662
0.47724
0.47787
0.4785
0.47914
0.47978
0.48043
0.48108
0.48174
0.4824
0.48306
0.48372
0.48439
0.48505
0.48572
0.48639
0.48706
0.48773
0.4884
0.48906
0.48973
0.49039
0.49105
0.49171
0.49237
0.49302
0.49366
0.49431
0.49494
0.49558
0.4962
0.49682
0.49744
0.49805
0.49865
0.49924
0.49983
0.5004
0.50097
0.50154
0.50209
0.50263
0.50317
0.50369
0.50408
0.50445
0.50482
0.50518
0.50553
0.50587
0.5062
0.50653
0.50684
0.50715
0.50745
0.50775
0.50804
0.50832
0.50859
0.50886
0.50912
0.50938
0.50963
0.50988
0.51013
0.51037
0.51061
0.51084
0.51107
0.5113
0.51153
0.51176
0.51199
0.51221
0.51244
0.51267
0.5129
0.51312
0.51336
0.51359
0.51383
0.51407
0.51431
0.51456
0.51481
0.51507
0.51533
0.5156
0.51587
0.51615
0.51644
0.51674
0.51704
0.51735
0.51767
0.518
0.51834
0.51869
0.51905
0.51942
0.5198
0.52019
0.52059
0.52101
0.52149
0.52199
0.5225
0.52302
0.52355
0.5241
0.52466
0.52523
0.52581
0.52641
0.52702
0.52764
0.52827
0.52892
0.52957
0.53024
0.53093
0.53162
0.53233
0.53304
0.53377
0.53451
0.53527
0.53603
0.5368
0.53759
0.53839
0.53919
0.54001
0.54083
0.54167
0.54252
0.54337
0.54423
0.54511
0.54598
0.54687
0.54777
0.54867
0.54958
0.5505
0.55142
0.55235
0.55328
0.55422
0.55516
0.55611
0.55706
0.55802
0.55897
0.55993
0.5609
0.56186
0.56283
0.5638
0.56477
0.56573
0.5667
0.56767
0.56864
0.56957
0.57051
0.57144
0.57237
0.57329
0.57422
0.57514
0.57605
0.57696
0.57787
0.57877
0.57967
0.58056
0.58144
0.58232
0.58319
0.58406
0.58491
0.58576
0.58661
0.58744
0.58826
0.58908
0.58989
0.59069
0.59148
0.59225
0.59302
0.59378
0.59453
0.59526
0.59599
0.5967
0.59741
0.5981
0.59878
0.59944
0.6001
0.60074
0.60137
0.60198
0.60259
0.60318
0.60375
0.60432
0.60487
0.6054
0.60593
0.60643
0.60693
0.60741
0.60788
0.60833
0.60877
0.6092
0.60961
0.61001
0.61039
0.61076
0.61111
0.6114
0.61167
0.61192
0.61216
0.61239
0.61261
0.61281
0.613
0.61318
0.61335
0.6135
0.61365
0.61378
0.6139
0.61401
0.61412
0.61421
0.61429
0.61436
0.61442
0.61448
0.61452
0.61456
0.61459
0.61462
0.61463
0.61464
0.61464
0.61464
0.61463
0.61461
0.61459
0.61457
0.61454
0.61451
0.61447
0.61443
0.61438
0.61433
0.61428
0.61423
0.61418
0.61412
0.61406
0.614
0.61394
0.61388
0.61382
0.61375
0.61369
0.61363
0.61357
0.6135
0.61344
0.61338
0.61332
0.61326
0.61321
0.61315
0.6131
0.6131
0.61311
0.61311
0.61312
0.61313
0.61314
0.61316
0.61317
0.61319
0.6132
0.61322
0.61324
0.61326
0.61328
0.6133
0.61333
0.61335
0.61337
0.6134
0.61342
0.61344
0.61346
0.61348
0.61351
0.61353
0.61354
0.61356
0.61358
0.61359
0.6136
0.61361
0.61362
0.61362
0.61362
0.61362
0.61361
0.6136
0.61359
0.61357
0.61355
0.61352
0.61349
0.61345
0.61341
0.61336
0.61331
0.61325
0.61319
0.61311
0.61304
0.61295
0.61286
0.61276
0.61265
0.61254
0.61242
0.61229
0.61215
0.61201
0.61185
0.6116
0.61134
0.61107
0.61079
0.6105
0.61021
0.6099
0.60959
0.60928
0.60895
0.60862
0.60828
0.60794
0.60759
0.60723
0.60686
0.60649
0.60612
0.60574
0.60535
0.60496
0.60456
0.60416
0.60375
0.60334
0.60293
0.60251
0.60209
0.60167
0.60124
0.60081
0.60038
0.59994
0.59951
0.59907
0.59863
0.59819
0.59774
0.5973
0.59686
0.59641
0.59597
0.59553
0.59508
0.59464
0.5942
0.59376
0.59332
0.59288
0.59245
0.59202
0.59159
0.59116
0.59073
0.59031
0.58989
0.58948
0.58906
0.58866
0.58825
0.58789
0.58754
0.58719
0.58685
0.58651
0.58617
0.58584
0.58551
0.58519
0.58487
0.58456
0.58425
0.58395
0.58364
0.58335
0.58306
0.58277
0.58249
0.58221
0.58193
0.58166
0.5814
0.58114
0.58088
0.58062
0.58038
0.58013
0.57989
0.57965
0.57942
0.57919
0.57896
0.57874
0.57852
0.5783
0.57809
0.57788
0.57768
0.57748
0.57728
0.57708
0.57689
0.5767
0.57651
0.57633
0.57615
0.57597
0.57579
0.57562
0.57545
0.57528
0.57511
0.57495
0.57479
0.57463
0.57447
0.57432
0.57417
0.57401
0.57387
0.57367
0.57347
0.57328
0.57309
0.5729
0.57271
0.57253
0.57235
0.57218
0.572
0.57183
0.57166
0.5715
0.57134
0.57119
0.57103
0.57089
0.57074
0.57061
0.57047
0.57034
0.57022
0.5701
0.56999
0.56988
0.56978
0.56968
0.56959
0.56951
0.56943
0.56936
0.5693
0.56924
0.56919
0.56915
0.56912
0.56909
0.56907
0.56906
0.56906
0.56906
0.56908
0.5691
0.56913
0.56917
0.56922
0.56928
0.56935
0.56942
0.56951
0.56961
0.56972
0.56983
0.56996
0.5701
0.57025
0.57041
0.57058
0.57076
0.57095
0.57113
0.57133
0.57153
0.57175
0.57197
0.57221
0.57246
0.57272
0.573
0.57329
0.57358
0.5739
0.57422
0.57455
0.5749
0.57526
0.57564
0.57602
0.57642
0.57683
0.57726
0.5777
0.57814
0.57861
0.57908
0.57957
0.58007
0.58058
0.58111
0.58164
0.58219
0.58276
0.58333
0.58391
0.58451
0.58512
0.58574
0.58637
0.58702
0.58767
0.58834
0.58901
0.5897
0.59039
0.5911
0.59182
0.59254
0.59328
0.59402
0.59477
0.59554
0.5963
0.59708
0.59787
0.59866
0.59946
0.60026
0.60107
0.60189
0.60271
0.60356
0.60442
0.60528
0.60614
0.607
0.60787
0.60874
0.60962
0.61049
0.61137
0.61225
0.61312
0.614
0.61487
0.61575
0.61662
0.61749
0.61836
0.61922
0.62008
0.62094
0.62179
0.62263
0.62347
0.62431
0.62513
0.62595
0.62677
0.62757
0.62836
0.62915
0.62993
0.63069
0.63145
0.63219
0.63292
0.63365
0.63435
0.63505
0.63573
0.6364
0.63706
0.6377
0.63832
0.63893
0.63953
0.64011
0.64067
0.64122
0.64175
0.64226
0.64276
0.64324
0.64369
0.64414
0.64456
0.64496
0.64535
0.64572
0.64606
0.64632
0.64655
0.64677
0.64696
0.64714
0.6473
0.64744
0.64755
0.64766
0.64774
0.6478
0.64785
0.64787
0.64788
0.64787
0.64785
0.6478
0.64774
0.64766
0.64757
0.64746
0.64733
0.64719
0.64703
0.64685
0.64666
0.64646
0.64624
0.64601
0.64577
0.64551
0.64524
0.64495
0.64466
0.64435
0.64403
0.6437
0.64336
0.64301
0.64265
0.64228
0.6419
0.64151
0.64112
0.64071
0.6403
0.63989
0.63946
0.63903
0.63859
0.63815
0.6377
0.63725
0.6368
0.63634
0.63587
0.63541
0.63494
0.63447
0.63399
0.63354
0.6331
0.63264
0.63219
0.63174
0.63129
0.63084
0.63039
0.62994
0.62949
0.62904
0.62859
0.62815
0.62771
0.62727
0.62683
0.62639
0.62596
0.62553
0.6251
0.62468
0.62426
0.62385
0.62344
0.62303
0.62263
0.62223
0.62183
0.62144
0.62106
0.62068
0.6203
0.61993
0.61957
0.61921
0.61885
0.6185
0.61816
0.61782
0.61749
0.61716
0.61684
0.61652
0.61621
0.61591
0.61561
0.61532
0.61503
0.61474
0.61447
0.6142
0.61393
0.61367
0.61342
0.61317
0.61292
0.61268
0.61245
0.61222
0.612
0.61174
0.61149
0.61124
0.611
0.61077
0.61054
0.61031
0.61009
0.60987
0.60966
0.60946
0.60925
0.60906
0.60887
0.60868
0.6085
0.60832
0.60815
0.60798
0.60782
0.60766
0.60751
0.60736
0.60722
0.60708
0.60694
0.60681
0.60668
0.60656
0.60644
0.60632
0.60621
0.6061
0.60599
0.60589
0.60579
0.6057
0.60561
0.60552
0.60543
0.60535
0.60527
0.60519
0.60511
0.60504
0.60497
0.6049
0.60483
0.60476
0.6047
0.60464
0.60457
0.60451
0.60446
0.6044
0.60434
0.60428
0.60423
0.60417
0.60412
0.60405
0.60399
0.60393
0.60386
0.6038
0.60373
0.60367
0.6036
0.60353
0.60346
0.6034
0.60333
0.60325
0.60318
0.60311
0.60303
0.60296
0.60288
0.6028
0.60271
0.60263
0.60254
0.60245
0.60236
0.60227
0.60217
0.60207
0.60197
0.60187
0.60176
0.60165
0.60153
0.60142
0.6013
0.60117
0.60105
0.60092
0.60078
0.60064
0.6005
0.60036
0.60021
0.60006
0.5999
0.59974
0.59957
0.59941
0.59923
0.59906
0.59887
0.59869
0.5985
0.59831
0.59811
0.5979
0.5977
0.59748
0.59727
0.59705
0.59682
0.59657
0.59631
0.59605
0.59578
0.59551
0.59523
0.59496
0.59467
0.59438
0.59409
0.5938
0.5935
0.5932
0.59289
0.59258
0.59227
0.59195
0.59163
0.59131
0.59098
0.59065
0.59032
0.58998
0.58965
0.58931
0.58896
0.58862
0.58827
0.58792
0.58757
0.58722
0.58686
0.5865
0.58614
0.58578
0.58542
0.58505
0.58469
0.58432
0.58395
0.58358
0.58321
0.58284
0.58247
0.5821
0.58172
0.58135
0.58097
0.5806
0.58022
0.57985
0.57947
0.57909
0.57872
0.57834
0.57796
0.57759
0.57721
0.57684
0.57646
0.57607
0.57569
0.57531
0.57492
0.57454
0.57416
0.57378
0.5734
0.57302
0.57264
0.57226
0.57189
0.57151
0.57114
0.57076
0.57039
0.57002
0.56965
0.56928
0.56891
0.56855
0.56818
0.56782
0.56745
0.56709
0.56673
0.56637
0.56602
0.56566
0.5653
0.56495
0.5646
0.56425
0.5639
0.56355
0.5632
0.56285
0.56251
0.56216
0.56182
0.56148
0.56114
0.5608
0.56046
0.56012
0.55978
0.55944
0.55911
0.55877
0.55844
0.5581
0.55777
0.55744
0.55711
0.55677
0.55644
0.55611
0.55578
0.55545
0.55512
0.55477
0.55442
0.55407
0.55372
0.55338
0.55303
0.55268
0.55233
0.55198
0.55163
0.55128
0.55094
0.55059
0.55024
0.54989
0.54954
0.54919
0.54884
0.54849
0.54814
0.54779
0.54744
0.54709
0.54673
0.54638
0.54603
0.54568
0.54532
0.54497
0.54461
0.54426
0.5439
0.54355
0.54319
0.54284
0.54248
0.54212
0.54176
0.54141
0.54105
0.54069
0.54033
0.53997
0.53961
0.53924
0.53888
0.53852
0.53816
0.53779
0.53743
0.53707
0.5367
0.53634
0.53597
0.53561
0.53524
0.53487
0.53451
0.53414
