0.46994
0.46967
0.46941
0.46914
0.46888
0.46861
0.46835
0.46808
0.46782
0.46755
0.46729
0.46702
0.46676
0.46649
0.46622
0.46596
0.46569
0.46542
0.46515
0.46488
0.46461
0.46434
0.46407
0.4638
0.46353
0.46325
0.46298
0.46271
0.46243
0.46216
0.46188
0.4616
0.46132
0.46105
0.46077
0.46048
0.4602
0.45992
0.45964
0.45935
0.45907
0.45878
0.45849
0.45821
0.45792
0.45763
0.45734
0.45705
0.45675
0.45646
0.45616
0.45587
0.45557
0.45528
0.45498
0.45468
0.45438
0.45408
0.45378
0.45348
0.45318
0.45285
0.45252
0.45219
0.45186
0.45153
0.4512
0.45087
0.45055
0.45022
0.44989
0.44956
0.44923
0.4489
0.44858
0.44825
0.44793
0.4476
0.44728
0.44696
0.44664
0.44632
0.446
0.44569
0.44538
0.44507
0.44476
0.44445
0.44415
0.44384
0.44355
0.44325
0.44296
0.44267
0.44238
0.44209
0.44181
0.44153
0.44126
0.44099
0.44072
0.44046
0.4402
0.43994
0.43969
0.43945
0.4392
0.43896
0.43873
0.4385
0.43827
0.43805
0.43784
0.43763
0.43742
0.43722
0.43702
0.43683
0.43664
0.43646
0.43629
0.43611
0.43594
0.43578
0.43562
0.43547
0.43533
0.43519
0.43505
0.43492
0.4348
0.43468
0.43457
0.43446
0.43436
0.43426
0.43417
0.43408
0.434
0.43393
0.43386
0.4338
0.43374
0.43369
0.43365
0.4336
0.43357
0.43354
0.43352
0.4335
0.43348
0.43348
0.43347
0.43348
0.43348
0.4335
0.43351
0.43354
0.43356
0.4336
0.43363
0.43368
0.43372
0.43378
0.43383
0.43389
0.43396
0.43403
0.4341
0.43418
0.43426
0.43435
0.43444
0.43453
0.43463
0.43473
0.43484
0.43495
0.43506
0.43518
0.43529
0.43539
0.43548
0.43558
0.43569
0.43579
0.4359
0.43601
0.43613
0.43625
0.43637
0.4365
0.43662
0.43676
0.43689
0.43703
0.43717
0.43731
0.43746
0.43761
0.43776
0.43792
0.43808
0.43824
0.4384
0.43857
0.43874
0.43891
0.43909
0.43927
0.43945
0.43964
0.43982
0.44001
0.44021
0.4404
0.4406
0.4408
0.441
0.44121
0.44142
0.44163
0.44184
0.44206
0.44228
0.4425
0.44272
0.44295
0.44317
0.4434
0.44364
0.44387
0.44411
0.44434
0.44458
0.44483
0.44507
0.44532
0.44556
0.44581
0.44606
0.44631
0.44656
0.4468
0.44705
0.4473
0.44756
0.44781
0.44807
0.44832
0.44858
0.44884
0.4491
0.44936
0.44963
0.44989
0.45016
0.45042
0.45069
0.45096
0.45123
0.4515
0.45177
0.45204
0.45231
0.45259
0.45286
0.45313
0.45341
0.45368
0.45396
0.45423
0.45451
0.45479
0.45506
0.45534
0.45562
0.4559
0.45617
0.45645
0.45673
0.45701
0.45728
0.45756
0.45784
0.45812
0.45839
0.45867
0.45895
0.45922
0.4595
0.45977
0.46005
0.46032
0.46059
0.46087
0.46114
0.46141
0.46168
0.46195
0.46222
0.46246
0.46271
0.46295
0.46319
0.46344
0.46368
0.46392
0.46416
0.4644
0.46464
0.46488
0.46512
0.46536
0.4656
0.46583
0.46607
0.46631
0.46655
0.46679
0.46703
0.46727
0.4675
0.46774
0.46798
0.46822
0.46847
0.46871
0.46895
0.46919
0.46943
0.46968
0.46992
0.47017
0.47041
0.47066
0.47091
0.47116
0.47141
0.47166
0.47192
0.47217
0.47243
0.47268
0.47294
0.4732
0.47346
0.47373
0.47399
0.47426
0.47453
0.4748
0.47507
0.47534
0.47562
0.4759
0.47617
0.47646
0.47674
0.47703
0.47731
0.4776
0.47789
0.47818
0.47847
0.47876
0.47906
0.47936
0.47966
0.47996
0.48027
0.48058
0.48089
0.48121
0.48152
0.48184
0.48217
0.48249
0.48282
0.48315
0.48349
0.48382
0.48416
0.48451
0.48485
0.4852
0.48555
0.48591
0.48627
0.48663
0.48699
0.48736
0.48773
0.4881
0.48848
0.48886
0.48924
0.48963
0.49002
0.49041
0.4908
0.4912
0.4916
0.49201
0.49241
0.49283
0.49324
0.49366
0.49408
0.4945
0.49492
0.49535
0.49579
0.49622
0.49666
0.4971
0.49755
0.49799
0.49844
0.4989
0.49935
0.49977
0.5002
0.50063
0.50106
0.5015
0.50194
0.50238
0.50282
0.50327
0.50372
0.50418
0.50464
0.5051
0.50557
0.50604
0.50651
0.50699
0.50747
0.50796
0.50845
0.50894
0.50944
0.50994
0.51045
0.51096
0.51148
0.512
0.51252
0.51305
0.51358
0.51411
0.51465
0.5152
0.51575
0.5163
0.51686
0.51742
0.51798
0.51855
0.51912
0.5197
0.52028
0.52087
0.52146
0.52205
0.52264
0.52324
0.52385
0.52445
0.52506
0.52568
0.52629
0.52691
0.52754
0.52816
0.52879
0.52942
0.53005
0.53069
0.53133
0.53198
0.53264
0.5333
0.53396
0.53462
0.53528
0.53595
0.53661
0.53727
0.53794
0.5386
0.53927
0.53993
0.5406
0.54126
0.54192
0.54259
0.54324
0.5439
0.54456
0.54521
0.54587
0.54651
0.54716
0.5478
0.54844
0.54908
0.54971
0.55034
0.55097
0.55159
0.5522
0.55281
0.55342
0.55402
0.55461
0.5552
0.55578
0.55636
0.55693
0.55749
0.55805
0.5586
0.55914
0.55967
0.5602
0.56072
0.56123
0.56173
0.56223
0.56271
0.56319
0.56366
0.56412
0.56457
0.56501
0.56544
0.56586
0.56628
0.56668
0.56703
0.56737
0.5677
0.56801
0.56832
0.56862
0.56891
0.56919
0.56946
0.56972
0.56998
0.57022
0.57045
0.57067
0.57089
0.5711
0.57129
0.57148
0.57166
0.57183
0.572
0.57215
0.5723
0.57244
0.57257
0.57269
0.57281
0.57292
0.57302
0.57312
0.5732
0.57329
0.57336
0.57343
0.57349
0.57355
0.5736
0.57364
0.57368
0.57372
0.57375
0.57377
0.57379
0.57381
0.57382
0.57383
0.57383
0.57383
0.57382
0.57382
0.57381
0.57379
0.57378
0.57376
0.57373
0.57371
0.57368
0.57366
0.57363
0.57359
0.57356
0.57353
0.5735
0.57346
0.57343
0.57339
0.57336
0.57332
0.57328
0.57324
0.57321
0.57317
0.57313
0.57309
0.57306
0.57302
0.57299
0.57295
0.57292
0.57289
0.57286
0.57283
0.5728
0.57277
0.57274
0.57272
0.57269
0.57267
0.57265
0.57263
0.57261
0.5726
0.57258
0.57257
0.57256
0.57255
0.57254
0.57254
0.57254
0.57253
0.57253
0.57254
0.57254
0.57255
0.57255
0.57256
0.57257
0.57258
0.5726
0.57261
0.57263
0.57265
0.57267
0.57269
0.57271
0.57273
0.57276
0.57278
0.57281
0.57283
0.57284
0.57286
0.57287
0.57288
0.57289
0.5729
0.57292
0.57293
0.57295
0.57296
0.57298
0.57299
0.57301
0.57302
0.57304
0.57305
0.57307
0.57308
0.5731
0.57311
0.57312
0.57314
0.57315
0.57316
0.57317
0.57318
0.57319
0.57319
0.5732
0.57321
0.57321
0.57321
0.57321
0.57321
0.5732
0.5732
0.57319
0.57318
0.57317
0.57316
0.57314
0.57312
0.5731
0.57307
0.57305
0.57302
0.57298
0.57295
0.57291
0.57287
0.57282
0.57277
0.57272
0.57267
0.57261
0.57254
0.57248
0.57241
0.57233
0.57225
0.57214
0.57203
0.57191
0.57179
0.57166
0.57153
0.5714
0.57126
0.57112
0.57098
0.57083
0.57068
0.57052
0.57036
0.57019
0.57003
0.56985
0.56968
0.5695
0.56932
0.56913
0.56894
0.56875
0.56855
0.56836
0.56815
0.56795
0.56774
0.56753
0.56731
0.5671
0.56687
0.56665
0.56643
0.5662
0.56597
0.56573
0.5655
0.56526
0.56502
0.56478
0.56453
0.56429
0.56404
0.56379
0.56353
0.56328
0.56302
0.56277
0.56251
0.56225
0.56199
0.56172
0.56146
0.5612
0.56093
0.56066
0.5604
0.56013
0.55986
0.55958
0.55931
0.55903
0.55876
0.55848
0.5582
0.55793
0.55765
0.55738
0.5571
0.55682
0.55655
0.55627
0.556
0.55573
0.55546
0.55518
0.55491
0.55464
0.55438
0.55411
0.55384
0.55358
0.55332
0.55305
0.55279
0.55254
0.55228
0.55203
0.55177
0.55152
0.55128
0.55103
0.55079
0.55054
0.55031
0.55007
0.54984
0.54961
0.54938
0.54915
0.54893
0.54871
0.54849
0.54828
0.54807
0.54786
0.54766
0.54746
0.54726
0.54707
0.54688
0.54669
0.54651
0.54633
0.54615
0.54598
0.54581
0.54565
0.54549
0.54531
0.54513
0.54496
0.54479
0.54463
0.54447
0.54432
0.54417
0.54403
0.54389
0.54375
0.54363
0.5435
0.54339
0.54328
0.54317
0.54307
0.54298
0.54289
0.54281
0.54273
0.54267
0.5426
0.54255
0.5425
0.54246
0.54242
0.54239
0.54237
0.54236
0.54235
0.54235
0.54236
0.54237
0.5424
0.54242
0.54246
0.54251
0.54256
0.54262
0.54269
0.54276
0.54284
0.54294
0.54303
0.54314
0.54325
0.54338
0.54351
0.54365
0.54379
0.54395
0.54411
0.54428
0.54446
0.54464
0.54484
0.54504
0.54525
0.54547
0.54568
0.54589
0.54612
0.54636
0.5466
0.54685
0.54711
0.54737
0.54765
0.54793
0.54822
0.54851
0.54882
0.54913
0.54945
0.54978
0.55011
0.55046
0.55081
0.55117
0.55153
0.5519
0.55228
0.55267
0.55307
0.55347
0.55388
0.55429
0.55471
0.55514
0.55558
0.55602
0.55646
0.55692
0.55738
0.55785
0.55832
0.5588
0.55928
0.55977
0.56026
0.56076
0.56127
0.56178
0.56229
0.56281
0.56334
0.56387
0.5644
0.56494
0.56548
0.56602
0.56657
0.56712
0.56768
0.56824
0.5688
0.56936
0.56993
0.5705
0.57105
0.57161
0.57216
0.57272
0.57328
0.57384
0.57441
0.57497
0.57554
0.5761
0.57667
0.57724
0.57781
0.57838
0.57895
0.57952
0.58009
0.58066
0.58123
0.58179
0.58236
0.58293
0.5835
0.58406
0.58463
0.58519
0.58575
0.58631
0.58687
0.58743
0.58798
0.58853
0.58908
0.58963
0.59017
0.59071
0.59125
0.59179
0.59232
0.59284
0.59337
0.59389
0.59441
0.59492
0.59543
0.59593
0.59643
0.59692
0.59741
0.5979
0.59838
0.59885
0.59932
0.59979
0.60024
0.6007
0.60114
0.60158
0.60202
0.60244
0.60285
0.60324
0.60363
0.60402
0.60439
0.60476
0.60513
0.60548
0.60583
0.60617
0.60651
0.60684
0.60716
0.60747
0.60778
0.60808
0.60837
0.60865
0.60893
0.6092
0.60946
0.60972
0.60997
0.61021
0.61044
0.61066
0.61088
0.61109
0.61129
0.61149
0.61167
0.61185
0.61203
0.61219
0.61235
0.6125
0.61264
0.61277
0.6129
0.61302
0.61313
0.61323
0.61333
0.61341
0.61349
0.61357
0.61363
0.61369
0.61374
0.61379
0.61382
0.61385
0.61387
0.61389
0.6139
0.6139
0.61389
0.61388
0.61386
0.61383
0.61378
0.61373
0.61367
0.6136
0.61352
0.61344
0.61336
0.61326
0.61317
0.61306
0.61295
0.61283
0.61271
0.61258
0.61245
0.61231
0.61217
0.61202
0.61187
0.61171
0.61154
0.61138
0.6112
0.61103
0.61085
0.61066
0.61047
0.61028
0.61008
0.60988
0.60968
0.60947
0.60926
0.60905
0.60883
0.60861
0.60839
0.60817
0.60794
0.60771
0.60748
0.60725
0.60701
0.60677
0.60653
0.60629
0.60605
0.6058
0.60556
0.60531
0.60507
0.60482
0.60457
0.60432
0.60407
0.60382
0.60357
0.60332
0.60307
0.60282
0.60254
0.60226
0.60199
0.60171
0.60144
0.60117
0.60089
0.60062
0.60035
0.60009
0.59982
0.59956
0.5993
0.59904
0.59878
0.59853
0.59828
0.59803
0.59779
0.59755
0.59731
0.59707
0.59684
0.59662
0.59639
0.59617
0.59596
0.59575
0.59554
0.59534
0.59514
0.59495
0.59476
0.59457
0.59439
0.59422
0.59405
0.59389
0.59373
0.59357
0.59342
0.59328
0.59314
0.59301
0.59288
0.59276
0.59264
0.59253
0.59242
0.59232
0.59223
0.59214
0.59205
0.59197
0.5919
0.59183
0.59177
0.59171
0.59165
0.59161
0.59156
0.59151
0.59148
0.59144
0.59141
0.59139
0.59137
0.59136
0.59135
0.59134
0.59134
0.59135
0.59135
0.59137
0.59138
0.5914
0.59143
0.59145
0.59149
0.59152
0.59156
0.5916
0.59164
0.59169
0.59174
0.59179
0.59185
0.59191
0.59197
0.59203
0.59209
0.59216
0.59222
0.59229
0.59236
0.59243
0.59251
0.59258
0.59265
0.59273
0.5928
0.59287
0.59295
0.59302
0.5931
0.59317
0.59324
0.59331
0.59338
0.59345
0.59352
0.59359
0.59365
0.59371
0.59377
0.59383
0.59388
0.59394
0.59399
0.59403
0.59405
0.59406
0.59407
0.59408
0.59408
0.59408
0.59407
0.59407
0.59405
0.59404
0.59402
0.594
0.59397
0.59394
0.5939
0.59386
0.59382
0.59377
0.59372
0.59366
0.5936
0.59353
0.59346
0.59339
0.59331
0.59323
0.59314
0.59305
0.59295
0.59285
0.59274
0.59263
0.59251
0.59239
0.59227
0.59214
0.592
0.59186
0.59172
0.59157
0.59141
0.59125
0.59109
0.59092
0.59075
0.59057
0.59039
0.5902
0.59001
0.58981
0.58961
0.5894
0.58919
0.58897
0.58875
0.58853
0.5883
0.58806
0.58782
0.58758
0.58732
0.58706
0.5868
0.58653
0.58625
0.58597
0.58569
0.5854
0.58511
0.58482
0.58452
0.58422
0.58391
0.5836
0.58329
0.58298
0.58266
0.58233
0.58201
0.58168
0.58135
0.58101
0.58067
0.58033
0.57999
0.57964
0.57929
0.57894
0.57859
0.57823
0.57787
0.57751
0.57715
0.57678
0.57641
0.57604
0.57567
0.5753
0.57493
0.57455
0.57417
0.57379
0.57341
0.57303
0.57265
0.57227
0.57188
0.5715
0.57111
0.57072
0.57033
0.56994
0.56956
0.56917
0.56878
0.56838
0.56799
0.5676
0.56721
0.56682
0.56641
0.566
0.5656
0.56519
0.56478
0.56437
0.56397
0.56356
0.56316
0.56276
0.56236
0.56196
0.56156
0.56116
0.56076
0.56037
0.55998
0.55959
0.5592
0.55881
0.55843
0.55805
0.55767
0.55729
0.55692
0.55655
0.55618
0.55581
0.55545
0.55509
0.55474
0.55438
0.55403
0.55369
0.55334
0.55301
0.55267
0.55234
0.55201
0.55168
0.55136
0.55105
0.55073
0.55043
0.55012
0.54982
0.54952
0.54923
0.54894
0.54866
0.54838
0.5481
0.54783
0.54757
0.5473
0.54705
0.54679
0.54654
0.5463
