0.48057
0.48041
0.48026
0.4801
0.47995
0.47979
0.47964
0.47948
0.47933
0.47917
0.47902
0.47886
0.47871
0.47856
0.4784
0.47825
0.47809
0.47794
0.47778
0.47763
0.47747
0.47731
0.47716
0.477
0.47685
0.47669
0.47654
0.47638
0.47622
0.47607
0.47591
0.47576
0.4756
0.47544
0.47529
0.47513
0.47497
0.47481
0.47466
0.4745
0.47434
0.47418
0.47403
0.47387
0.47371
0.47355
0.47339
0.47323
0.47307
0.47291
0.47275
0.4726
0.47244
0.47228
0.47211
0.47195
0.47179
0.47163
0.47147
0.47131
0.47115
0.47099
0.47082
0.47066
0.4705
0.47034
0.47017
0.47001
0.46985
0.46968
0.46952
0.46935
0.46919
0.46902
0.46886
0.46869
0.46853
0.46836
0.4682
0.46803
0.46786
0.4677
0.46753
0.46736
0.46719
0.46703
0.46686
0.46669
0.46652
0.46635
0.46618
0.46601
0.46585
0.46568
0.46551
0.46534
0.46516
0.46499
0.46482
0.46465
0.46448
0.46431
0.46414
0.46397
0.46379
0.46362
0.46345
0.46328
0.4631
0.46293
0.46276
0.46258
0.46241
0.46223
0.46206
0.46189
0.46171
0.46154
0.46136
0.46119
0.46101
0.46082
0.46063
0.46044
0.46025
0.46006
0.45987
0.45968
0.45949
0.4593
0.45911
0.45892
0.45873
0.45854
0.45835
0.45816
0.45797
0.45778
0.4576
0.45741
0.45722
0.45703
0.45684
0.45665
0.45646
0.45628
0.45609
0.4559
0.45571
0.45553
0.45534
0.45516
0.45497
0.45479
0.4546
0.45442
0.45423
0.45405
0.45387
0.45369
0.4535
0.45332
0.45314
0.45296
0.45278
0.45261
0.45243
0.45225
0.45207
0.4519
0.45172
0.45155
0.45138
0.4512
0.45103
0.45086
0.45069
0.45052
0.45035
0.45019
0.45002
0.44985
0.44969
0.44952
0.44936
0.4492
0.44904
0.44888
0.44872
0.44856
0.44841
0.44825
0.4481
0.44794
0.44779
0.44764
0.44749
0.44734
0.44719
0.44705
0.4469
0.44676
0.44662
0.44648
0.44634
0.4462
0.44606
0.44592
0.44579
0.44566
0.44552
0.44539
0.44526
0.44514
0.44501
0.44489
0.44476
0.44464
0.44452
0.4444
0.44428
0.44417
0.44405
0.44394
0.44383
0.44372
0.44361
0.4435
0.4434
0.4433
0.44319
0.44309
0.443
0.4429
0.4428
0.44271
0.44262
0.44253
0.44244
0.44235
0.44226
0.44218
0.4421
0.44202
0.44194
0.44187
0.44179
0.44172
0.44165
0.44158
0.44151
0.44145
0.44138
0.44132
0.44126
0.4412
0.44115
0.44109
0.44104
0.44098
0.44093
0.44089
0.44084
0.44079
0.44075
0.44071
0.44067
0.44063
0.44059
0.44056
0.44052
0.44049
0.44046
0.44043
0.44041
0.44038
0.44036
0.44034
0.44032
0.4403
0.44028
0.44026
0.44025
0.44024
0.44023
0.44022
0.44021
0.44021
0.4402
0.4402
0.4402
0.4402
0.4402
0.44021
0.44021
0.44022
0.44023
0.44024
0.44025
0.44026
0.44027
0.44029
0.44031
0.44033
0.44035
0.44037
0.44039
0.44041
0.44044
0.44047
0.4405
0.44053
0.44056
0.44059
0.44062
0.44066
0.44069
0.44073
0.44077
0.44081
0.44085
0.44089
0.44094
0.44098
0.44103
0.44108
0.44113
0.44118
0.44123
0.44128
0.44133
0.44139
0.44144
0.4415
0.44155
0.44161
0.44167
0.44173
0.44179
0.44186
0.44192
0.44198
0.44205
0.44212
0.44218
0.44225
0.44232
0.44239
0.44246
0.44253
0.4426
0.44268
0.44275
0.44282
0.4429
0.44298
0.44305
0.44313
0.44321
0.44329
0.44337
0.44343
0.44349
0.44356
0.44362
0.44369
0.44376
0.44382
0.44389
0.44396
0.44403
0.4441
0.44417
0.44424
0.44431
0.44438
0.44446
0.44453
0.4446
0.44468
0.44475
0.44483
0.44491
0.44498
0.44506
0.44514
0.44522
0.4453
0.44538
0.44546
0.44554
0.44562
0.4457
0.44578
0.44586
0.44595
0.44603
0.44612
0.4462
0.44629
0.44637
0.44646
0.44654
0.44663
0.44672
0.44681
0.4469
0.44699
0.44708
0.44717
0.44726
0.44735
0.44744
0.44753
0.44762
0.44772
0.44781
0.4479
0.448
0.44809
0.44819
0.44828
0.44838
0.44848
0.44857
0.44867
0.44877
0.44887
0.44897
0.44906
0.44916
0.44926
0.44936
0.44946
0.44957
0.44967
0.44977
0.44987
0.44997
0.45008
0.45018
0.45028
0.45039
0.45049
0.4506
0.4507
0.45081
0.45091
0.45102
0.45113
0.45123
0.45134
0.45145
0.45156
0.45167
0.45178
0.45188
0.45199
0.4521
0.45221
0.45232
0.45243
0.45255
0.45266
0.45277
0.45288
0.45299
0.4531
0.45322
0.45333
0.45344
0.45356
0.45367
0.45379
0.4539
0.45401
0.45413
0.45424
0.45436
0.45448
0.45459
0.4547
0.45482
0.45493
0.45505
0.45516
0.45528
0.45539
0.45551
0.45562
0.45574
0.45585
0.45597
0.45609
0.4562
0.45632
0.45644
0.45655
0.45667
0.45679
0.45691
0.45703
0.45714
0.45726
0.45738
0.4575
0.45762
0.45774
0.45786
0.45798
0.4581
0.45821
0.45833
0.45845
0.45857
0.4587
0.45882
0.45894
0.45906
0.45918
0.4593
0.45942
0.45954
0.45966
0.45978
0.45991
0.46003
0.46015
0.46027
0.46039
0.46052
0.46064
0.46076
0.46088
0.46101
0.46113
0.46125
0.46138
0.4615
0.46162
0.46175
0.46187
0.46199
0.46212
0.46224
0.46236
0.46249
0.46261
0.46273
0.46286
0.46298
0.46311
0.46323
0.46335
0.46348
0.4636
0.46373
0.46385
0.46397
0.4641
0.46422
0.46435
0.46447
0.4646
0.46472
0.46484
0.46497
0.46509
0.46522
0.46534
0.46547
0.46559
0.46572
0.46584
0.46596
0.46609
0.46621
0.46634
0.46646
0.46659
0.46671
0.46683
0.46696
0.46708
0.46721
0.46733
0.46746
0.46758
0.4677
0.46783
0.46795
0.46808
0.4682
0.46832
0.46845
0.46857
0.46869
0.46882
0.46894
0.46907
0.46919
0.46929
0.4694
0.4695
0.46961
0.46971
0.46982
0.46992
0.47003
0.47013
0.47023
0.47034
0.47044
0.47055
0.47065
0.47076
0.47086
0.47097
0.47107
0.47118
0.47129
0.47139
0.4715
0.4716
0.47171
0.47182
0.47192
0.47203
0.47214
0.47225
0.47235
0.47246
0.47257
0.47268
0.47279
0.4729
0.47301
0.47312
0.47323
0.47334
0.47345
0.47356
0.47367
0.47379
0.4739
0.47401
0.47413
0.47424
0.47435
0.47447
0.47458
0.4747
0.47482
0.47493
0.47505
0.47517
0.47529
0.47541
0.47553
0.47565
0.47577
0.47589
0.47601
0.47613
0.47626
0.47638
0.4765
0.47663
0.47675
0.47688
0.47701
0.47713
0.47726
0.47739
0.47752
0.47765
0.47778
0.47791
0.47804
0.47818
0.47831
0.47844
0.47858
0.47871
0.47885
0.47899
0.47913
0.47926
0.4794
0.47954
0.47968
0.47982
0.47997
0.48011
0.48025
0.4804
0.48054
0.48069
0.48083
0.48098
0.48113
0.48128
0.48143
0.48158
0.48173
0.48188
0.48203
0.48218
0.48234
0.48249
0.48265
0.4828
0.48296
0.48312
0.48327
0.48343
0.48359
0.48375
0.48391
0.48408
0.48424
0.48442
0.4846
0.48478
0.48496
0.48514
0.48532
0.48551
0.48569
0.48587
0.48606
0.48624
0.48643
0.48662
0.4868
0.48699
0.48718
0.48737
0.48756
0.48774
0.48793
0.48812
0.48831
0.48851
0.4887
0.48889
0.48908
0.48927
0.48946
0.48966
0.48985
0.49004
0.49024
0.49043
0.49062
0.49082
0.49101
0.49121
0.4914
0.4916
0.49179
0.49198
0.49218
0.49237
0.49257
0.49276
0.49296
0.49315
0.49335
0.49354
0.49374
0.49393
0.49412
0.49432
0.49451
0.49471
0.4949
0.49509
0.49529
0.49548
0.49567
0.49587
0.49606
0.49625
0.49644
0.49663
0.49683
0.49702
0.49721
0.4974
0.49759
0.49778
0.49797
0.49816
0.49834
0.49853
0.49872
0.49891
0.49909
0.49928
0.49947
0.49965
0.49984
0.50002
0.50021
0.50039
0.50057
0.50076
0.50094
0.50112
0.5013
0.50148
0.50166
0.50184
0.50202
0.5022
0.50238
0.50256
0.50273
0.50291
0.50309
0.50326
0.50344
0.50361
0.50379
0.50396
0.50413
0.5043
0.50448
0.50465
0.50482
0.50499
0.50516
0.50533
0.5055
0.50567
0.50584
0.506
0.50617
0.50634
0.5065
0.50662
0.50673
0.50685
0.50696
0.50707
0.50718
0.5073
0.50741
0.50752
0.50763
0.50775
0.50786
0.50797
0.50808
0.5082
0.50831
0.50842
0.50854
0.50865
0.50876
0.50888
0.50899
0.50911
0.50923
0.50934
0.50946
0.50958
0.5097
0.50982
0.50994
0.51006
0.51019
0.51031
0.51044
0.51056
0.51069
0.51082
0.51095
0.51108
0.51121
0.51135
0.51148
0.51162
0.51176
0.5119
0.51204
0.51219
0.51233
0.51248
0.51263
0.51278
0.51293
0.51309
0.51325
0.51341
0.51357
0.51373
0.5139
0.51406
0.51423
0.51441
0.51458
0.51476
0.51494
0.51512
0.51531
0.51549
0.51568
0.51587
0.51607
0.51627
0.51647
0.51667
0.51688
0.51709
0.5173
0.51751
0.51773
0.51795
0.51817
0.5184
0.51863
0.51886
0.5191
0.51934
0.51958
0.51983
0.52007
0.52033
0.52058
0.52084
0.5211
0.52136
0.52163
0.5219
0.52218
0.52245
0.52274
0.52302
0.52331
0.5236
0.52389
0.52419
0.52449
0.5248
0.52511
0.52542
0.52573
0.52605
0.52637
0.5267
0.52703
0.52736
0.5277
0.52803
0.52838
0.52872
0.52907
0.52942
0.52978
0.53019
0.5306
0.53101
0.53143
0.53185
0.53228
0.53271
0.53314
0.53357
0.53401
0.53445
0.53489
0.53533
0.53578
0.53623
0.53668
0.53714
0.5376
0.53806
0.53852
0.53899
0.53945
0.53992
0.54039
0.54087
0.54134
0.54182
0.5423
0.54278
0.54326
0.54375
0.54423
0.54472
0.54521
0.5457
0.54619
0.54668
0.54718
0.54767
0.54817
0.54867
0.54916
0.54966
0.55016
0.55066
0.55116
0.55166
0.55217
0.55267
0.55317
0.55367
0.55417
0.55467
0.55518
0.55568
0.55618
0.55668
0.55718
0.55768
0.55818
0.55868
0.55918
0.55968
0.56017
0.56067
0.56117
0.56166
0.56215
0.56264
0.56313
0.56362
0.56411
0.56459
0.56508
0.56556
0.56604
0.56652
0.56699
0.56747
0.56794
0.56841
0.56888
0.56934
0.56981
0.57027
0.57072
0.57118
0.57163
0.57208
0.57253
0.57297
0.57341
0.57385
0.57428
0.57471
0.57514
0.57557
0.57599
0.57641
0.57682
0.57723
0.57764
0.57804
0.57844
0.57884
0.57923
0.57962
0.58
0.58038
0.58075
0.58113
0.58149
0.58186
0.58221
0.58257
0.58292
0.58326
0.5836
0.58394
0.58427
0.58453
0.5848
0.58505
0.5853
0.58555
0.58579
0.58603
0.58626
0.58649
0.58671
0.58693
0.58714
0.58735
0.58756
0.58776
0.58795
0.58814
0.58833
0.58851
0.58869
0.58886
0.58903
0.58919
0.58935
0.5895
0.58965
0.5898
0.58994
0.59007
0.59021
0.59033
0.59046
0.59057
0.59069
0.5908
0.5909
0.59101
0.5911
0.5912
0.59129
0.59137
0.59145
0.59153
0.5916
0.59167
0.59174
0.5918
0.59185
0.59191
0.59196
0.592
0.59205
0.59208
0.59212
0.59215
0.59218
0.5922
0.59223
0.59224
0.59226
0.59227
0.59228
0.59228
0.59228
0.59228
0.59228
0.59227
0.59226
0.59225
0.59223
0.59221
0.59219
0.59217
0.59214
0.59211
0.59208
0.59204
0.59201
0.59197
0.59193
0.59188
0.59184
0.59179
0.59174
0.59169
0.59163
0.59158
0.59152
0.59146
0.5914
0.59133
0.59127
0.5912
0.59113
0.59107
0.59099
0.59092
0.59085
0.59077
0.5907
0.59062
0.59054
0.59046
0.59038
0.5903
0.59022
0.59014
0.59005
0.58997
0.58988
0.5898
0.58971
0.58962
0.58954
0.58945
0.58936
0.58927
0.58918
0.58909
0.589
0.58894
0.58888
0.58881
0.58875
0.58868
0.58862
0.58856
0.58849
0.58843
0.58837
0.5883
0.58824
0.58818
0.58811
0.58805
0.58799
0.58793
0.58787
0.58781
0.58775
0.58769
0.58763
0.58757
0.58751
0.58745
0.58739
0.58734
0.58728
0.58723
0.58717
0.58712
0.58706
0.58701
0.58696
0.58691
0.58686
0.58681
0.58676
0.58671
0.58666
0.58662
0.58657
0.58653
0.58649
0.58644
0.5864
0.58636
0.58632
0.58628
0.58624
0.58621
0.58617
0.58613
0.5861
0.58607
0.58604
0.586
0.58597
0.58594
0.58592
0.58589
0.58586
0.58584
0.58581
0.58579
0.58577
0.58575
0.58573
0.58571
0.58569
0.58567
0.58566
0.58564
0.58563
0.58561
0.5856
0.58559
0.58558
0.58557
0.58556
0.58556
0.58555
0.58555
0.58554
0.58554
0.58553
0.58553
0.58553
0.58553
0.58553
0.58554
0.58554
0.58554
0.58555
0.58555
0.58556
0.58556
0.58557
0.58558
0.58559
0.5856
0.58561
0.58562
0.58563
0.58565
0.58566
0.58567
0.58569
0.5857
0.58572
0.58573
0.58575
0.58577
0.58579
0.58581
0.58582
0.58584
0.58586
0.58588
0.5859
0.58591
0.58591
0.58592
0.58593
0.58593
0.58594
0.58595
0.58595
0.58596
0.58597
0.58598
0.58599
0.58599
0.586
0.58601
0.58602
0.58603
0.58604
0.58605
0.58606
0.58607
0.58608
0.58609
0.5861
0.58611
0.58612
0.58613
0.58614
0.58615
0.58616
0.58618
0.58619
0.5862
0.58621
0.58622
0.58623
0.58624
0.58625
0.58626
0.58627
0.58628
0.58629
0.5863
0.58631
0.58632
0.58632
0.58633
0.58634
0.58635
0.58636
0.58637
0.58637
0.58638
0.58639
0.58639
0.5864
0.5864
0.58641
0.58641
0.58642
0.58642
0.58642
0.58643
0.58643
0.58643
0.58643
0.58643
0.58643
0.58643
0.58643
0.58643
0.58643
0.58642
0.58642
0.58642
0.58641
0.58641
0.5864
0.58639
0.58638
0.58638
0.58637
0.58636
0.58635
0.58634
0.58632
0.58631
0.5863
0.58628
0.58627
0.58625
0.58623
0.58622
0.5862
0.58618
0.58616
0.58614
0.58611
0.58609
0.58607
0.58604
0.58601
0.58599
0.58596
0.58593
0.5859
0.58587
0.58584
0.58581
0.58577
0.58574
0.5857
0.58566
0.58563
0.58559
0.58555
0.58551
0.58546
0.58542
0.58538
0.58531
0.58524
0.58517
0.5851
0.58503
0.58495
0.58488
0.5848
0.58473
0.58465
0.58457
0.58449
0.58441
0.58433
0.58425
0.58417
0.58409
0.584
0.58392
0.58383
0.58374
0.58366
0.58357
0.58348
0.58339
0.5833
0.5832
0.58311
0.58302
0.58293
0.58283
0.58274
0.58264
0.58254
0.58245
0.58235
0.58225
0.58215
0.58205
0.58195
0.58185
0.58175
0.58165
0.58155
0.58144
0.58134
0.58124
0.58113
0.58103
0.58092
0.58082
0.58071
0.58061
0.5805
0.5804
0.58029
0.58018
0.58008
0.57997
0.57986
0.57975
0.57965
0.57954
0.57943
0.57932
0.57921
0.5791
0.57899
0.57889
0.57878
0.57867
0.57856
0.57845
0.57834
0.57823
0.57812
0.57801
0.5779
0.5778
0.57769
0.57758
0.57747
0.57736
0.57725
0.57714
0.57704
0.57693
0.57682
0.57671
0.57661
0.5765
0.57639
0.57629
0.57618
0.57607
0.57597
0.57586
0.57576
0.57565
0.57555
0.57544
0.57534
0.57524
0.57513
0.57503
0.57493
0.57483
0.57473
0.57463
0.57452
0.57442
0.57432
0.57423
0.57413
0.57403
0.57393
0.57383
0.57373
0.57364
0.57354
0.57346
0.57339
0.57331
0.57323
0.57316
0.57308
0.57301
0.57293
0.57286
0.57278
0.57271
0.57264
0.57256
0.57249
0.57242
0.57235
0.57227
0.5722
0.57213
0.57206
0.57199
0.57192
0.57185
0.57179
0.57172
0.57165
0.57158
0.57151
0.57144
0.57138
0.57131
0.57124
0.57118
0.57111
0.57104
0.57098
0.57091
0.57084
0.57078
0.57071
0.57065
0.57058
0.57052
0.57045
0.57039
0.57032
0.57025
0.57019
0.57012
0.57006
0.56999
0.56993
0.56986
0.5698
0.56973
0.56967
0.5696
0.56953
0.56947
0.5694
0.56934
0.56927
0.5692
0.56914
0.56907
0.569
0.56893
0.56887
0.5688
0.56873
0.56866
0.56859
0.56853
0.56846
0.56839
0.56832
0.56825
0.56818
0.56811
0.56804
0.56797
0.56789
0.56782
0.56775
0.56768
0.5676
0.56753
0.56746
0.56738
0.56731
0.56723
0.56716
0.56708
0.56701
0.56693
0.56685
0.56677
0.5667
0.56662
0.56654
0.56646
0.56638
0.5663
0.56622
0.56614
0.56606
0.56598
0.56589
0.56581
0.56573
0.56564
0.56556
0.56548
0.56539
0.56531
0.56522
0.56513
0.56505
0.56496
0.56487
0.56475
0.56462
0.56449
0.56436
0.56423
0.5641
0.56397
0.56384
0.56371
0.56358
0.56345
0.56331
0.56318
0.56305
0.56292
0.56279
0.56266
0.56253
0.5624
0.56227
0.56214
0.56202
0.56189
0.56176
0.56163
0.5615
0.56138
0.56125
0.56113
0.561
0.56088
0.56075
0.56063
0.56051
0.56039
0.56027
0.56015
0.56003
0.55992
0.5598
0.55969
0.55957
0.55946
0.55935
0.55924
0.55913
0.55902
0.55892
0.55881
0.55871
0.55861
0.55851
0.55841
0.55832
0.55822
0.55813
0.55804
0.55795
0.55786
0.55777
0.55769
0.55761
0.55753
0.55745
0.55737
0.5573
0.55723
0.55716
0.55709
0.55703
0.55696
0.5569
0.55685
0.55679
0.55674
0.55669
0.55664
0.55659
0.55655
0.55651
0.55647
0.55644
0.55641
0.55638
0.55635
0.55633
0.55631
0.55629
0.55627
0.55626
0.55625
0.55624
0.55624
0.55624
0.55624
0.55625
0.55626
0.55627
0.55629
0.5563
0.55633
0.55635
0.55638
0.55641
0.55644
0.55648
0.55652
0.55657
0.55662
0.55667
0.55672
0.55678
0.55684
0.55691
0.55698
0.55705
0.55712
0.5572
0.55728
0.55737
0.55748
0.5576
0.55772
0.55784
0.55797
0.5581
0.55824
0.55838
0.55852
0.55866
0.55881
0.55896
0.55912
0.55927
0.55944
0.5596
0.55977
0.55994
0.56012
0.5603
0.56048
0.56066
0.56085
0.56104
0.56124
0.56143
0.56163
0.56184
0.56204
0.56225
0.56247
0.56268
0.5629
0.56313
0.56335
0.56358
0.56381
0.56404
0.56428
0.56452
0.56476
0.565
0.56525
0.5655
0.56575
0.56601
0.56627
0.56653
0.56679
0.56706
0.56732
0.56759
0.56787
0.56814
0.56842
0.5687
0.56898
0.56926
0.56955
0.56984
0.57013
0.57042
0.57071
0.57101
0.57131
0.57161
0.57191
0.57221
0.57252
0.57282
0.57313
0.57344
0.57375
0.57407
0.57438
0.5747
0.57501
0.57533
0.57565
0.57597
0.5763
0.57662
0.57695
0.57727
0.5776
0.57793
0.57826
0.57859
0.57892
0.57925
0.57958
0.57992
0.58025
0.58059
0.58092
0.58126
0.58159
0.58193
0.58227
0.58261
0.58295
0.58328
0.58362
0.58396
0.5843
0.58464
0.58498
0.58532
0.58566
0.586
0.58634
0.58668
0.58702
0.58736
0.5877
0.58804
0.58838
0.58872
0.58906
0.5894
0.5897
0.58999
0.59029
0.59059
0.59089
0.59118
0.59148
0.59177
0.59207
0.59236
0.59266
0.59295
0.59324
0.59353
0.59383
0.59412
0.59441
0.5947
0.59499
0.59528
0.59556
0.59585
0.59614
0.59643
0.59671
0.597
0.59728
0.59756
0.59785
0.59813
0.59841
0.59869
0.59897
0.59925
0.59953
0.59981
0.60009
0.60037
0.60064
0.60092
0.60119
0.60147
0.60174
0.60201
0.60229
0.60256
0.60283
0.6031
0.60337
0.60364
0.60391
0.60417
0.60444
0.60471
0.60497
0.60523
0.6055
0.60576
0.60602
0.60629
0.60655
0.60681
0.60707
0.60732
0.60758
0.60784
0.6081
0.60835
0.60861
0.60886
0.60912
0.60937
0.60962
0.60987
0.61012
0.61037
0.61062
0.61087
0.61112
0.61137
0.61161
0.61186
0.61211
0.61235
0.61259
0.61284
0.61308
0.61332
0.61356
0.6138
0.61404
0.61428
0.61452
0.61476
0.615
0.61523
0.61547
0.6157
0.61594
0.61617
0.6164
0.61663
0.61687
0.6171
0.61733
0.61756
0.61778
0.61801
0.61824
0.61847
0.61869
0.61892
0.61914
0.61936
0.61959
0.61981
0.62003
0.62025
0.62047
0.62069
0.62092
0.62115
0.62138
0.62161
0.62183
0.62206
0.62228
0.62251
0.62273
0.62296
0.62318
0.6234
0.62362
0.62384
0.62406
0.62427
0.62449
0.62471
0.62492
0.62513
0.62535
0.62556
0.62577
0.62598
0.62619
0.62639
0.6266
0.6268
0.62701
0.62721
0.62741
0.62761
0.62781
0.62801
0.62821
0.6284
0.62859
0.62879
0.62898
0.62917
0.62936
0.62954
0.62973
0.62991
0.6301
0.63028
0.63046
0.63064
0.63081
0.63099
0.63116
0.63134
0.63151
0.63168
0.63184
0.63201
0.63218
0.63234
0.6325
0.63266
0.63282
0.63297
0.63313
0.63328
0.63343
0.63358
0.63373
0.63387
0.63401
0.63416
0.6343
0.63443
0.63457
0.6347
0.63483
0.63496
0.63509
0.63522
0.63534
0.63546
0.63558
0.6357
0.63582
0.63593
0.63604
0.63615
0.63626
0.63636
0.63646
0.63656
0.63666
0.63676
0.63685
0.63694
0.63703
0.63712
0.6372
0.63728
0.63736
0.63744
0.63751
0.63758
0.63765
0.63772
0.63779
0.63785
0.63791
0.63797
0.63802
0.63807
0.63812
0.63817
0.63822
0.63826
0.6383
0.63834
0.63837
0.6384
0.63843
0.63846
0.63847
0.63847
0.63848
0.63848
0.63847
0.63847
0.63846
0.63845
0.63844
0.63842
0.6384
0.63838
0.63836
0.63833
0.6383
0.63827
0.63824
0.6382
0.63816
0.63812
0.63808
0.63803
0.63798
0.63793
0.63788
0.63782
0.63776
0.6377
0.63764
0.63757
0.63751
0.63744
0.63736
0.63729
0.63721
0.63713
0.63705
0.63696
0.63688
0.63679
0.63669
0.6366
0.6365
0.63641
0.63631
0.6362
0.6361
0.63599
0.63588
0.63577
0.63566
0.63554
0.63542
0.6353
0.63518
0.63506
0.63493
0.6348
0.63467
0.63454
0.63441
0.63427
0.63413
0.634
0.63385
0.63371
0.63357
0.63342
0.63327
0.63312
0.63297
0.63281
0.63266
0.6325
0.63234
0.63218
0.63202
0.63186
0.63169
0.63153
0.63136
0.63119
0.63102
0.63085
0.63067
0.6305
0.63032
0.63014
0.62996
0.62978
0.6296
0.62942
0.62924
0.62905
0.62886
0.62868
0.62849
0.6283
0.62811
0.62792
0.62772
0.62753
0.62734
0.62714
0.62695
0.62675
0.62655
0.62635
0.62615
0.62595
0.62575
0.62555
0.62535
0.62515
0.62494
0.62474
0.62454
0.62433
0.62413
0.62392
0.6237
0.62348
0.62326
0.62304
0.62282
0.6226
0.62237
0.62215
0.62193
0.62171
0.62149
0.62127
0.62104
0.62082
0.6206
0.62038
0.62016
0.61994
0.61971
0.61949
0.61927
0.61905
0.61883
0.61861
0.6184
0.61818
0.61796
0.61774
0.61753
0.61731
0.6171
0.61688
0.61667
0.61646
0.61624
0.61603
0.61582
0.61561
0.61541
0.6152
0.61499
0.61479
0.61458
0.61438
0.61418
0.61398
0.61378
0.61358
0.61338
0.61319
0.61299
0.6128
0.61261
0.61242
0.61223
0.61204
0.61186
0.61167
0.61149
0.61131
0.61113
0.61095
0.61078
0.6106
0.61043
0.61026
0.61009
0.60992
0.60976
0.6096
0.60943
0.60927
0.60912
0.60896
0.60881
0.60865
0.6085
0.60836
0.60821
0.60807
0.60792
0.60778
0.60765
0.60751
0.60738
0.60725
0.60712
0.60699
0.60686
0.60674
0.60662
0.6065
0.60639
0.60627
0.60616
0.60605
0.60594
0.60584
0.60574
0.60564
0.60554
0.60544
0.60535
0.60526
0.60517
0.60508
0.605
0.60492
0.60484
0.60476
0.60469
0.60461
0.60454
0.60448
0.60441
0.60435
0.60429
0.60423
0.60417
0.60412
0.60407
0.60403
0.60398
0.60394
0.6039
0.60387
0.60383
0.6038
0.60377
0.60374
0.60372
0.6037
0.60368
0.60366
0.60364
0.60363
0.60361
0.60361
0.6036
0.60359
0.60359
0.60359
0.60359
0.60359
0.60359
0.6036
0.60361
0.60362
0.60363
0.60365
0.60366
0.60368
0.6037
0.60372
0.60375
0.60377
0.6038
0.60383
0.60386
0.60389
0.60392
0.60396
0.604
0.60403
0.60407
0.60412
0.60416
0.6042
0.60425
0.6043
0.60434
0.60439
0.60445
0.6045
0.60455
0.60461
0.60466
0.60472
0.60478
0.60484
0.6049
0.60496
0.60502
0.60509
0.60515
0.60522
0.60528
0.60535
0.60542
0.60549
0.60555
0.60562
0.60569
0.60577
0.60584
0.60591
0.60598
0.60606
0.60613
0.6062
0.60628
0.60635
0.60643
0.6065
0.60658
0.60666
0.60673
0.60681
0.60688
0.60696
0.60704
0.60711
0.60719
0.60726
0.60734
0.60742
0.60749
0.60757
0.60764
0.60772
0.60779
0.60786
0.60794
0.60801
0.60808
0.60816
0.60823
0.6083
0.60837
0.60844
0.60851
0.60858
0.60864
0.60871
0.60878
0.60884
0.6089
0.60897
0.60903
0.60909
0.60913
0.60917
0.6092
0.60924
0.60928
0.60931
0.60934
0.60937
0.6094
0.60943
0.60946
0.60949
0.60951
0.60954
0.60956
0.60958
0.6096
0.60962
0.60964
0.60965
0.60967
0.60968
0.60969
0.6097
0.60971
0.60972
0.60973
0.60973
0.60974
0.60974
0.60974
0.60974
0.60974
0.60973
0.60973
0.60972
0.60971
0.6097
0.60969
0.60967
0.60966
0.60964
0.60962
0.6096
0.60958
0.60956
0.60953
0.60951
0.60948
0.60945
0.60942
0.60938
0.60935
0.60931
0.60927
0.60923
0.60919
0.60915
0.6091
0.60906
0.60901
0.60896
0.6089
0.60885
0.60879
0.60874
0.60868
0.60862
0.60855
0.60849
0.60842
0.60835
0.60828
0.60821
0.60814
0.60807
0.60799
0.60791
0.60783
0.60775
0.60766
0.60758
0.60749
0.6074
0.60731
0.60722
0.60712
0.60703
0.60693
0.60683
0.60673
0.60662
0.60652
0.60641
0.6063
0.60619
0.60608
0.60597
0.60585
0.60574
0.60562
0.6055
0.60538
0.60525
0.60513
0.605
0.60487
0.60474
0.60461
0.60448
0.60434
0.6042
0.60406
0.60392
0.60378
0.60364
0.60349
0.60335
0.6032
0.60305
0.6029
0.60274
0.60259
0.60243
0.60227
0.60211
0.60195
0.60178
0.60162
0.60145
0.60129
0.60112
0.60095
0.60077
0.6006
0.60042
0.60025
0.60007
0.59989
0.59971
0.59953
0.59935
0.59916
0.59897
0.59879
0.5986
0.59841
0.59822
0.59802
0.59783
0.59764
0.59744
0.59724
0.59704
0.59684
0.59664
0.59644
0.59624
0.59603
0.59583
0.59562
0.59541
0.5952
0.59499
0.59478
0.59457
0.59436
0.59414
0.59393
0.59371
0.59349
0.59327
0.59305
0.59283
0.59261
0.59239
0.59217
0.59194
0.59172
0.59149
0.59127
0.59104
0.59081
0.59058
0.59035
0.59012
0.58989
0.58966
0.58942
0.58919
0.58896
0.58872
0.58849
0.58825
0.58801
0.58777
0.58754
0.5873
0.58706
0.58682
0.58658
0.58634
0.58609
0.58585
0.58561
0.58537
0.58512
0.58488
0.58463
0.58439
0.58414
0.5839
0.58365
0.5834
0.58316
0.58291
0.58266
0.58241
0.58217
0.58192
0.58167
0.58142
0.58117
0.58092
0.58067
0.58042
0.58017
0.57992
0.57967
0.57942
0.57917
0.57892
0.57866
0.57841
0.57816
0.57791
0.57766
0.57741
0.57716
0.57691
0.57665
0.57638
0.57612
0.57586
0.5756
0.57534
0.57508
0.57482
0.57457
0.57431
0.57405
0.57379
0.57353
0.57327
0.57301
0.57275
0.5725
0.57224
0.57198
0.57173
0.57147
0.57122
0.57096
0.57071
0.57045
0.5702
0.56994
0.56969
0.56944
0.56919
0.56894
0.56869
0.56844
0.56819
0.56794
0.56769
0.56745
0.5672
0.56695
0.56671
0.56646
0.56622
0.56598
0.56574
0.5655
0.56526
0.56502
0.56478
0.56454
0.5643
0.56407
0.56383
0.5636
0.56337
0.56314
0.5629
0.56267
0.56245
0.56222
0.56199
0.56177
0.56154
0.56132
0.5611
0.56087
0.56065
0.56044
0.56022
0.56
0.55979
0.55957
0.55936
0.55915
0.55894
0.55873
0.55852
0.55831
0.55811
0.5579
0.5577
0.5575
0.5573
0.5571
0.5569
0.55671
0.55651
0.55632
0.55613
0.55594
0.55575
0.55556
0.55537
0.55519
0.555
0.55482
0.55464
0.55446
0.55428
0.55411
0.55393
0.55376
0.55359
0.55342
0.55325
0.55308
0.55292
0.55275
0.55259
0.55243
0.55227
0.55211
0.55196
0.5518
0.55165
0.5515
0.55135
0.5512
0.55105
0.55091
