0.46808
0.468
0.46793
0.46786
0.46779
0.46772
0.46764
0.46757
0.4675
0.46743
0.46736
0.46728
0.46721
0.46714
0.46707
0.46699
0.46692
0.46685
0.46677
0.4667
0.46663
0.46655
0.46648
0.46641
0.46633
0.46626
0.46618
0.46611
0.46603
0.46596
0.46588
0.46581
0.46573
0.46565
0.46558
0.4655
0.46542
0.46535
0.46527
0.46519
0.46511
0.46503
0.46495
0.46487
0.46479
0.46471
0.46463
0.46455
0.46447
0.46439
0.46431
0.46422
0.46414
0.46406
0.46397
0.46389
0.4638
0.46372
0.46363
0.46354
0.46346
0.46337
0.46328
0.46319
0.4631
0.46302
0.46293
0.46283
0.46274
0.46265
0.46256
0.46247
0.46237
0.46228
0.46219
0.46209
0.462
0.4619
0.4618
0.46171
0.46161
0.46151
0.46141
0.46131
0.46121
0.46111
0.46101
0.46091
0.46081
0.4607
0.4606
0.46049
0.46039
0.46028
0.46018
0.46007
0.45996
0.45985
0.45975
0.45964
0.45953
0.45942
0.4593
0.45919
0.45908
0.45897
0.45885
0.45874
0.45862
0.45851
0.45839
0.45827
0.45816
0.45804
0.45792
0.4578
0.45768
0.45756
0.45744
0.45732
0.45719
0.45706
0.45692
0.45678
0.45664
0.4565
0.45636
0.45622
0.45608
0.45594
0.4558
0.45566
0.45551
0.45537
0.45523
0.45508
0.45494
0.45479
0.45465
0.4545
0.45436
0.45421
0.45406
0.45392
0.45377
0.45362
0.45347
0.45332
0.45318
0.45303
0.45288
0.45273
0.45258
0.45243
0.45228
0.45213
0.45198
0.45184
0.45169
0.45154
0.45139
0.45124
0.45109
0.45094
0.45079
0.45064
0.45049
0.45034
0.45019
0.45004
0.44989
0.44974
0.44959
0.44945
0.4493
0.44915
0.449
0.44885
0.44871
0.44856
0.44841
0.44827
0.44812
0.44797
0.44783
0.44768
0.44754
0.4474
0.44725
0.44711
0.44697
0.44682
0.44668
0.44654
0.4464
0.44626
0.44612
0.44598
0.44584
0.4457
0.44557
0.44543
0.44529
0.44516
0.44502
0.44489
0.44476
0.44462
0.44449
0.44436
0.44423
0.4441
0.44397
0.44384
0.44372
0.44359
0.44346
0.44334
0.44322
0.44309
0.44297
0.44285
0.44273
0.44261
0.44249
0.44237
0.44226
0.44214
0.44203
0.44191
0.4418
0.44169
0.44158
0.44147
0.44136
0.44125
0.44115
0.44104
0.44094
0.44083
0.44073
0.44063
0.44054
0.44044
0.44035
0.44025
0.44016
0.44007
0.43998
0.43989
0.43981
0.43972
0.43963
0.43955
0.43947
0.43939
0.4393
0.43923
0.43915
0.43907
0.43899
0.43892
0.43885
0.43877
0.4387
0.43863
0.43856
0.4385
0.43843
0.43836
0.4383
0.43824
0.43817
0.43811
0.43805
0.438
0.43794
0.43788
0.43783
0.43777
0.43772
0.43767
0.43762
0.43757
0.43752
0.43748
0.43743
0.43739
0.43734
0.4373
0.43726
0.43722
0.43718
0.43714
0.43711
0.43707
0.43704
0.43701
0.43697
0.43694
0.43691
0.43688
0.43686
0.43683
0.4368
0.43678
0.43676
0.43673
0.43671
0.43669
0.43667
0.43666
0.43664
0.43662
0.43661
0.43659
0.43658
0.43657
0.43656
0.43655
0.43654
0.43653
0.43652
0.43652
0.43651
0.43651
0.4365
0.4365
0.4365
0.4365
0.4365
0.4365
0.4365
0.43651
0.43651
0.43651
0.43652
0.43653
0.43653
0.43654
0.43655
0.43656
0.43657
0.43658
0.43659
0.43661
0.43662
0.43663
0.43665
0.43667
0.43668
0.4367
0.43672
0.43674
0.43676
0.43678
0.4368
0.43682
0.43684
0.43686
0.43689
0.43689
0.43689
0.43689
0.43689
0.43689
0.43689
0.4369
0.4369
0.43691
0.43691
0.43692
0.43692
0.43693
0.43694
0.43695
0.43696
0.43697
0.43698
0.437
0.43701
0.43702
0.43704
0.43706
0.43707
0.43709
0.43711
0.43713
0.43715
0.43717
0.43719
0.43722
0.43724
0.43727
0.43729
0.43732
0.43735
0.43738
0.43741
0.43744
0.43747
0.4375
0.43754
0.43757
0.43761
0.43764
0.43768
0.43772
0.43776
0.4378
0.43785
0.43789
0.43793
0.43798
0.43803
0.43807
0.43812
0.43817
0.43822
0.43828
0.43833
0.43838
0.43844
0.4385
0.43855
0.43861
0.43867
0.43874
0.4388
0.43886
0.43893
0.43899
0.43906
0.43913
0.4392
0.43927
0.43934
0.43941
0.43949
0.43956
0.43964
0.43972
0.4398
0.43988
0.43996
0.44004
0.44013
0.44021
0.4403
0.44038
0.44047
0.44056
0.44065
0.44074
0.44084
0.44093
0.44103
0.44112
0.44122
0.44132
0.44142
0.44152
0.44162
0.44173
0.44183
0.44194
0.44204
0.44215
0.44226
0.44237
0.44248
0.44259
0.4427
0.44282
0.44293
0.44305
0.44317
0.44328
0.4434
0.44352
0.44364
0.44378
0.44393
0.44407
0.44421
0.44436
0.4445
0.44465
0.4448
0.44495
0.4451
0.44525
0.4454
0.44555
0.4457
0.44585
0.446
0.44616
0.44631
0.44647
0.44662
0.44678
0.44693
0.44709
0.44724
0.4474
0.44756
0.44772
0.44787
0.44803
0.44819
0.44835
0.44851
0.44867
0.44883
0.44899
0.44915
0.44931
0.44947
0.44962
0.44978
0.44994
0.4501
0.45026
0.45042
0.45058
0.45074
0.4509
0.45105
0.45121
0.45137
0.45153
0.45168
0.45184
0.452
0.45215
0.45231
0.45246
0.45261
0.45277
0.45292
0.45307
0.45323
0.45338
0.45353
0.45368
0.45383
0.45397
0.45412
0.45427
0.45442
0.45456
0.45471
0.45485
0.45499
0.45513
0.45527
0.45541
0.45555
0.45569
0.45583
0.45596
0.4561
0.45623
0.45637
0.4565
0.45663
0.45676
0.45689
0.45702
0.45714
0.45727
0.45739
0.45751
0.45764
0.45776
0.45788
0.45799
0.45811
0.45823
0.45834
0.45845
0.45857
0.45868
0.45879
0.45889
0.459
0.45911
0.45921
0.45931
0.45941
0.45951
0.45961
0.45971
0.45981
0.4599
0.45999
0.46009
0.46018
0.46027
0.46036
0.46039
0.46042
0.46046
0.46049
0.46052
0.46054
0.46057
0.4606
0.46062
0.46065
0.46067
0.46069
0.46072
0.46074
0.46076
0.46078
0.46079
0.46081
0.46083
0.46085
0.46086
0.46088
0.46089
0.46091
0.46092
0.46094
0.46095
0.46097
0.46098
0.46099
0.46101
0.46102
0.46104
0.46105
0.46106
0.46108
0.46109
0.46111
0.46112
0.46114
0.46115
0.46117
0.46119
0.4612
0.46122
0.46124
0.46126
0.46128
0.4613
0.46132
0.46134
0.46137
0.46139
0.46142
0.46144
0.46147
0.4615
0.46153
0.46156
0.4616
0.46163
0.46166
0.4617
0.46174
0.46178
0.46182
0.46187
0.46191
0.46196
0.46201
0.46206
0.46211
0.46216
0.46222
0.46227
0.46233
0.4624
0.46246
0.46253
0.46259
0.46266
0.46274
0.46281
0.46289
0.46297
0.46305
0.46313
0.46322
0.46331
0.4634
0.46349
0.46359
0.46369
0.46379
0.4639
0.464
0.46411
0.46422
0.46434
0.46446
0.46458
0.4647
0.46483
0.46495
0.46509
0.46522
0.46536
0.4655
0.46564
0.46579
0.46594
0.46609
0.46624
0.4664
0.46656
0.46672
0.46689
0.46706
0.46723
0.46741
0.46764
0.46787
0.4681
0.46834
0.46858
0.46882
0.46906
0.46931
0.46956
0.46982
0.47007
0.47033
0.47059
0.47086
0.47112
0.47139
0.47167
0.47194
0.47222
0.47249
0.47278
0.47306
0.47335
0.47363
0.47392
0.47422
0.47451
0.47481
0.47511
0.47541
0.47571
0.47601
0.47632
0.47662
0.47693
0.47724
0.47756
0.47787
0.47819
0.4785
0.47882
0.47914
0.47946
0.47978
0.48011
0.48043
0.48076
0.48108
0.48141
0.48174
0.48207
0.4824
0.48273
0.48306
0.48339
0.48372
0.48405
0.48439
0.48472
0.48505
0.48539
0.48572
0.48606
0.48639
0.48673
0.48706
0.48739
0.48773
0.48806
0.4884
0.48873
0.48906
0.4894
0.48973
0.49006
0.49039
0.49072
0.49105
0.49138
0.49171
0.49204
0.49237
0.49269
0.49302
0.49334
0.49366
0.49399
0.49431
0.49463
0.49494
0.49526
0.49558
0.49589
0.4962
0.49651
0.49682
0.49713
0.49744
0.49774
0.49805
0.49835
0.49865
0.49895
0.49924
0.49953
0.49983
0.50012
0.5004
0.50069
0.50097
0.50126
0.50154
0.50181
0.50209
0.50236
0.50263
0.5029
0.50317
0.50343
0.50369
0.50389
0.50408
0.50427
0.50445
0.50464
0.50482
0.505
0.50518
0.50536
0.50553
0.5057
0.50587
0.50604
0.5062
0.50637
0.50653
0.50669
0.50684
0.507
0.50715
0.50731
0.50745
0.5076
0.50775
0.50789
0.50804
0.50818
0.50832
0.50845
0.50859
0.50873
0.50886
0.50899
0.50912
0.50925
0.50938
0.50951
0.50963
0.50976
0.50988
0.51001
0.51013
0.51025
0.51037
0.51049
0.51061
0.51072
0.51084
0.51096
0.51107
0.51119
0.5113
0.51142
0.51153
0.51165
0.51176
0.51187
0.51199
0.5121
0.51221
0.51233
0.51244
0.51255
0.51267
0.51278
0.5129
0.51301
0.51312
0.51324
0.51336
0.51347
0.51359
0.51371
0.51383
0.51395
0.51407
0.51419
0.51431
0.51443
0.51456
0.51468
0.51481
0.51494
0.51507
0.5152
0.51533
0.51546
0.5156
0.51573
0.51587
0.51601
0.51615
0.5163
0.51644
0.51659
0.51674
0.51689
0.51704
0.5172
0.51735
0.51751
0.51767
0.51784
0.518
0.51817
0.51834
0.51851
0.51869
0.51887
0.51905
0.51923
0.51942
0.51961
0.5198
0.51999
0.52019
0.52039
0.52059
0.5208
0.52101
0.52125
0.52149
0.52174
0.52199
0.52224
0.5225
0.52276
0.52302
0.52329
0.52355
0.52383
0.5241
0.52438
0.52466
0.52494
0.52523
0.52552
0.52581
0.52611
0.52641
0.52671
0.52702
0.52733
0.52764
0.52795
0.52827
0.52859
0.52892
0.52924
0.52957
0.52991
0.53024
0.53058
0.53093
0.53127
0.53162
0.53197
0.53233
0.53268
0.53304
0.53341
0.53377
0.53414
0.53451
0.53489
0.53527
0.53565
0.53603
0.53642
0.5368
0.5372
0.53759
0.53799
0.53839
0.53879
0.53919
0.5396
0.54001
0.54042
0.54083
0.54125
0.54167
0.54209
0.54252
0.54294
0.54337
0.5438
0.54423
0.54467
0.54511
0.54554
0.54598
0.54643
0.54687
0.54732
0.54777
0.54822
0.54867
0.54912
0.54958
0.55004
0.5505
0.55096
0.55142
0.55188
0.55235
0.55281
0.55328
0.55375
0.55422
0.55469
0.55516
0.55563
0.55611
0.55658
0.55706
0.55754
0.55802
0.55849
0.55897
0.55945
0.55993
0.56042
0.5609
0.56138
0.56186
0.56235
0.56283
0.56331
0.5638
0.56428
0.56477
0.56525
0.56573
0.56622
0.5667
0.56719
0.56767
0.56815
0.56864
0.5691
0.56957
0.57004
0.57051
0.57097
0.57144
0.5719
0.57237
0.57283
0.57329
0.57375
0.57422
0.57468
0.57514
0.57559
0.57605
0.57651
0.57696
0.57742
0.57787
0.57832
0.57877
0.57922
0.57967
0.58011
0.58056
0.581
0.58144
0.58188
0.58232
0.58276
0.58319
0.58362
0.58406
0.58449
0.58491
0.58534
0.58576
0.58619
0.58661
0.58702
0.58744
0.58785
0.58826
0.58867
0.58908
0.58949
0.58989
0.59029
0.59069
0.59108
0.59148
0.59187
0.59225
0.59264
0.59302
0.5934
0.59378
0.59416
0.59453
0.5949
0.59526
0.59563
0.59599
0.59635
0.5967
0.59706
0.59741
0.59775
0.5981
0.59844
0.59878
0.59911
0.59944
0.59977
0.6001
0.60042
0.60074
0.60105
0.60137
0.60168
0.60198
0.60229
0.60259
0.60288
0.60318
0.60347
0.60375
0.60404
0.60432
0.60459
0.60487
0.60514
0.6054
0.60567
0.60593
0.60618
0.60643
0.60668
0.60693
0.60717
0.60741
0.60765
0.60788
0.60811
0.60833
0.60855
0.60877
0.60899
0.6092
0.6094
0.60961
0.60981
0.61001
0.6102
0.61039
0.61058
0.61076
0.61094
0.61111
0.61126
0.6114
0.61153
0.61167
0.6118
0.61192
0.61204
0.61216
0.61228
0.61239
0.6125
0.61261
0.61271
0.61281
0.61291
0.613
0.61309
0.61318
0.61327
0.61335
0.61343
0.6135
0.61358
0.61365
0.61372
0.61378
0.61384
0.6139
0.61396
0.61401
0.61407
0.61412
0.61416
0.61421
0.61425
0.61429
0.61433
0.61436
0.61439
0.61442
0.61445
0.61448
0.6145
0.61452
0.61454
0.61456
0.61458
0.61459
0.6146
0.61462
0.61462
0.61463
0.61464
0.61464
0.61464
0.61464
0.61464
0.61464
0.61463
0.61463
0.61462
0.61461
0.6146
0.61459
0.61458
0.61457
0.61455
0.61454
0.61452
0.61451
0.61449
0.61447
0.61445
0.61443
0.6144
0.61438
0.61436
0.61433
0.61431
0.61428
0.61426
0.61423
0.6142
0.61418
0.61415
0.61412
0.61409
0.61406
0.61403
0.614
0.61397
0.61394
0.61391
0.61388
0.61385
0.61382
0.61379
0.61375
0.61372
0.61369
0.61366
0.61363
0.6136
0.61357
0.61353
0.6135
0.61347
0.61344
0.61341
0.61338
0.61335
0.61332
0.61329
0.61326
0.61324
0.61321
0.61318
0.61315
0.61313
0.6131
0.6131
0.6131
0.6131
0.61311
0.61311
0.61311
0.61312
0.61312
0.61313
0.61313
0.61314
0.61314
0.61315
0.61316
0.61316
0.61317
0.61318
0.61319
0.61319
0.6132
0.61321
0.61322
0.61323
0.61324
0.61325
0.61326
0.61327
0.61328
0.61329
0.6133
0.61332
0.61333
0.61334
0.61335
0.61336
0.61337
0.61338
0.6134
0.61341
0.61342
0.61343
0.61344
0.61345
0.61346
0.61347
0.61348
0.6135
0.61351
0.61352
0.61353
0.61353
0.61354
0.61355
0.61356
0.61357
0.61358
0.61358
0.61359
0.6136
0.6136
0.61361
0.61361
0.61361
0.61362
0.61362
0.61362
0.61362
0.61362
0.61362
0.61362
0.61362
0.61361
0.61361
0.6136
0.6136
0.61359
0.61358
0.61357
0.61356
0.61355
0.61354
0.61352
0.61351
0.61349
0.61347
0.61345
0.61343
0.61341
0.61339
0.61336
0.61334
0.61331
0.61328
0.61325
0.61322
0.61319
0.61315
0.61311
0.61308
0.61304
0.61299
0.61295
0.61291
0.61286
0.61281
0.61276
0.61271
0.61265
0.6126
0.61254
0.61248
0.61242
0.61235
0.61229
0.61222
0.61215
0.61208
0.61201
0.61193
0.61185
0.61173
0.6116
0.61147
0.61134
0.6112
0.61107
0.61093
0.61079
0.61064
0.6105
0.61035
0.61021
0.61006
0.6099
0.60975
0.60959
0.60944
0.60928
0.60912
0.60895
0.60879
0.60862
0.60845
0.60828
0.60811
0.60794
0.60776
0.60759
0.60741
0.60723
0.60705
0.60686
0.60668
0.60649
0.60631
0.60612
0.60593
0.60574
0.60554
0.60535
0.60515
0.60496
0.60476
0.60456
0.60436
0.60416
0.60396
0.60375
0.60355
0.60334
0.60314
0.60293
0.60272
0.60251
0.6023
0.60209
0.60188
0.60167
0.60145
0.60124
0.60102
0.60081
0.60059
0.60038
0.60016
0.59994
0.59972
0.59951
0.59929
0.59907
0.59885
0.59863
0.59841
0.59819
0.59796
0.59774
0.59752
0.5973
0.59708
0.59686
0.59664
0.59641
0.59619
0.59597
0.59575
0.59553
0.5953
0.59508
0.59486
0.59464
0.59442
0.5942
0.59398
0.59376
0.59354
0.59332
0.5931
0.59288
0.59267
0.59245
0.59223
0.59202
0.5918
0.59159
0.59137
0.59116
0.59095
0.59073
0.59052
0.59031
0.5901
0.58989
0.58968
0.58948
0.58927
0.58906
0.58886
0.58866
0.58845
0.58825
0.58807
0.58789
0.58772
0.58754
0.58737
0.58719
0.58702
0.58685
0.58668
0.58651
0.58634
0.58617
0.58601
0.58584
0.58568
0.58551
0.58535
0.58519
0.58503
0.58487
0.58472
0.58456
0.5844
0.58425
0.5841
0.58395
0.58379
0.58364
0.5835
0.58335
0.5832
0.58306
0.58291
0.58277
0.58263
0.58249
0.58235
0.58221
0.58207
0.58193
0.5818
0.58166
0.58153
0.5814
0.58127
0.58114
0.58101
0.58088
0.58075
0.58062
0.5805
0.58038
0.58025
0.58013
0.58001
0.57989
0.57977
0.57965
0.57953
0.57942
0.5793
0.57919
0.57907
0.57896
0.57885
0.57874
0.57863
0.57852
0.57841
0.5783
0.5782
0.57809
0.57799
0.57788
0.57778
0.57768
0.57758
0.57748
0.57738
0.57728
0.57718
0.57708
0.57699
0.57689
0.57679
0.5767
0.57661
0.57651
0.57642
0.57633
0.57624
0.57615
0.57606
0.57597
0.57588
0.57579
0.57571
0.57562
0.57553
0.57545
0.57536
0.57528
0.5752
0.57511
0.57503
0.57495
0.57487
0.57479
0.57471
0.57463
0.57455
0.57447
0.57439
0.57432
0.57424
0.57417
0.57409
0.57401
0.57394
0.57387
0.57377
0.57367
0.57357
0.57347
0.57338
0.57328
0.57318
0.57309
0.57299
0.5729
0.57281
0.57271
0.57262
0.57253
0.57244
0.57235
0.57226
0.57218
0.57209
0.572
0.57192
0.57183
0.57175
0.57166
0.57158
0.5715
0.57142
0.57134
0.57126
0.57119
0.57111
0.57103
0.57096
0.57089
0.57082
0.57074
0.57067
0.57061
0.57054
0.57047
0.57041
0.57034
0.57028
0.57022
0.57016
0.5701
0.57004
0.56999
0.56993
0.56988
0.56983
0.56978
0.56973
0.56968
0.56964
0.56959
0.56955
0.56951
0.56947
0.56943
0.5694
0.56936
0.56933
0.5693
0.56927
0.56924
0.56922
0.56919
0.56917
0.56915
0.56913
0.56912
0.5691
0.56909
0.56908
0.56907
0.56906
0.56906
0.56906
0.56906
0.56906
0.56906
0.56907
0.56908
0.56909
0.5691
0.56911
0.56913
0.56915
0.56917
0.56919
0.56922
0.56925
0.56928
0.56931
0.56935
0.56938
0.56942
0.56947
0.56951
0.56956
0.56961
0.56966
0.56972
0.56977
0.56983
0.5699
0.56996
0.57003
0.5701
0.57017
0.57025
0.57033
0.57041
0.57049
0.57058
0.57067
0.57076
0.57086
0.57095
0.57104
0.57113
0.57123
0.57133
0.57143
0.57153
0.57164
0.57175
0.57186
0.57197
0.57209
0.57221
0.57234
0.57246
0.57259
0.57272
0.57286
0.573
0.57314
0.57329
0.57343
0.57358
0.57374
0.5739
0.57406
0.57422
0.57438
0.57455
0.57473
0.5749
0.57508
0.57526
0.57545
0.57564
0.57583
0.57602
0.57622
0.57642
0.57663
0.57683
0.57704
0.57726
0.57748
0.5777
0.57792
0.57814
0.57837
0.57861
0.57884
0.57908
0.57932
0.57957
0.57982
0.58007
0.58032
0.58058
0.58084
0.58111
0.58137
0.58164
0.58192
0.58219
0.58247
0.58276
0.58304
0.58333
0.58362
0.58391
0.58421
0.58451
0.58482
0.58512
0.58543
0.58574
0.58606
0.58637
0.58669
0.58702
0.58734
0.58767
0.588
0.58834
0.58867
0.58901
0.58935
0.5897
0.59005
0.59039
0.59075
0.5911
0.59146
0.59182
0.59218
0.59254
0.59291
0.59328
0.59365
0.59402
0.5944
0.59477
0.59515
0.59554
0.59592
0.5963
0.59669
0.59708
0.59747
0.59787
0.59826
0.59866
0.59906
0.59946
0.59986
0.60026
0.60067
0.60107
0.60148
0.60189
0.6023
0.60271
0.60314
0.60356
0.60399
0.60442
0.60485
0.60528
0.60571
0.60614
0.60657
0.607
0.60744
0.60787
0.60831
0.60874
0.60918
0.60962
0.61005
0.61049
0.61093
0.61137
0.61181
0.61225
0.61268
0.61312
0.61356
0.614
0.61444
0.61487
0.61531
0.61575
0.61618
0.61662
0.61706
0.61749
0.61792
0.61836
0.61879
0.61922
0.61965
0.62008
0.62051
0.62094
0.62136
0.62179
0.62221
0.62263
0.62305
0.62347
0.62389
0.62431
0.62472
0.62513
0.62555
0.62595
0.62636
0.62677
0.62717
0.62757
0.62797
0.62836
0.62876
0.62915
0.62954
0.62993
0.63031
0.63069
0.63107
0.63145
0.63182
0.63219
0.63256
0.63292
0.63329
0.63365
0.634
0.63435
0.6347
0.63505
0.63539
0.63573
0.63607
0.6364
0.63673
0.63706
0.63738
0.6377
0.63801
0.63832
0.63863
0.63893
0.63923
0.63953
0.63982
0.64011
0.64039
0.64067
0.64095
0.64122
0.64149
0.64175
0.64201
0.64226
0.64251
0.64276
0.643
0.64324
0.64347
0.64369
0.64392
0.64414
0.64435
0.64456
0.64476
0.64496
0.64516
0.64535
0.64553
0.64572
0.64589
0.64606
0.64619
0.64632
0.64644
0.64655
0.64666
0.64677
0.64687
0.64696
0.64705
0.64714
0.64722
0.6473
0.64737
0.64744
0.6475
0.64755
0.64761
0.64766
0.6477
0.64774
0.64777
0.6478
0.64783
0.64785
0.64786
0.64787
0.64788
0.64788
0.64788
0.64787
0.64786
0.64785
0.64783
0.6478
0.64777
0.64774
0.6477
0.64766
0.64762
0.64757
0.64751
0.64746
0.64739
0.64733
0.64726
0.64719
0.64711
0.64703
0.64694
0.64685
0.64676
0.64666
0.64657
0.64646
0.64635
0.64624
0.64613
0.64601
0.64589
0.64577
0.64564
0.64551
0.64538
0.64524
0.6451
0.64495
0.64481
0.64466
0.64451
0.64435
0.64419
0.64403
0.64387
0.6437
0.64353
0.64336
0.64319
0.64301
0.64283
0.64265
0.64247
0.64228
0.64209
0.6419
0.64171
0.64151
0.64132
0.64112
0.64092
0.64071
0.64051
0.6403
0.64009
0.63989
0.63967
0.63946
0.63925
0.63903
0.63881
0.63859
0.63837
0.63815
0.63793
0.6377
0.63748
0.63725
0.63702
0.6368
0.63657
0.63634
0.6361
0.63587
0.63564
0.63541
0.63517
0.63494
0.6347
0.63447
0.63423
0.63399
0.63377
0.63354
0.63332
0.6331
0.63287
0.63264
0.63242
0.63219
0.63197
0.63174
0.63152
0.63129
0.63106
0.63084
0.63061
0.63039
0.63016
0.62994
0.62971
0.62949
0.62926
0.62904
0.62882
0.62859
0.62837
0.62815
0.62793
0.62771
0.62749
0.62727
0.62705
0.62683
0.62661
0.62639
0.62618
0.62596
0.62575
0.62553
0.62532
0.6251
0.62489
0.62468
0.62447
0.62426
0.62405
0.62385
0.62364
0.62344
0.62323
0.62303
0.62283
0.62263
0.62243
0.62223
0.62203
0.62183
0.62164
0.62144
0.62125
0.62106
0.62087
0.62068
0.62049
0.6203
0.62012
0.61993
0.61975
0.61957
0.61939
0.61921
0.61903
0.61885
0.61868
0.6185
0.61833
0.61816
0.61799
0.61782
0.61765
0.61749
0.61732
0.61716
0.617
0.61684
0.61668
0.61652
0.61637
0.61621
0.61606
0.61591
0.61576
0.61561
0.61546
0.61532
0.61517
0.61503
0.61489
0.61474
0.61461
0.61447
0.61433
0.6142
0.61406
0.61393
0.6138
0.61367
0.61354
0.61342
0.61329
0.61317
0.61304
0.61292
0.6128
0.61268
0.61257
0.61245
0.61234
0.61222
0.61211
0.612
0.61187
0.61174
0.61162
0.61149
0.61137
0.61124
0.61112
0.611
0.61088
0.61077
0.61065
0.61054
0.61042
0.61031
0.6102
0.61009
0.60998
0.60987
0.60977
0.60966
0.60956
0.60946
0.60935
0.60925
0.60916
0.60906
0.60896
0.60887
0.60877
0.60868
0.60859
0.6085
0.60841
0.60832
0.60824
0.60815
0.60807
0.60798
0.6079
0.60782
0.60774
0.60766
0.60759
0.60751
0.60744
0.60736
0.60729
0.60722
0.60715
0.60708
0.60701
0.60694
0.60687
0.60681
0.60674
0.60668
0.60662
0.60656
0.6065
0.60644
0.60638
0.60632
0.60626
0.60621
0.60615
0.6061
0.60605
0.60599
0.60594
0.60589
0.60584
0.60579
0.60575
0.6057
0.60565
0.60561
0.60556
0.60552
0.60547
0.60543
0.60539
0.60535
0.60531
0.60527
0.60523
0.60519
0.60515
0.60511
0.60507
0.60504
0.605
0.60497
0.60493
0.6049
0.60486
0.60483
0.6048
0.60476
0.60473
0.6047
0.60467
0.60464
0.60461
0.60457
0.60454
0.60451
0.60448
0.60446
0.60443
0.6044
0.60437
0.60434
0.60431
0.60428
0.60426
0.60423
0.6042
0.60417
0.60414
0.60412
0.60409
0.60405
0.60402
0.60399
0.60396
0.60393
0.60389
0.60386
0.60383
0.6038
0.60376
0.60373
0.6037
0.60367
0.60363
0.6036
0.60357
0.60353
0.6035
0.60346
0.60343
0.6034
0.60336
0.60333
0.60329
0.60325
0.60322
0.60318
0.60315
0.60311
0.60307
0.60303
0.60299
0.60296
0.60292
0.60288
0.60284
0.6028
0.60275
0.60271
0.60267
0.60263
0.60259
0.60254
0.6025
0.60245
0.60241
0.60236
0.60231
0.60227
0.60222
0.60217
0.60212
0.60207
0.60202
0.60197
0.60192
0.60187
0.60181
0.60176
0.6017
0.60165
0.60159
0.60153
0.60147
0.60142
0.60136
0.6013
0.60123
0.60117
0.60111
0.60105
0.60098
0.60092
0.60085
0.60078
0.60071
0.60064
0.60057
0.6005
0.60043
0.60036
0.60028
0.60021
0.60013
0.60006
0.59998
0.5999
0.59982
0.59974
0.59966
0.59957
0.59949
0.59941
0.59932
0.59923
0.59914
0.59906
0.59897
0.59887
0.59878
0.59869
0.59859
0.5985
0.5984
0.59831
0.59821
0.59811
0.59801
0.5979
0.5978
0.5977
0.59759
0.59748
0.59738
0.59727
0.59716
0.59705
0.59694
0.59682
0.5967
0.59657
0.59644
0.59631
0.59618
0.59605
0.59592
0.59578
0.59565
0.59551
0.59537
0.59523
0.5951
0.59496
0.59481
0.59467
0.59453
0.59438
0.59424
0.59409
0.59395
0.5938
0.59365
0.5935
0.59335
0.5932
0.59304
0.59289
0.59273
0.59258
0.59242
0.59227
0.59211
0.59195
0.59179
0.59163
0.59147
0.59131
0.59114
0.59098
0.59082
0.59065
0.59049
0.59032
0.59015
0.58998
0.58982
0.58965
0.58948
0.58931
0.58914
0.58896
0.58879
0.58862
0.58844
0.58827
0.5881
0.58792
0.58775
0.58757
0.58739
0.58722
0.58704
0.58686
0.58668
0.5865
0.58632
0.58614
0.58596
0.58578
0.5856
0.58542
0.58524
0.58505
0.58487
0.58469
0.5845
0.58432
0.58414
0.58395
0.58377
0.58358
0.5834
0.58321
0.58303
0.58284
0.58266
0.58247
0.58228
0.5821
0.58191
0.58172
0.58154
0.58135
0.58116
0.58097
0.58079
0.5806
0.58041
0.58022
0.58003
0.57985
0.57966
0.57947
0.57928
0.57909
0.57891
0.57872
0.57853
0.57834
0.57815
0.57796
0.57778
0.57759
0.5774
0.57721
0.57702
0.57684
0.57665
0.57646
0.57627
0.57607
0.57588
0.57569
0.5755
0.57531
0.57512
0.57492
0.57473
0.57454
0.57435
0.57416
0.57397
0.57378
0.57359
0.5734
0.57321
0.57302
0.57283
0.57264
0.57245
0.57226
0.57208
0.57189
0.5717
0.57151
0.57132
0.57114
0.57095
0.57076
0.57058
0.57039
0.57021
0.57002
0.56983
0.56965
0.56946
0.56928
0.5691
0.56891
0.56873
0.56855
0.56836
0.56818
0.568
0.56782
0.56764
0.56745
0.56727
0.56709
0.56691
0.56673
0.56655
0.56637
0.56619
0.56602
0.56584
0.56566
0.56548
0.5653
0.56513
0.56495
0.56477
0.5646
0.56442
0.56425
0.56407
0.5639
0.56372
0.56355
0.56337
0.5632
0.56303
0.56285
0.56268
0.56251
0.56234
0.56216
0.56199
0.56182
0.56165
0.56148
0.56131
0.56114
0.56097
0.5608
0.56063
0.56046
0.56029
0.56012
0.55995
0.55978
0.55961
0.55944
0.55928
0.55911
0.55894
0.55877
0.55861
0.55844
0.55827
0.5581
0.55794
0.55777
0.5576
0.55744
0.55727
0.55711
0.55694
0.55677
0.55661
0.55644
0.55628
0.55611
0.55594
0.55578
0.55561
0.55545
0.55528
0.55512
0.55494
0.55477
0.55459
0.55442
0.55425
0.55407
0.5539
0.55372
0.55355
0.55338
0.5532
0.55303
0.55285
0.55268
0.5525
0.55233
0.55216
0.55198
0.55181
0.55163
0.55146
0.55128
0.55111
0.55094
0.55076
0.55059
0.55041
0.55024
0.55006
0.54989
0.54971
0.54954
0.54936
0.54919
0.54901
0.54884
0.54866
0.54849
0.54831
0.54814
0.54796
0.54779
0.54761
0.54744
0.54726
0.54709
0.54691
0.54673
0.54656
0.54638
0.5462
0.54603
0.54585
0.54568
0.5455
0.54532
0.54515
0.54497
0.54479
0.54461
0.54444
0.54426
0.54408
0.5439
0.54373
0.54355
0.54337
0.54319
0.54301
0.54284
0.54266
0.54248
0.5423
0.54212
0.54194
0.54176
0.54158
0.54141
0.54123
0.54105
0.54087
0.54069
0.54051
0.54033
0.54015
0.53997
0.53979
0.53961
0.53942
0.53924
0.53906
0.53888
0.5387
0.53852
0.53834
0.53816
0.53798
0.53779
0.53761
0.53743
0.53725
0.53707
0.53688
0.5367
0.53652
0.53634
0.53615
0.53597
0.53579
0.53561
0.53542
0.53524
0.53506
0.53487
0.53469
0.53451
0.53432
0.53414
0.53396
