0.44656
0.44645
0.44634
0.44623
0.44612
0.44602
0.44591
0.4458
0.44569
0.44558
0.44548
0.44537
0.44526
0.44515
0.44504
0.44494
0.44483
0.44472
0.44461
0.4445
0.4444
0.44429
0.44418
0.44407
0.44396
0.44386
0.44375
0.44364
0.44353
0.44342
0.44332
0.44321
0.4431
0.44299
0.44289
0.44278
0.44267
0.44256
0.44245
0.44235
0.44224
0.44213
0.44202
0.44192
0.44181
0.4417
0.44159
0.44148
0.44138
0.44127
0.44116
0.44105
0.44095
0.44084
0.44073
0.44062
0.44051
0.44041
0.4403
0.44019
0.44008
0.43997
0.43987
0.43976
0.43965
0.43954
0.43943
0.43933
0.43922
0.43911
0.439
0.43889
0.43879
0.43868
0.43857
0.43846
0.43835
0.43824
0.43814
0.43803
0.43792
0.43781
0.4377
0.43759
0.43749
0.43738
0.43727
0.43716
0.43705
0.43694
0.43683
0.43673
0.43662
0.43651
0.4364
0.43629
0.43618
0.43607
0.43596
0.43585
0.43574
0.43564
0.43553
0.43542
0.43531
0.4352
0.43509
0.43498
0.43487
0.43476
0.43465
0.43454
0.43443
0.43432
0.43421
0.4341
0.43399
0.43388
0.43377
0.43366
0.43355
0.43344
0.43332
0.43321
0.43309
0.43298
0.43286
0.43275
0.43263
0.43252
0.4324
0.43229
0.43217
0.43206
0.43194
0.43183
0.43171
0.4316
0.43148
0.43137
0.43125
0.43114
0.43102
0.4309
0.43079
0.43067
0.43056
0.43044
0.43033
0.43021
0.4301
0.42998
0.42987
0.42975
0.42964
0.42953
0.42941
0.4293
0.42918
0.42907
0.42895
0.42884
0.42872
0.42861
0.4285
0.42838
0.42827
0.42816
0.42804
0.42793
0.42782
0.4277
0.42759
0.42748
0.42736
0.42725
0.42714
0.42703
0.42691
0.4268
0.42669
0.42658
0.42647
0.42636
0.42624
0.42613
0.42602
0.42591
0.4258
0.42569
0.42558
0.42547
0.42536
0.42525
0.42515
0.42504
0.42493
0.42482
0.42471
0.42461
0.4245
0.42439
0.42428
0.42418
0.42407
0.42397
0.42386
0.42376
0.42365
0.42355
0.42344
0.42334
0.42323
0.42313
0.42303
0.42293
0.42282
0.42272
0.42262
0.42252
0.42242
0.42232
0.42222
0.42212
0.42202
0.42192
0.42183
0.42173
0.42163
0.42153
0.42144
0.42134
0.42125
0.42115
0.42106
0.42097
0.42087
0.42078
0.42069
0.4206
0.4205
0.4204
0.4203
0.42019
0.42009
0.41999
0.41988
0.41978
0.41968
0.41958
0.41948
0.41938
0.41929
0.41919
0.41909
0.419
0.4189
0.41881
0.41871
0.41862
0.41853
0.41844
0.41835
0.41826
0.41817
0.41809
0.418
0.41791
0.41783
0.41775
0.41766
0.41758
0.4175
0.41742
0.41734
0.41727
0.41719
0.41712
0.41704
0.41697
0.4169
0.41683
0.41676
0.41669
0.41662
0.41656
0.41649
0.41643
0.41637
0.41631
0.41625
0.41619
0.41613
0.41608
0.41602
0.41597
0.41592
0.41587
0.41582
0.41577
0.41572
0.41568
0.41563
0.41559
0.41555
0.41551
0.41548
0.41544
0.4154
0.41537
0.41534
0.41531
0.41528
0.41525
0.41523
0.4152
0.41518
0.41516
0.41514
0.41512
0.4151
0.41509
0.41507
0.41506
0.41505
0.41504
0.41503
0.41503
0.41502
0.41502
0.41502
0.41502
0.41502
0.41503
0.41503
0.41504
0.41505
0.41506
0.41507
0.41508
0.4151
0.41511
0.41513
0.41515
0.41517
0.41519
0.41522
0.41524
0.41527
0.4153
0.41533
0.41536
0.4154
0.41543
0.41547
0.41551
0.41555
0.41559
0.41563
0.41568
0.41572
0.41577
0.41583
0.41588
0.41594
0.41599
0.41605
0.41611
0.41617
0.41623
0.4163
0.41636
0.41643
0.4165
0.41657
0.41664
0.41671
0.41679
0.41686
0.41694
0.41702
0.4171
0.41718
0.41726
0.41734
0.41743
0.41751
0.4176
0.41769
0.41778
0.41787
0.41796
0.41805
0.41815
0.41824
0.41834
0.41844
0.41854
0.41864
0.41874
0.41884
0.41894
0.41905
0.41915
0.41926
0.41936
0.41947
0.41958
0.41969
0.4198
0.41991
0.42003
0.42014
0.42025
0.42037
0.42048
0.4206
0.42072
0.42084
0.42095
0.42107
0.42119
0.42131
0.42144
0.42156
0.42168
0.4218
0.42193
0.42205
0.42218
0.4223
0.42243
0.42255
0.42268
0.42281
0.42294
0.42306
0.42319
0.42332
0.42345
0.42358
0.42371
0.42384
0.42397
0.4241
0.42423
0.42436
0.42449
0.42462
0.42475
0.42489
0.42502
0.42515
0.42528
0.42541
0.42554
0.42568
0.42581
0.42594
0.42607
0.4262
0.42634
0.42647
0.4266
0.42673
0.42686
0.42699
0.42712
0.42725
0.42739
0.42752
0.42765
0.42778
0.42791
0.42803
0.42816
0.42829
0.42842
0.42855
0.42868
0.4288
0.42891
0.42902
0.42912
0.42923
0.42933
0.42944
0.42954
0.42965
0.42975
0.42985
0.42995
0.43006
0.43016
0.43026
0.43036
0.43046
0.43056
0.43066
0.43076
0.43086
0.43096
0.43106
0.43116
0.43126
0.43135
0.43145
0.43155
0.43164
0.43174
0.43184
0.43193
0.43203
0.43212
0.43222
0.43231
0.43241
0.4325
0.43259
0.43269
0.43278
0.43287
0.43297
0.43306
0.43315
0.43324
0.43333
0.43342
0.43352
0.43361
0.4337
0.43379
0.43388
0.43397
0.43406
0.43415
0.43424
0.43433
0.43442
0.43451
0.4346
0.43469
0.43477
0.43486
0.43495
0.43504
0.43513
0.43522
0.43531
0.43539
0.43548
0.43557
0.43566
0.43575
0.43584
0.43593
0.43601
0.4361
0.43619
0.43628
0.43637
0.43646
0.43655
0.43663
0.43672
0.43681
0.4369
0.43699
0.43708
0.43717
0.43726
0.43735
0.43744
0.43753
0.43762
0.43771
0.4378
0.43789
0.43798
0.43807
0.43816
0.43826
0.43835
0.43844
0.43853
0.43862
0.43872
0.43881
0.4389
0.439
0.43909
0.43919
0.43928
0.43938
0.43947
0.43957
0.43966
0.43976
0.43986
0.43995
0.44005
0.44016
0.44026
0.44036
0.44047
0.44058
0.44068
0.44079
0.4409
0.441
0.44111
0.44122
0.44133
0.44144
0.44154
0.44165
0.44176
0.44188
0.44199
0.4421
0.44221
0.44232
0.44243
0.44255
0.44266
0.44277
0.44289
0.443
0.44312
0.44323
0.44335
0.44347
0.44358
0.4437
0.44382
0.44394
0.44405
0.44417
0.44429
0.44441
0.44453
0.44465
0.44477
0.44489
0.44502
0.44514
0.44526
0.44538
0.44551
0.44563
0.44575
0.44588
0.446
0.44613
0.44626
0.44638
0.44651
0.44664
0.44676
0.44689
0.44702
0.44715
0.44728
0.44741
0.44753
0.44767
0.4478
0.44793
0.44806
0.44819
0.44832
0.44845
0.44859
0.44872
0.44885
0.44899
0.44912
0.44926
0.44939
0.44953
0.44966
0.4498
0.44993
0.45007
0.45021
0.45035
0.45048
0.45062
0.45076
0.4509
0.45104
0.45118
0.45132
0.45146
0.4516
0.45174
0.45188
0.45202
0.45216
0.45231
0.45245
0.45259
0.45273
0.45288
0.45302
0.45317
0.45331
0.45346
0.4536
0.45375
0.45389
0.45404
0.45419
0.45433
0.45448
0.45463
0.45478
0.45492
0.45507
0.45522
0.45537
0.4555
0.45562
0.45575
0.45587
0.456
0.45613
0.45625
0.45638
0.45651
0.45664
0.45677
0.45689
0.45702
0.45716
0.45729
0.45742
0.45755
0.45768
0.45782
0.45795
0.45809
0.45822
0.45836
0.4585
0.45863
0.45877
0.45891
0.45905
0.45919
0.45933
0.45948
0.45962
0.45976
0.45991
0.46006
0.4602
0.46035
0.4605
0.46065
0.4608
0.46095
0.46111
0.46126
0.46141
0.46157
0.46173
0.46189
0.46204
0.4622
0.46237
0.46253
0.46269
0.46286
0.46302
0.46319
0.46336
0.46353
0.4637
0.46387
0.46405
0.46422
0.4644
0.46458
0.46475
0.46493
0.46512
0.4653
0.46548
0.46567
0.46585
0.46604
0.46623
0.46642
0.46661
0.46681
0.467
0.4672
0.4674
0.4676
0.4678
0.468
0.4682
0.46841
0.46862
0.46882
0.46903
0.46924
0.46946
0.46967
0.46989
0.4701
0.47032
0.47054
0.47076
0.47098
0.47121
0.47143
0.47166
0.47189
0.47212
0.47235
0.47259
0.47282
0.47306
0.47329
0.47353
0.47377
0.47402
0.47426
0.4745
0.47475
0.475
0.47525
0.4755
0.47575
0.476
0.47626
0.47651
0.47677
0.47703
0.4773
0.47758
0.47786
0.47814
0.47842
0.4787
0.47898
0.47927
0.47955
0.47984
0.48013
0.48042
0.48071
0.481
0.48129
0.48158
0.48188
0.48217
0.48247
0.48276
0.48306
0.48336
0.48366
0.48396
0.48426
0.48456
0.48487
0.48517
0.48547
0.48578
0.48608
0.48639
0.4867
0.487
0.48731
0.48762
0.48793
0.48824
0.48855
0.48886
0.48917
0.48948
0.48979
0.4901
0.49041
0.49072
0.49103
0.49134
0.49165
0.49197
0.49228
0.49259
0.4929
0.49321
0.49352
0.49384
0.49415
0.49446
0.49477
0.49508
0.49539
0.4957
0.49601
0.49632
0.49663
0.49693
0.49724
0.49755
0.49786
0.49816
0.49847
0.49877
0.49908
0.49938
0.49968
0.49999
0.50029
0.50059
0.50089
0.50119
0.50148
0.50178
0.50208
0.50237
0.50267
0.50296
0.50325
0.50354
0.50383
0.50412
0.50441
0.50469
0.50498
0.50526
0.50554
0.50583
0.50611
0.50638
0.50666
0.50694
0.50721
0.50748
0.50775
0.50802
0.50829
0.50856
0.50882
0.50909
0.50935
0.50961
0.50987
0.51012
0.51038
0.51063
0.51088
0.51113
0.51138
0.51163
0.51187
0.51212
0.51232
0.51253
0.51273
0.51293
0.51313
0.51333
0.51353
0.51372
0.51392
0.51411
0.5143
0.51449
0.51467
0.51486
0.51504
0.51522
0.5154
0.51558
0.51575
0.51593
0.5161
0.51627
0.51644
0.51661
0.51677
0.51694
0.5171
0.51726
0.51742
0.51758
0.51774
0.51789
0.51804
0.5182
0.51835
0.5185
0.51864
0.51879
0.51894
0.51908
0.51922
0.51936
0.5195
0.51964
0.51978
0.51992
0.52005
0.52019
0.52032
0.52045
0.52058
0.52071
0.52084
0.52097
0.52109
0.52122
0.52134
0.52146
0.52159
0.52171
0.52183
0.52195
0.52207
0.52218
0.5223
0.52242
0.52253
0.52265
0.52276
0.52287
0.52299
0.5231
0.52321
0.52332
0.52343
0.52354
0.52365
0.52375
0.52386
0.52397
0.52408
0.52418
0.52429
0.52439
0.5245
0.5246
0.52471
0.52481
0.52491
0.52502
0.52512
0.52522
0.52532
0.52543
0.52553
0.52563
0.52573
0.52583
0.52593
0.52603
0.52613
0.52624
0.52634
0.52644
0.52654
0.52664
0.52674
0.52684
0.52694
0.52704
0.52714
0.52724
0.52734
0.52744
0.52755
0.52765
0.52775
0.52785
0.52795
0.52805
0.52817
0.52829
0.52842
0.52854
0.52866
0.52878
0.5289
0.52902
0.52914
0.52927
0.52939
0.52951
0.52963
0.52975
0.52988
0.53
0.53012
0.53025
0.53037
0.53049
0.53062
0.53074
0.53086
0.53099
0.53111
0.53124
0.53136
0.53148
0.53161
0.53173
0.53186
0.53198
0.5321
0.53223
0.53235
0.53248
0.5326
0.53273
0.53285
0.53297
0.5331
0.53322
0.53334
0.53347
0.53359
0.53372
0.53384
0.53396
0.53408
0.53421
0.53433
0.53445
0.53457
0.53469
0.53482
0.53494
0.53506
0.53518
0.5353
0.53542
0.53554
0.53566
0.53578
0.53589
0.53601
0.53613
0.53625
0.53636
0.53648
0.5366
0.53671
0.53683
0.53694
0.53705
0.53717
0.53728
0.53739
0.5375
0.53761
0.53772
0.53783
0.53794
0.53805
0.53815
0.53826
0.53836
0.53847
0.53857
0.53867
0.53878
0.53888
0.53898
0.53908
0.53918
0.53927
0.53937
0.53947
0.53956
0.53966
0.53975
0.53984
0.53993
0.54002
0.54011
0.5402
0.54028
0.54037
0.54045
0.54054
0.54062
0.5407
0.54078
0.54086
0.54094
0.54101
0.54109
0.54116
0.54124
0.54131
0.54138
0.54142
0.54146
0.5415
0.54154
0.54157
0.54161
0.54164
0.54167
0.54171
0.54174
0.54177
0.54179
0.54182
0.54185
0.54187
0.54189
0.54192
0.54194
0.54196
0.54198
0.54199
0.54201
0.54203
0.54204
0.54205
0.54207
0.54208
0.54209
0.5421
0.54211
0.54211
0.54212
0.54212
0.54213
0.54213
0.54214
0.54214
0.54214
0.54214
0.54214
0.54214
0.54213
0.54213
0.54213
0.54212
0.54211
0.54211
0.5421
0.54209
0.54208
0.54207
0.54206
0.54205
0.54204
0.54203
0.54202
0.542
0.54199
0.54197
0.54196
0.54194
0.54193
0.54191
0.54189
0.54187
0.54186
0.54184
0.54182
0.5418
0.54178
0.54176
0.54174
0.54171
0.54169
0.54167
0.54165
0.54162
0.5416
0.54158
0.54155
0.54153
0.54151
0.54148
0.54146
0.54143
0.54141
0.54138
0.54135
0.54133
0.5413
0.54128
0.54125
0.54122
0.5412
0.54117
0.54114
0.54112
0.54109
0.54106
0.54104
0.54101
0.54098
0.54096
0.54093
0.5409
0.54088
0.54085
0.54082
0.5408
0.54077
0.54074
0.54072
0.54069
0.54067
0.54064
0.54062
0.54059
0.54056
0.54054
0.54051
0.54049
0.54047
0.54046
0.54044
0.54042
0.5404
0.54038
0.54036
0.54034
0.54032
0.54031
0.54029
0.54027
0.54026
0.54024
0.54022
0.54021
0.54019
0.54017
0.54016
0.54014
0.54013
0.54011
0.5401
0.54008
0.54007
0.54005
0.54004
0.54003
0.54001
0.54
0.53999
0.53998
0.53996
0.53995
0.53994
0.53993
0.53992
0.5399
0.53989
0.53988
0.53987
0.53986
0.53985
0.53984
0.53983
0.53982
0.53981
0.5398
0.53979
0.53978
0.53977
0.53977
0.53976
0.53975
0.53974
0.53973
0.53972
0.53972
0.53971
0.5397
0.53969
0.53968
0.53968
0.53967
0.53966
0.53965
0.53965
0.53964
0.53963
0.53962
0.53962
0.53961
0.5396
0.5396
0.53959
0.53958
0.53957
0.53957
0.53956
0.53955
0.53954
0.53953
0.53953
0.53952
0.53951
0.5395
0.53949
0.53948
0.53947
0.53947
0.53946
0.53945
0.53944
0.53943
0.53942
0.53941
0.5394
0.53938
0.53937
0.53936
0.53935
0.53934
0.53932
0.53931
0.5393
0.53928
0.53927
0.53926
0.53924
0.53923
0.53921
0.53919
0.53918
0.53916
0.53914
0.53913
0.53911
0.53909
0.53907
0.53903
0.539
0.53896
0.53892
0.53889
0.53885
0.53881
0.53877
0.53873
0.53869
0.53865
0.53861
0.53856
0.53852
0.53848
0.53843
0.53839
0.53835
0.5383
0.53825
0.53821
0.53816
0.53811
0.53807
0.53802
0.53797
0.53792
0.53787
0.53782
0.53777
0.53772
0.53766
0.53761
0.53756
0.5375
0.53745
0.53739
0.53734
0.53728
0.53723
0.53717
0.53711
0.53705
0.537
0.53694
0.53688
0.53682
0.53676
0.5367
0.53663
0.53657
0.53651
0.53645
0.53638
0.53632
0.53625
0.53619
0.53612
0.53606
0.53599
0.53592
0.53585
0.53579
0.53572
0.53565
0.53558
0.53551
0.53544
0.53537
0.53529
0.53522
0.53515
0.53508
0.535
0.53493
0.53485
0.53478
0.5347
0.53463
0.53455
0.53447
0.5344
0.53432
0.53424
0.53416
0.53408
0.534
0.53392
0.53384
0.53376
0.53368
0.5336
0.53351
0.53343
0.53335
0.53326
0.53318
0.53309
0.53301
0.53292
0.53284
0.53275
0.53267
0.53258
0.53249
0.5324
0.53231
0.53223
0.53214
0.53205
0.53196
0.53187
0.53178
0.53168
0.53159
0.5315
0.53141
0.53132
0.53122
0.53113
0.53103
0.53094
0.53084
0.53074
0.53064
0.53054
0.53044
0.53035
0.53025
0.53015
0.53005
0.52995
0.52984
0.52974
0.52964
0.52954
0.52944
0.52934
0.52923
0.52913
0.52903
0.52892
0.52882
0.52872
0.52861
0.52851
0.5284
0.5283
0.5282
0.52809
0.52799
0.52788
0.52777
0.52767
0.52756
0.52746
0.52735
0.52724
0.52714
0.52703
0.52692
0.52682
0.52671
0.5266
0.5265
0.52639
0.52628
0.52617
0.52607
0.52596
0.52585
0.52574
0.52564
0.52553
0.52542
0.52531
0.5252
0.5251
0.52499
0.52488
0.52477
0.52466
0.52456
0.52445
0.52434
0.52423
0.52413
0.52402
0.52391
0.5238
0.5237
0.52359
0.52348
0.52337
0.52327
0.52316
0.52305
0.52295
0.52284
0.52274
0.52263
0.52252
0.52242
0.52231
0.52221
0.5221
0.522
0.52189
0.52179
0.52168
0.52158
0.52148
0.52137
0.52127
0.52117
0.52107
0.52096
0.52086
0.52076
0.52066
0.52056
0.52046
0.52036
0.52026
0.52016
0.52006
0.51996
0.51986
0.51977
0.51967
0.51957
0.51948
0.51938
0.51928
0.51919
0.5191
0.519
0.51891
0.51882
0.51872
0.51862
0.51852
0.51842
0.51832
0.51822
0.51812
0.51802
0.51792
0.51783
0.51773
0.51764
0.51754
0.51745
0.51735
0.51726
0.51717
0.51708
0.51699
0.5169
0.51681
0.51673
0.51664
0.51655
0.51647
0.51639
0.5163
0.51622
0.51614
0.51606
0.51598
0.51591
0.51583
0.51575
0.51568
0.51561
0.51554
0.51546
0.5154
0.51533
0.51526
0.51519
0.51513
0.51507
0.515
0.51494
0.51488
0.51483
0.51477
0.51472
0.51466
0.51461
0.51456
0.51451
0.51446
0.51441
0.51437
0.51432
0.51428
0.51424
0.5142
0.51417
0.51413
0.5141
0.51406
0.51403
0.514
0.51397
0.51395
0.51392
0.5139
0.51388
0.51386
0.51384
0.51383
0.51381
0.5138
0.51379
0.51378
0.51378
0.51377
0.51377
0.51377
0.51377
0.51377
0.51377
0.51378
0.51379
0.5138
0.51381
0.51382
0.51384
0.51386
0.51388
0.5139
0.51392
0.51395
0.51398
0.51401
0.51404
0.51408
0.51411
0.51415
0.51419
0.51423
0.51428
0.51433
0.51437
0.51443
0.51448
0.51453
0.51459
0.51465
0.51471
0.51478
0.51484
0.51491
0.51498
0.51505
0.51513
0.51521
0.51527
0.51534
0.51541
0.51549
0.51556
0.51564
0.51572
0.5158
0.51589
0.51597
0.51606
0.51616
0.51625
0.51635
0.51645
0.51655
0.51665
0.51676
0.51686
0.51698
0.51709
0.5172
0.51732
0.51744
0.51757
0.51769
0.51782
0.51795
0.51808
0.51822
0.51836
0.5185
0.51864
0.51878
0.51893
0.51908
0.51923
0.51939
0.51955
0.51971
0.51987
0.52004
0.5202
0.52037
0.52055
0.52072
0.5209
0.52108
0.52126
0.52145
0.52164
0.52183
0.52202
0.52221
0.52241
0.52261
0.52281
0.52302
0.52323
0.52344
0.52365
0.52386
0.52408
0.5243
0.52452
0.52475
0.52497
0.5252
0.52544
0.52567
0.52591
0.52614
0.52639
0.52663
0.52687
0.52712
0.52737
0.52763
0.52788
0.52814
0.5284
0.52866
0.52892
0.52919
0.52945
0.52972
0.53
0.53027
0.53055
0.53083
0.53111
0.53139
0.53167
0.53196
0.53225
0.53254
0.53283
0.53313
0.53342
0.53372
0.53402
0.53432
0.53463
0.53493
0.53524
0.53555
0.53586
0.53617
0.53648
0.5368
0.53711
0.53743
0.53775
0.53807
0.5384
0.53872
0.53905
0.53938
0.5397
0.54003
0.54037
0.5407
0.54104
0.54138
0.54172
0.54206
0.5424
0.54274
0.54308
0.54343
0.54377
0.54412
0.54447
0.54482
0.54517
0.54552
0.54587
0.54622
0.54657
0.54692
0.54727
0.54763
0.54798
0.54834
0.54869
0.54905
0.54941
0.54976
0.55012
0.55048
0.55083
0.55119
0.55155
0.55191
0.55226
0.55262
0.55298
0.55334
0.5537
0.55405
0.55441
0.55477
0.55513
0.55548
0.55584
0.5562
0.55655
0.55691
0.55726
0.55762
0.55797
0.55833
0.55868
0.55903
0.55938
0.55973
0.56008
0.56043
0.56078
0.56113
0.56148
0.56182
0.56217
0.56251
0.56285
0.56319
0.56353
0.56387
0.56421
0.56455
0.56488
0.56521
0.56555
0.56588
0.56621
0.56654
0.56686
0.56719
0.56751
0.56783
0.56815
0.56847
0.56879
0.5691
0.56942
0.56973
0.57004
0.57034
0.57065
0.57095
0.57125
0.57155
0.57185
0.57215
0.57244
0.57273
0.57302
0.57331
0.57359
0.57387
0.57415
0.57443
0.5747
0.57498
0.57525
0.57551
0.57578
0.57604
0.5763
0.57656
0.57682
0.57707
0.57732
0.57757
0.57781
0.57805
0.57829
0.57853
0.57876
0.57899
0.57919
0.5794
0.57959
0.57979
0.57998
0.58017
0.58036
0.58054
0.58072
0.5809
0.58107
0.58125
0.58142
0.58158
0.58175
0.58191
0.58207
0.58222
0.58238
0.58253
0.58267
0.58282
0.58296
0.5831
0.58323
0.58337
0.5835
0.58362
0.58375
0.58387
0.58399
0.58411
0.58422
0.58433
0.58444
0.58455
0.58465
0.58475
0.58485
0.58494
0.58504
0.58513
0.58521
0.5853
0.58538
0.58546
0.58554
0.58561
0.58568
0.58575
0.58582
0.58588
0.58595
0.58601
0.58606
0.58612
0.58617
0.58622
0.58627
0.58631
0.58636
0.5864
0.58643
0.58647
0.5865
0.58653
0.58656
0.58659
0.58662
0.58664
0.58666
0.58668
0.58669
0.58671
0.58672
0.58673
0.58674
0.58674
0.58675
0.58675
0.58675
0.58675
0.58674
0.58674
0.58673
0.58672
0.58671
0.5867
0.58668
0.58666
0.58665
0.58663
0.5866
0.58658
0.58656
0.58653
0.5865
0.58647
0.58644
0.58641
0.58637
0.58634
0.5863
0.58626
0.58622
0.58618
0.58613
0.58609
0.58604
0.586
0.58595
0.5859
0.58585
0.58579
0.58574
0.58568
0.58563
0.58557
0.58551
0.58545
0.5854
0.58535
0.58529
0.58524
0.58518
0.58512
0.58506
0.585
0.58494
0.58488
0.58481
0.58475
0.58469
0.58462
0.58455
0.58449
0.58442
0.58435
0.58428
0.58421
0.58414
0.58406
0.58399
0.58391
0.58384
0.58376
0.58369
0.58361
0.58353
0.58345
0.58337
0.58329
0.58321
0.58313
0.58305
0.58297
0.58288
0.5828
0.58272
0.58263
0.58255
0.58246
0.58237
0.58229
0.5822
0.58211
0.58202
0.58193
0.58184
0.58175
0.58166
0.58157
0.58148
0.58138
0.58129
0.5812
0.5811
0.58101
0.58091
0.58082
0.58072
0.58063
0.58053
0.58044
0.58034
0.58024
0.58014
0.58005
0.57995
0.57985
0.57975
0.57965
0.57955
0.57945
0.57935
0.57925
0.57915
0.57905
0.57895
0.57884
0.57874
0.57864
0.57854
0.57844
0.57833
0.57823
0.57813
0.57802
0.57792
0.57781
0.57771
0.57761
0.5775
0.5774
0.57729
0.57718
0.57708
0.57697
0.57687
0.57676
0.57666
0.57655
0.57644
0.57634
0.57623
0.57612
0.57602
0.57591
0.5758
0.57569
0.57559
0.57548
0.57537
0.57526
0.57515
0.57505
0.57494
0.57483
0.57472
0.57461
0.57448
0.57436
0.57423
0.5741
0.57397
0.57384
0.57371
0.57358
0.57345
0.57333
0.5732
0.57307
0.57294
0.57281
0.57268
0.57256
0.57243
0.5723
0.57218
0.57205
0.57192
0.5718
0.57167
0.57154
0.57142
0.57129
0.57117
0.57105
0.57092
0.5708
0.57068
0.57055
0.57043
0.57031
0.57019
0.57007
0.56995
0.56983
0.56971
0.56959
0.56948
0.56936
0.56924
0.56913
0.56901
0.5689
0.56879
0.56867
0.56856
0.56845
0.56834
0.56823
0.56812
0.56801
0.56791
0.5678
0.56769
0.56759
0.56748
0.56738
0.56728
0.56718
0.56708
0.56698
0.56688
0.56678
0.56668
0.56659
0.56649
0.5664
0.56631
0.56621
0.56612
0.56603
0.56595
0.56586
0.56577
0.56568
0.5656
0.56552
0.56543
0.56535
0.56527
0.56519
0.56512
0.56504
0.56496
0.56489
0.56481
0.56474
0.56467
0.5646
0.56453
0.56446
0.5644
0.56433
0.56427
0.56421
0.56414
0.56408
0.56402
0.56397
0.56391
0.56385
0.5638
0.56374
0.56369
0.56364
0.56359
0.56354
0.5635
0.56345
0.5634
0.56336
0.56332
0.56328
0.56324
0.5632
0.56316
0.56312
0.56309
0.56305
0.56302
0.56299
0.56296
0.56293
0.5629
0.56287
0.56284
0.56282
0.56279
0.56277
0.56275
0.56273
0.56271
0.56269
0.56267
0.56266
0.56264
0.56263
0.56262
0.56261
0.5626
0.56259
0.56258
0.56257
0.56256
0.56256
0.56255
0.56255
0.56255
0.56255
0.56255
0.56255
0.56255
0.56255
0.56256
0.56256
0.56257
0.56258
0.56258
0.56259
0.5626
0.56261
0.56262
0.56263
0.56265
0.56266
0.56268
0.56269
0.56271
0.56272
0.56274
0.56276
0.56278
0.5628
0.56282
0.56284
0.56286
0.56289
0.56291
0.56293
0.56296
0.56298
0.56301
0.56303
0.56306
0.56309
0.56311
0.56314
0.56317
0.5632
0.56323
0.56326
0.56329
0.56332
0.56335
0.56338
0.56341
0.56345
0.56348
0.56351
0.56354
0.56358
0.56361
0.56364
0.56368
0.56371
0.56374
0.56378
0.56381
0.56385
0.56388
0.56391
0.56395
0.56398
0.56402
0.56405
0.56409
0.56412
0.56415
0.56419
0.56422
0.56426
0.56429
0.56432
0.56435
0.56439
0.56442
0.56445
0.56448
0.56452
0.56455
0.56458
0.56461
0.56464
0.56467
0.5647
0.56473
0.56476
0.56477
0.56479
0.5648
0.56482
0.56483
0.56484
0.56486
0.56487
0.56488
0.56489
0.5649
0.56491
0.56492
0.56493
0.56494
0.56495
0.56495
0.56496
0.56497
0.56497
0.56497
0.56498
0.56498
0.56498
0.56498
0.56498
0.56498
0.56498
0.56498
0.56498
0.56498
0.56497
0.56497
0.56496
0.56495
0.56495
0.56494
0.56493
0.56492
0.56491
0.56489
0.56488
0.56487
0.56485
0.56484
0.56482
0.5648
0.56479
0.56477
0.56475
0.56473
0.5647
0.56468
0.56466
0.56463
0.5646
0.56458
0.56455
0.56452
0.56449
0.56446
0.56443
0.56439
0.56436
0.56432
0.56429
0.56425
0.56421
0.56417
0.56413
0.56409
0.56405
0.564
0.56396
0.56391
0.56387
0.56382
0.56377
0.56372
0.56367
0.56361
0.56356
0.5635
0.56345
0.56339
0.56333
0.56327
0.56321
0.56315
0.56309
0.56302
0.56296
0.56289
0.56282
0.56275
0.56268
0.56261
0.56254
0.56247
0.56239
0.56232
0.56224
0.56216
0.56208
0.562
0.56192
0.56184
0.56175
0.56167
0.56158
0.5615
0.56141
0.56132
0.56123
0.56113
0.56104
0.56095
0.56085
0.56075
0.56066
0.56055
0.56044
0.56034
0.56023
0.56012
0.56001
0.5599
0.55978
0.55967
0.55955
0.55944
0.55932
0.5592
0.55908
0.55896
0.55884
0.55871
0.55859
0.55846
0.55834
0.55821
0.55808
0.55795
0.55782
0.55769
0.55756
0.55743
0.55729
0.55716
0.55702
0.55688
0.55674
0.55661
0.55647
0.55633
0.55618
0.55604
0.5559
0.55575
0.55561
0.55546
0.55531
0.55517
0.55502
0.55487
0.55472
0.55457
0.55442
0.55426
0.55411
0.55396
0.5538
0.55365
0.55349
0.55333
0.55317
0.55302
0.55286
0.5527
0.55254
0.55238
0.55221
0.55205
0.55189
0.55172
0.55156
0.55139
0.55123
0.55106
0.5509
0.55073
0.55056
0.55039
0.55023
0.55006
0.54989
0.54972
0.54955
0.54937
0.5492
0.54903
0.54886
0.54869
0.54851
0.54834
0.54816
0.54799
0.54782
0.54764
0.54746
0.54729
0.54711
0.54694
0.54676
0.54658
0.54641
0.54623
0.54605
0.54587
0.54569
0.54552
0.54534
0.54516
0.54498
0.5448
0.54462
0.54444
0.54426
0.54408
0.5439
0.54372
0.54354
0.54336
0.54318
0.543
0.54282
0.54264
0.54246
0.54228
0.5421
0.54191
0.54172
0.54153
0.54135
0.54116
0.54097
0.54078
0.54059
0.5404
0.54022
0.54003
0.53984
0.53965
0.53947
0.53928
0.53909
0.53891
0.53872
0.53854
0.53835
0.53817
0.53798
0.5378
0.53761
0.53743
0.53725
0.53706
0.53688
0.5367
0.53652
0.53634
0.53616
0.53598
0.5358
0.53562
0.53544
0.53526
0.53508
0.53491
0.53473
0.53456
0.53438
0.53421
0.53403
0.53386
0.53369
0.53352
0.53335
0.53318
0.53301
0.53284
0.53267
0.5325
0.53234
0.53217
0.53201
0.53184
0.53168
0.53152
0.53136
0.5312
0.53104
0.53088
0.53072
0.53057
0.53041
0.53025
0.5301
0.52995
0.52979
0.52964
0.52949
0.52934
0.5292
0.52905
0.5289
0.52876
0.52861
0.52847
0.52833
0.52819
0.52804
0.52791
0.52777
0.52763
0.52749
0.52736
0.52723
0.52709
0.52696
0.52683
0.5267
0.52657
0.52645
0.52632
0.5262
0.52607
0.52595
0.52583
0.52571
0.52559
0.52547
0.52535
0.52524
0.52512
0.52501
0.5249
0.52479
0.52468
0.52457
0.52446
0.52435
0.52425
0.52414
0.52404
0.52394
0.52384
0.52374
0.52364
