0.48269
0.48256
0.48242
0.48229
0.48215
0.48202
0.48188
0.48175
0.48162
0.48148
0.48135
0.48121
0.48108
0.48094
0.48081
0.48067
0.48054
0.4804
0.48027
0.48013
0.48
0.47986
0.47973
0.47959
0.47946
0.47932
0.47918
0.47905
0.47891
0.47877
0.47864
0.4785
0.47836
0.47823
0.47809
0.47795
0.47781
0.47767
0.47753
0.4774
0.47726
0.47712
0.47698
0.47684
0.4767
0.47656
0.47642
0.47627
0.47613
0.47599
0.47585
0.47571
0.47556
0.47542
0.47528
0.47513
0.47499
0.47485
0.4747
0.47456
0.47441
0.47426
0.47412
0.47397
0.47382
0.47368
0.47353
0.47338
0.47323
0.47308
0.47293
0.47278
0.47263
0.47248
0.47233
0.47218
0.47203
0.47188
0.47173
0.47157
0.47142
0.47127
0.47111
0.47096
0.4708
0.47065
0.47049
0.47034
0.47018
0.47002
0.46987
0.46971
0.46955
0.46939
0.46923
0.46907
0.46891
0.46875
0.46859
0.46843
0.46827
0.46811
0.46795
0.46778
0.46762
0.46746
0.46729
0.46713
0.46696
0.4668
0.46663
0.46647
0.4663
0.46614
0.46597
0.4658
0.46564
0.46547
0.4653
0.46513
0.46496
0.46478
0.46459
0.4644
0.46421
0.46403
0.46384
0.46365
0.46346
0.46327
0.46308
0.4629
0.46271
0.46252
0.46233
0.46214
0.46195
0.46176
0.46157
0.46138
0.46119
0.461
0.46082
0.46063
0.46044
0.46025
0.46006
0.45987
0.45969
0.4595
0.45931
0.45913
0.45894
0.45875
0.45857
0.45838
0.4582
0.45801
0.45783
0.45764
0.45746
0.45728
0.45709
0.45691
0.45673
0.45655
0.45637
0.45619
0.45601
0.45584
0.45566
0.45548
0.45531
0.45513
0.45496
0.45478
0.45461
0.45444
0.45427
0.4541
0.45393
0.45376
0.45359
0.45343
0.45326
0.4531
0.45293
0.45277
0.45261
0.45245
0.45229
0.45213
0.45198
0.45182
0.45167
0.45151
0.45136
0.45121
0.45106
0.45091
0.45077
0.45062
0.45048
0.45033
0.45019
0.45005
0.44991
0.44977
0.44964
0.4495
0.44937
0.44924
0.44911
0.44898
0.44885
0.44872
0.4486
0.44848
0.44836
0.44824
0.44812
0.448
0.44788
0.44777
0.44766
0.44755
0.44744
0.44733
0.44723
0.44712
0.44702
0.44692
0.44682
0.44672
0.44663
0.44653
0.44644
0.44635
0.44626
0.44617
0.44609
0.44601
0.44594
0.44587
0.4458
0.44573
0.44567
0.4456
0.44554
0.44548
0.44542
0.44537
0.44531
0.44526
0.4452
0.44515
0.44511
0.44506
0.44501
0.44497
0.44493
0.44489
0.44485
0.44481
0.44477
0.44474
0.44471
0.44468
0.44465
0.44462
0.44459
0.44457
0.44454
0.44452
0.4445
0.44448
0.44447
0.44445
0.44443
0.44442
0.44441
0.4444
0.44439
0.44438
0.44438
0.44437
0.44437
0.44437
0.44437
0.44437
0.44437
0.44437
0.44438
0.44438
0.44439
0.4444
0.44441
0.44442
0.44443
0.44444
0.44446
0.44447
0.44449
0.4445
0.44452
0.44454
0.44456
0.44458
0.44461
0.44463
0.44465
0.44468
0.44471
0.44473
0.44476
0.44479
0.44482
0.44485
0.44488
0.44492
0.44495
0.44499
0.44502
0.44506
0.44509
0.44513
0.44517
0.44521
0.44525
0.44529
0.44533
0.44537
0.44541
0.44545
0.4455
0.44554
0.44559
0.44563
0.44568
0.44572
0.44577
0.44582
0.44587
0.44591
0.44596
0.44601
0.44606
0.44611
0.44616
0.44621
0.44626
0.44632
0.44637
0.44642
0.44647
0.44652
0.44658
0.44663
0.44669
0.44674
0.44679
0.44682
0.44684
0.44687
0.44689
0.44692
0.44694
0.44697
0.447
0.44702
0.44705
0.44708
0.44711
0.44713
0.44716
0.44719
0.44722
0.44725
0.44728
0.44731
0.44734
0.44737
0.44741
0.44744
0.44747
0.4475
0.44754
0.44757
0.44761
0.44764
0.44768
0.44772
0.44775
0.44779
0.44783
0.44787
0.44791
0.44795
0.44799
0.44803
0.44807
0.44812
0.44816
0.44821
0.44825
0.4483
0.44834
0.44839
0.44844
0.44849
0.44854
0.44859
0.44864
0.4487
0.44875
0.4488
0.44886
0.44892
0.44897
0.44903
0.44909
0.44915
0.44921
0.44927
0.44934
0.4494
0.44947
0.44953
0.4496
0.44967
0.44974
0.44981
0.44988
0.44995
0.45003
0.4501
0.45018
0.45026
0.45034
0.45042
0.4505
0.45058
0.45066
0.45075
0.45083
0.45092
0.45101
0.4511
0.45119
0.45128
0.45137
0.45147
0.45157
0.45166
0.45176
0.45186
0.45196
0.45206
0.45217
0.45227
0.45238
0.45249
0.4526
0.45271
0.45282
0.45293
0.45305
0.45316
0.45328
0.4534
0.45352
0.45364
0.45376
0.45389
0.45401
0.45414
0.45427
0.4544
0.45453
0.45466
0.4548
0.45494
0.45509
0.45524
0.45539
0.45554
0.4557
0.45585
0.45601
0.45617
0.45632
0.45648
0.45665
0.45681
0.45697
0.45714
0.4573
0.45747
0.45764
0.45781
0.45798
0.45815
0.45832
0.4585
0.45867
0.45885
0.45903
0.4592
0.45938
0.45956
0.45974
0.45993
0.46011
0.46029
0.46048
0.46066
0.46085
0.46104
0.46123
0.46141
0.4616
0.4618
0.46199
0.46218
0.46237
0.46257
0.46276
0.46295
0.46315
0.46335
0.46354
0.46374
0.46394
0.46413
0.46433
0.46453
0.46473
0.46493
0.46513
0.46533
0.46553
0.46574
0.46594
0.46614
0.46634
0.46654
0.46675
0.46695
0.46715
0.46736
0.46756
0.46776
0.46797
0.46817
0.46838
0.46858
0.46878
0.46899
0.46919
0.46939
0.4696
0.4698
0.47
0.47021
0.47041
0.47061
0.47082
0.47102
0.47122
0.47142
0.47162
0.47182
0.47202
0.47223
0.47243
0.47262
0.47282
0.47302
0.47322
0.47342
0.47361
0.47381
0.47401
0.4742
0.4744
0.47459
0.47479
0.47498
0.47517
0.47536
0.47555
0.47574
0.47593
0.47612
0.47631
0.4765
0.47668
0.47687
0.47705
0.47724
0.47742
0.47758
0.47773
0.47789
0.47805
0.4782
0.47836
0.47851
0.47866
0.47881
0.47896
0.47911
0.47926
0.47941
0.47956
0.4797
0.47985
0.47999
0.48014
0.48028
0.48042
0.48056
0.4807
0.48084
0.48098
0.48112
0.48126
0.48139
0.48153
0.48166
0.4818
0.48193
0.48206
0.4822
0.48233
0.48246
0.48259
0.48272
0.48284
0.48297
0.4831
0.48323
0.48335
0.48348
0.4836
0.48372
0.48385
0.48397
0.48409
0.48421
0.48433
0.48445
0.48457
0.48469
0.48481
0.48493
0.48505
0.48517
0.48528
0.4854
0.48552
0.48563
0.48575
0.48586
0.48598
0.48609
0.4862
0.48632
0.48643
0.48654
0.48666
0.48677
0.48688
0.48699
0.48711
0.48722
0.48733
0.48744
0.48755
0.48766
0.48777
0.48789
0.488
0.48811
0.48822
0.48833
0.48844
0.48855
0.48866
0.48877
0.48888
0.48899
0.48911
0.48922
0.48933
0.48944
0.48955
0.48966
0.48978
0.48989
0.49
0.49011
0.49023
0.49034
0.49046
0.49057
0.49068
0.4908
0.49091
0.49103
0.49115
0.49126
0.49138
0.4915
0.49161
0.49173
0.49185
0.49197
0.49209
0.49221
0.49233
0.49246
0.49258
0.4927
0.49283
0.49295
0.49308
0.49321
0.49334
0.49346
0.49359
0.49372
0.49385
0.49398
0.49412
0.49425
0.49438
0.49452
0.49465
0.49479
0.49493
0.49506
0.4952
0.49534
0.49548
0.49563
0.49577
0.49591
0.49606
0.4962
0.49635
0.4965
0.49664
0.49679
0.49694
0.4971
0.49725
0.4974
0.49756
0.49771
0.49787
0.49803
0.49819
0.49835
0.49851
0.49867
0.49884
0.499
0.49917
0.49933
0.4995
0.49967
0.49984
0.50002
0.50019
0.50036
0.50054
0.50072
0.50089
0.50107
0.50126
0.50144
0.50162
0.50181
0.50199
0.50218
0.50237
0.50256
0.50275
0.50294
0.50313
0.50333
0.50353
0.50372
0.50392
0.50412
0.50432
0.50453
0.50473
0.50494
0.50514
0.50535
0.50556
0.50577
0.50599
0.5062
0.50641
0.50663
0.50685
0.50707
0.50729
0.50751
0.50773
0.50796
0.50818
0.50841
0.50864
0.50887
0.5091
0.50933
0.50957
0.5098
0.51004
0.51028
0.51052
0.51076
0.511
0.51124
0.51149
0.51173
0.51198
0.51223
0.51248
0.51273
0.51298
0.51323
0.51349
0.51375
0.514
0.51426
0.51452
0.51477
0.51501
0.51526
0.5155
0.51575
0.516
0.51626
0.51651
0.51676
0.51702
0.51727
0.51753
0.51779
0.51805
0.51831
0.51858
0.51884
0.51911
0.51937
0.51964
0.51991
0.52018
0.52045
0.52073
0.521
0.52128
0.52155
0.52183
0.52211
0.52239
0.52268
0.52296
0.52325
0.52353
0.52382
0.52411
0.5244
0.52469
0.52498
0.52528
0.52557
0.52587
0.52617
0.52647
0.52677
0.52707
0.52737
0.52768
0.52798
0.52829
0.5286
0.5289
0.52921
0.52953
0.52984
0.53015
0.53047
0.53078
0.5311
0.53142
0.53174
0.53206
0.53238
0.5327
0.53303
0.53335
0.53368
0.53401
0.53433
0.53466
0.53499
0.53533
0.53566
0.53599
0.53633
0.53666
0.537
0.53733
0.53767
0.53801
0.53835
0.53869
0.53903
0.53937
0.53972
0.54006
0.54041
0.54075
0.5411
0.54144
0.54179
0.54214
0.54249
0.54284
0.54319
0.54354
0.54389
0.54424
0.5446
0.54495
0.5453
0.54566
0.54601
0.54637
0.54672
0.54708
0.54743
0.54779
0.54815
0.54851
0.54886
0.54922
0.54958
0.54994
0.5503
0.55065
0.55101
0.55137
0.55173
0.55209
0.55246
0.55282
0.55319
0.55355
0.55392
0.55428
0.55465
0.55501
0.55538
0.55574
0.55611
0.55647
0.55684
0.5572
0.55756
0.55792
0.55829
0.55865
0.55901
0.55937
0.55973
0.56009
0.56045
0.56081
0.56117
0.56152
0.56188
0.56223
0.56259
0.56294
0.5633
0.56365
0.564
0.56435
0.5647
0.56505
0.56539
0.56574
0.56608
0.56643
0.56677
0.56711
0.56745
0.56779
0.56813
0.56846
0.5688
0.56913
0.56946
0.56979
0.57012
0.57045
0.57078
0.5711
0.57142
0.57174
0.57206
0.57238
0.5727
0.57301
0.57332
0.57363
0.57394
0.57425
0.57455
0.57486
0.57516
0.57546
0.57575
0.57605
0.57634
0.57663
0.57692
0.57721
0.57749
0.57777
0.57805
0.57833
0.57861
0.57888
0.57915
0.57942
0.57968
0.57995
0.58021
0.58047
0.58072
0.58098
0.58123
0.58148
0.58173
0.58197
0.58221
0.58245
0.58269
0.58292
0.58315
0.58338
0.58361
0.58383
0.58405
0.58427
0.58448
0.5847
0.58491
0.58511
0.58532
0.58552
0.58572
0.58591
0.58611
0.5863
0.58649
0.58667
0.58685
0.58703
0.58721
0.58738
0.58755
0.58772
0.58786
0.588
0.58813
0.58826
0.58839
0.58852
0.58864
0.58876
0.58888
0.58899
0.5891
0.58921
0.58932
0.58942
0.58952
0.58962
0.58972
0.58981
0.5899
0.58999
0.59007
0.59016
0.59024
0.59032
0.59039
0.59046
0.59054
0.5906
0.59067
0.59073
0.59079
0.59085
0.59091
0.59096
0.59102
0.59107
0.59111
0.59116
0.5912
0.59124
0.59128
0.59132
0.59136
0.59139
0.59142
0.59145
0.59148
0.5915
0.59153
0.59155
0.59157
0.59159
0.5916
0.59162
0.59163
0.59164
0.59165
0.59166
0.59167
0.59167
0.59168
0.59168
0.59168
0.59168
0.59168
0.59167
0.59167
0.59166
0.59166
0.59165
0.59164
0.59163
0.59162
0.59161
0.59159
0.59158
0.59156
0.59154
0.59153
0.59151
0.59149
0.59147
0.59145
0.59143
0.5914
0.59138
0.59136
0.59133
0.59131
0.59128
0.59126
0.59123
0.5912
0.59118
0.59115
0.59112
0.59109
0.59106
0.59103
0.591
0.59097
0.59094
0.59091
0.59088
0.59085
0.59082
0.59079
0.59076
0.59073
0.5907
0.59067
0.59064
0.59061
0.59058
0.59055
0.59052
0.59049
0.59046
0.59043
0.5904
0.59038
0.59035
0.59033
0.59031
0.59029
0.59026
0.59024
0.59022
0.5902
0.59018
0.59016
0.59014
0.59012
0.59011
0.59009
0.59007
0.59006
0.59004
0.59002
0.59001
0.59
0.58998
0.58997
0.58996
0.58995
0.58994
0.58993
0.58992
0.58991
0.5899
0.58989
0.58989
0.58988
0.58987
0.58987
0.58987
0.58986
0.58986
0.58986
0.58986
0.58986
0.58986
0.58986
0.58987
0.58987
0.58987
0.58988
0.58988
0.58989
0.5899
0.58991
0.58991
0.58992
0.58994
0.58995
0.58996
0.58997
0.58999
0.59
0.59002
0.59003
0.59005
0.59007
0.59009
0.5901
0.59013
0.59015
0.59017
0.59019
0.59021
0.59024
0.59026
0.59029
0.59031
0.59034
0.59037
0.5904
0.59042
0.59045
0.59048
0.59052
0.59055
0.59058
0.59061
0.59064
0.59068
0.59071
0.59075
0.59078
0.59082
0.59086
0.59089
0.59093
0.59097
0.59101
0.59105
0.59109
0.59113
0.59117
0.59121
0.59125
0.59129
0.59133
0.59138
0.59142
0.59146
0.59151
0.59155
0.59159
0.59164
0.59168
0.59173
0.59177
0.59182
0.59186
0.59191
0.59195
0.592
0.59204
0.59209
0.59212
0.59215
0.59217
0.5922
0.59223
0.59226
0.59229
0.59232
0.59235
0.59238
0.59241
0.59244
0.59247
0.5925
0.59253
0.59255
0.59258
0.59261
0.59264
0.59267
0.59269
0.59272
0.59275
0.59278
0.5928
0.59283
0.59286
0.59288
0.59291
0.59293
0.59296
0.59298
0.59301
0.59303
0.59306
0.59308
0.5931
0.59313
0.59315
0.59317
0.59319
0.59321
0.59323
0.59325
0.59327
0.59329
0.59331
0.59333
0.59334
0.59336
0.59338
0.59339
0.59341
0.59342
0.59343
0.59345
0.59346
0.59347
0.59348
0.59349
0.5935
0.59351
0.59352
0.59352
0.59353
0.59354
0.59354
0.59355
0.59355
0.59355
0.59355
0.59355
0.59355
0.59355
0.59355
0.59355
0.59354
0.59354
0.59353
0.59353
0.59352
0.59351
0.5935
0.59349
0.59348
0.59346
0.59345
0.59343
0.59342
0.5934
0.59338
0.59336
0.59334
0.59332
0.5933
0.59327
0.59325
0.59322
0.59319
0.59316
0.59313
0.5931
0.59307
0.59304
0.593
0.59296
0.59293
0.59289
0.59285
0.59281
0.59276
0.59272
0.59267
0.59262
0.59258
0.59253
0.59247
0.59242
0.59237
0.59231
0.59225
0.59219
0.59213
0.59207
0.592
0.59193
0.59187
0.5918
0.59173
0.59165
0.59158
0.59151
0.59143
0.59135
0.59127
0.59119
0.59111
0.59102
0.59094
0.59085
0.59076
0.59067
0.59058
0.59048
0.59039
0.59029
0.59019
0.59009
0.58999
0.58989
0.58978
0.58968
0.58957
0.58946
0.58935
0.58924
0.58913
0.58901
0.58889
0.58877
0.58865
0.58853
0.58841
0.58829
0.58816
0.58803
0.5879
0.58777
0.58764
0.58751
0.58737
0.58723
0.5871
0.58696
0.58682
0.58667
0.58653
0.58638
0.58624
0.58609
0.58594
0.58579
0.58563
0.58548
0.58532
0.58517
0.58501
0.58485
0.58469
0.58452
0.58436
0.58419
0.58403
0.58386
0.58369
0.58352
0.58335
0.58317
0.583
0.58282
0.58264
0.58247
0.58229
0.5821
0.58192
0.58174
0.58155
0.58137
0.58118
0.58099
0.5808
0.58061
0.58042
0.58023
0.58004
0.57984
0.57965
0.57945
0.57925
0.57905
0.57885
0.57865
0.57845
0.57825
0.57805
0.57784
0.57764
0.57743
0.57722
0.57702
0.57681
0.5766
0.57639
0.57618
0.57597
0.57576
0.57555
0.57533
0.57512
0.5749
0.57467
0.57443
0.57419
0.57395
0.57371
0.57348
0.57324
0.573
0.57276
0.57251
0.57227
0.57203
0.57179
0.57155
0.57131
0.57107
0.57083
0.57059
0.57035
0.57011
0.56987
0.56963
0.56939
0.56915
0.56891
0.56867
0.56843
0.56819
0.56795
0.56772
0.56748
0.56724
0.56701
0.56677
0.56654
0.56631
0.56607
0.56584
0.56561
0.56538
0.56515
0.56493
0.5647
0.56447
0.56425
0.56403
0.5638
0.56358
0.56336
0.56314
0.56293
0.56271
0.5625
0.56228
0.56207
0.56186
0.56165
0.56145
0.56124
0.56104
0.56084
0.56064
0.56044
0.56024
0.56005
0.55985
0.55966
0.55947
0.55929
0.5591
0.55892
0.55873
0.55856
0.55838
0.5582
0.55803
0.55786
0.55769
0.55752
0.55736
0.5572
0.55704
0.55688
0.55673
0.55657
0.55642
0.55627
0.55613
0.55599
0.55585
0.55571
0.55557
0.55544
0.55531
0.55518
0.55506
0.55493
0.55481
0.5547
0.55458
0.55447
0.55436
0.55425
0.55415
0.55405
0.55395
0.55386
0.55376
0.55367
0.55359
0.5535
0.55342
0.55334
0.55327
0.5532
0.55313
0.55306
0.55299
0.55293
0.55287
0.55283
0.55279
0.55276
0.55272
0.55269
0.55267
0.55264
0.55262
0.5526
0.55258
0.55257
0.55256
0.55255
0.55255
0.55255
0.55255
0.55255
0.55256
0.55257
0.55258
0.55259
0.55261
0.55263
0.55265
0.55268
0.5527
0.55274
0.55277
0.5528
0.55284
0.55288
0.55293
0.55297
0.55302
0.55307
0.55313
0.55318
0.55324
0.5533
0.55337
0.55343
0.5535
0.55357
0.55364
0.55372
0.5538
0.55388
0.55396
0.55404
0.55413
0.55421
0.55431
0.5544
0.55449
0.55459
0.55469
0.55479
0.55489
0.55499
0.5551
0.55521
0.55532
0.55543
0.55554
0.55566
0.55577
0.55589
0.55601
0.55613
0.55626
0.55638
0.55651
0.55664
0.55677
0.5569
0.55703
0.55716
0.5573
0.55744
0.55757
0.55771
0.55785
0.55799
0.55814
0.55828
0.55843
0.55857
0.55872
0.55887
0.55902
0.55917
0.55932
0.55947
0.55962
0.55978
0.55993
0.56009
0.56024
0.5604
0.56056
0.56072
0.56087
0.56103
0.56119
0.56136
0.56152
0.56168
0.56184
0.562
0.56217
0.56233
0.5625
0.56266
0.56282
0.56299
0.56316
0.56332
0.56349
0.56365
0.56382
0.56395
0.56409
0.56422
0.56435
0.56449
0.56462
0.56475
0.56489
0.56502
0.56516
0.56529
0.56543
0.56556
0.5657
0.56583
0.56597
0.5661
0.56624
0.56637
0.56651
0.56665
0.56678
0.56692
0.56706
0.56719
0.56733
0.56747
0.56761
0.56774
0.56788
0.56802
0.56816
0.5683
0.56843
0.56857
0.56871
0.56885
0.56899
0.56913
0.56927
0.56941
0.56955
0.5697
0.56984
0.56998
0.57012
0.57026
0.57041
0.57055
0.57069
0.57084
0.57098
0.57113
0.57127
0.57142
0.57156
0.57171
0.57185
0.572
0.57215
0.5723
0.57244
0.57259
0.57274
0.57289
0.57304
0.57319
0.57334
0.57349
0.57365
0.5738
0.57395
0.57411
0.57426
0.57441
0.57457
0.57473
0.57488
0.57504
0.5752
0.57535
0.57551
0.57567
0.57583
0.57599
0.57615
0.57632
0.57648
0.57664
0.57681
0.57697
0.57714
0.5773
0.57747
0.57764
0.5778
0.57797
0.57814
0.57831
0.57848
0.57866
0.57883
0.579
0.57918
0.57935
0.57953
0.5797
0.57988
0.58006
0.58024
0.58042
0.5806
0.58078
0.58096
0.58114
0.58132
0.58151
0.58169
0.58188
0.58206
0.58226
0.58246
0.58265
0.58285
0.58305
0.58325
0.58345
0.58365
0.58385
0.58405
0.58425
0.58446
0.58466
0.58487
0.58507
0.58528
0.58549
0.58569
0.5859
0.58611
0.58632
0.58653
0.58674
0.58695
0.58716
0.58738
0.58759
0.5878
0.58802
0.58823
0.58845
0.58867
0.58888
0.5891
0.58932
0.58953
0.58975
0.58997
0.59019
0.59041
0.59063
0.59085
0.59107
0.59129
0.59151
0.59174
0.59196
0.59218
0.5924
0.59263
0.59285
0.59307
0.5933
0.59352
0.59374
0.59397
0.59419
0.59441
0.59464
0.59486
0.59509
0.59531
0.59554
0.59576
0.59599
0.59621
0.59643
0.59666
0.59688
0.59711
0.59733
0.59755
0.59778
0.598
0.59822
0.59845
0.59867
0.59889
0.59911
0.59933
0.59955
0.59977
0.6
0.60021
0.60043
0.60065
0.60087
0.60109
0.60131
0.60152
0.60174
0.60196
0.60217
0.60238
0.6026
0.60281
0.60302
0.60323
0.60344
0.60365
0.60386
0.60407
0.60428
0.60449
0.60469
0.6049
0.6051
0.6053
0.6055
0.6057
0.6059
0.6061
0.6063
0.6065
0.60669
0.60689
0.60708
0.60727
0.60746
0.60765
0.60782
0.608
0.60817
0.60834
0.6085
0.60867
0.60884
0.609
0.60916
0.60932
0.60948
0.60964
0.6098
0.60995
0.61011
0.61026
0.61041
0.61056
0.61071
0.61086
0.61101
0.61115
0.61129
0.61143
0.61157
0.61171
0.61185
0.61199
0.61212
0.61225
0.61238
0.61251
0.61264
0.61277
0.61289
0.61302
0.61314
0.61326
0.61338
0.61349
0.61361
0.61372
0.61383
0.61394
0.61405
0.61416
0.61427
0.61437
0.61447
0.61457
0.61467
0.61477
0.61487
0.61496
0.61505
0.61515
0.61523
0.61532
0.61541
0.61549
0.61558
0.61566
0.61574
0.61581
0.61589
0.61596
0.61604
0.61611
0.61618
0.61625
0.61631
0.61638
0.61644
0.6165
0.61656
0.61662
0.61667
0.61673
0.61678
0.61683
0.61688
0.61693
0.61698
0.61702
0.61707
0.61711
0.61715
0.61718
0.61722
0.61726
0.61729
0.61732
0.61735
0.61738
0.61741
0.61743
0.61746
0.61748
0.6175
0.61752
0.61753
0.61755
0.61756
0.61758
0.61759
0.6176
0.61761
0.61761
0.61762
0.61762
0.61762
0.61762
0.61762
0.61762
0.61762
0.61761
0.6176
0.61759
0.61758
0.61757
0.61755
0.61752
0.6175
0.61747
0.61744
0.61741
0.61738
0.61735
0.61731
0.61728
0.61724
0.6172
0.61716
0.61712
0.61708
0.61703
0.61699
0.61695
0.6169
0.61685
0.6168
0.61675
0.6167
0.61665
0.6166
0.61655
0.61649
0.61644
0.61638
0.61632
0.61626
0.61621
0.61615
0.61608
0.61602
0.61596
0.6159
0.61583
0.61577
0.61571
0.61564
0.61557
0.61551
0.61544
0.61537
0.6153
0.61523
0.61516
0.61509
0.61502
0.61495
0.61488
0.61481
0.61473
0.61466
0.61459
0.61451
0.61444
0.61436
0.61429
0.61421
0.61414
0.61406
0.61399
0.61391
0.61384
0.61376
0.61368
0.61361
0.61353
0.61345
0.61338
0.6133
0.61322
0.61314
0.61307
0.61299
0.61291
0.61284
0.61276
0.61268
0.61261
0.61253
0.61245
0.61238
0.6123
0.61222
0.61215
0.61207
0.612
0.61192
0.61185
0.61177
0.6117
0.61163
0.61155
0.61148
0.61141
0.61133
0.61126
0.61119
0.61112
0.61105
0.61098
0.6109
0.61084
0.61077
0.6107
0.61063
0.61056
0.61049
0.61043
0.61036
0.61029
0.61023
0.61016
0.6101
0.61004
0.60997
0.60991
0.60985
0.60978
0.60972
0.60965
0.60959
0.60953
0.60946
0.6094
0.60934
0.60928
0.60922
0.60916
0.6091
0.60905
0.60899
0.60894
0.60888
0.60883
0.60877
0.60872
0.60867
0.60862
0.60857
0.60852
0.60847
0.60842
0.60838
0.60833
0.60829
0.60824
0.6082
0.60816
0.60811
0.60807
0.60803
0.60799
0.60796
0.60792
0.60788
0.60785
0.60781
0.60778
0.60774
0.60771
0.60768
0.60765
0.60762
0.60759
0.60757
0.60754
0.60751
0.60749
0.60746
0.60744
0.60742
0.6074
0.60738
0.60736
0.60734
0.60732
0.6073
0.60729
0.60727
0.60726
0.60724
0.60723
0.60722
0.60721
0.6072
0.60719
0.60718
0.60717
0.60716
0.60716
0.60715
0.60715
0.60714
0.60714
0.60714
0.60714
0.60713
0.60713
0.60714
0.60714
0.60714
0.60714
0.60714
0.60715
0.60715
0.60716
0.60716
0.60717
0.60718
0.60719
0.60719
0.6072
0.60721
0.60722
0.60724
0.60725
0.60726
0.60727
0.60728
0.6073
0.60731
0.60733
0.60734
0.60736
0.60737
0.60739
0.60741
0.60742
0.60744
0.60746
0.60748
0.6075
0.60751
0.60753
0.60755
0.60757
0.60758
0.60759
0.6076
0.60761
0.60762
0.60764
0.60765
0.60766
0.60767
0.60768
0.60769
0.6077
0.60772
0.60773
0.60774
0.60776
0.60777
0.60778
0.6078
0.60781
0.60782
0.60784
0.60785
0.60786
0.60788
0.60789
0.60791
0.60792
0.60794
0.60795
0.60796
0.60798
0.60799
0.60801
0.60802
0.60804
0.60805
0.60807
0.60808
0.6081
0.60811
0.60812
0.60814
0.60815
0.60817
0.60818
0.6082
0.60821
0.60822
0.60824
0.60825
0.60826
0.60828
0.60829
0.6083
0.60831
0.60833
0.60834
0.60835
0.60836
0.60837
0.60838
0.6084
0.60841
0.60842
0.60843
0.60844
0.60845
0.60845
0.60846
0.60847
0.60848
0.60849
0.60849
0.6085
0.60851
0.60851
0.60852
0.60853
0.60853
0.60853
0.60854
0.60854
0.60854
0.60855
0.60855
0.60855
0.60855
0.60855
0.60855
0.60855
0.60855
0.60855
0.60855
0.60854
0.60854
0.60854
0.60853
0.60853
0.60852
0.60851
0.60851
0.6085
0.60849
0.60848
0.60847
0.60846
0.60845
0.60844
0.60842
0.60841
0.6084
0.60838
0.60837
0.60835
0.60833
0.60832
0.6083
0.60828
0.60826
0.60823
0.60819
0.60816
0.60813
0.6081
0.60806
0.60803
0.60799
0.60795
0.60791
0.60788
0.60784
0.6078
0.60776
0.60771
0.60767
0.60763
0.60758
0.60754
0.60749
0.60745
0.6074
0.60735
0.6073
0.60725
0.6072
0.60715
0.6071
0.60704
0.60699
0.60693
0.60688
0.60682
0.60676
0.60671
0.60665
0.60659
0.60653
0.60647
0.6064
0.60634
0.60628
0.60621
0.60615
0.60608
0.60602
0.60595
0.60588
0.60581
0.60574
0.60567
0.6056
0.60553
0.60545
0.60538
0.6053
0.60523
0.60515
0.60508
0.605
0.60492
0.60484
0.60476
0.60468
0.6046
0.60452
0.60443
0.60435
0.60427
0.60418
0.60409
0.60401
0.60392
0.60383
0.60374
0.60365
0.60356
0.60347
0.60338
0.60329
0.6032
0.6031
0.60301
0.60291
0.60282
0.60272
0.60262
0.60252
0.60243
0.60233
0.60223
0.60213
0.60202
0.60192
0.60182
0.60172
0.60161
0.60151
0.6014
0.6013
0.60119
0.60108
0.60097
0.60086
0.60076
0.60065
0.60053
0.60042
0.60031
0.6002
0.60009
0.59997
0.59986
0.59974
0.59963
0.59951
0.59939
0.59928
0.59916
0.59904
0.59891
0.59879
0.59866
0.59853
0.5984
0.59827
0.59814
0.59801
0.59788
0.59775
0.59762
0.59749
0.59735
0.59722
0.59709
0.59695
0.59682
0.59668
0.59655
0.59641
0.59627
0.59614
0.596
0.59586
0.59572
0.59558
0.59545
0.59531
0.59517
0.59503
0.59488
0.59474
0.5946
0.59446
0.59432
0.59417
0.59403
0.59389
0.59374
0.5936
0.59346
0.59331
0.59317
0.59302
0.59287
0.59273
0.59258
0.59244
0.59229
0.59214
0.59199
0.59185
0.5917
0.59155
0.5914
0.59125
0.59111
0.59096
0.59081
0.59066
0.59051
0.59036
0.59021
0.59006
0.58991
0.58976
0.5896
0.58945
0.5893
0.58915
0.589
0.58885
0.5887
0.58854
0.58839
0.58824
0.58809
0.58793
0.58778
0.58763
0.58748
0.58732
0.58717
0.58702
0.58686
0.58671
0.58656
0.5864
0.58625
0.58609
0.58594
0.58579
0.58563
0.58548
0.58532
0.58517
0.58502
0.58486
0.58471
0.58455
0.5844
0.58424
0.58409
0.58393
0.58378
0.58362
0.58347
0.58332
0.58316
0.58301
0.58285
0.5827
0.58254
0.58239
0.58223
0.58208
0.58192
0.58177
0.58161
0.58146
0.58129
0.58113
0.58097
0.5808
0.58064
0.58047
0.58031
0.58015
0.57998
0.57982
0.57966
0.57949
0.57933
0.57917
0.57901
0.57884
0.57868
0.57852
0.57836
0.57819
0.57803
0.57787
0.57771
0.57755
0.57739
0.57723
0.57707
0.5769
0.57674
0.57658
0.57642
0.57627
0.57611
0.57595
0.57579
0.57563
0.57547
0.57531
0.57516
0.575
0.57484
0.57469
0.57453
0.57437
0.57422
0.57406
0.57391
0.57375
0.5736
0.57344
0.57329
0.57314
0.57299
0.57283
0.57268
0.57253
0.57238
0.57223
0.57208
0.57193
0.57178
0.57163
0.57148
0.57133
0.57119
0.57104
0.57089
0.57075
0.5706
0.57045
0.57031
0.57016
0.57002
0.56988
0.56973
0.56959
0.56945
0.56931
0.56917
0.56903
0.56889
0.56875
0.56861
0.56847
0.56833
0.5682
0.56806
0.56792
0.56779
0.56765
0.56752
0.56739
0.56725
0.56712
0.56699
0.56686
0.56672
0.56659
0.56646
0.56633
0.56621
0.56608
0.56595
0.56582
0.5657
0.56557
0.56545
0.56532
0.5652
0.56507
0.56495
0.56483
0.56471
0.56459
0.56447
0.56435
0.56423
0.56411
0.56399
