0.78013
0.78008
0.78003
0.78
0.77998
0.77997
0.77998
0.78001
0.78006
0.78013
0.78022
0.78033
0.78044
0.78045
0.78047
0.78051
0.78056
0.78064
0.78074
0.78086
0.78101
0.78117
0.78136
0.78156
0.78177
0.78187
0.78198
0.78211
0.78225
0.78242
0.7826
0.78281
0.78304
0.78329
0.78355
0.78383
0.78413
0.78431
0.7845
0.78471
0.78494
0.78519
0.78545
0.78574
0.78605
0.78638
0.78673
0.7871
0.78747
0.78773
0.78801
0.78829
0.7886
0.78892
0.78927
0.78963
0.79002
0.79042
0.79085
0.79128
0.79173
0.79206
0.7924
0.79276
0.79313
0.79353
0.79394
0.79437
0.79482
0.79529
0.79577
0.79627
0.79678
0.79717
0.79757
0.79798
0.79841
0.79886
0.79932
0.79981
0.80031
0.80083
0.80136
0.80191
0.80246
0.8029
0.80334
0.8038
0.80427
0.80476
0.80526
0.80578
0.80632
0.80687
0.80744
0.80801
0.8086
0.80906
0.80953
0.81001
0.8105
0.81101
0.81153
0.81207
0.81262
0.8132
0.81378
0.81437
0.81497
0.81545
0.81594
0.81644
0.81694
0.81746
0.81799
0.81853
0.81908
0.81965
0.82022
0.8208
0.82137
0.82182
0.82227
0.82272
0.82317
0.82364
0.82412
0.82461
0.8251
0.82561
0.82613
0.82666
0.82718
0.82759
0.82799
0.82841
0.82883
0.82927
0.82971
0.83017
0.83064
0.83112
0.83161
0.83211
0.83261
0.83297
0.83334
0.83372
0.8341
0.83449
0.83489
0.8353
0.83572
0.83615
0.83658
0.83702
0.83746
0.83778
0.83809
0.8384
0.83873
0.83906
0.8394
0.83974
0.8401
0.84047
0.84084
0.84122
0.84159
0.84184
0.84208
0.84233
0.84258
0.84284
0.8431
0.84338
0.84366
0.84396
0.84425
0.84455
0.84485
0.84501
0.84518
0.84534
0.84551
0.84569
0.84588
0.84607
0.84627
0.84648
0.84669
0.8469
0.84712
0.84719
0.84727
0.84735
0.84743
0.84752
0.84761
0.84772
0.84783
0.84795
0.84807
0.84819
0.84831
0.84829
0.84828
0.84827
0.84826
0.84825
0.84825
0.84826
0.84828
0.8483
0.84832
0.84835
0.84837
0.84826
0.84814
0.84803
0.84792
0.84782
0.84772
0.84764
0.84756
0.84749
0.84742
0.84736
0.8473
0.8471
0.84691
0.84671
0.84652
0.84634
0.84615
0.84598
0.8458
0.84563
0.84546
0.84528
0.8451
0.84477
0.84443
0.84409
0.84376
0.84342
0.84309
0.84276
0.84244
0.84212
0.84181
0.84149
0.84118
0.84074
0.84031
0.83987
0.83945
0.83903
0.83862
0.83822
0.83784
0.83746
0.83709
0.83672
0.83636
0.83586
0.83536
0.83487
0.83438
0.8339
0.83343
0.83297
0.83252
0.83208
0.83165
0.83123
0.8308
0.83025
0.8297
0.82916
0.82862
0.8281
0.82758
0.82708
0.82659
0.82612
0.82565
0.82519
0.82473
0.82414
0.82356
0.82299
0.82242
0.82187
0.82133
0.82081
0.8203
0.8198
0.81931
0.81883
0.81836
0.81776
0.81716
0.81658
0.81601
0.81545
0.8149
0.81437
0.81386
0.81336
0.81287
0.81239
0.81192
0.81133
0.81074
0.81016
0.8096
0.80905
0.80852
0.808
0.8075
0.80702
0.80655
0.8061
0.80565
0.80508
0.80451
0.80396
0.80343
0.80291
0.80241
0.80193
0.80146
0.80102
0.80059
0.80017
0.79976
0.79924
0.79872
0.79822
0.79773
0.79726
0.79681
0.79638
0.79597
0.79557
0.79519
0.79482
0.79447
0.79399
0.79352
0.79307
0.79263
0.79222
0.79183
0.79146
0.79111
0.79079
0.79049
0.79021
0.78994
0.78957
0.78921
0.78888
0.78856
0.78827
0.78801
0.78776
0.78754
0.78735
0.78717
0.787
0.78685
0.78658
0.78633
0.78608
0.78586
0.78565
0.78546
0.7853
0.78515
0.78503
0.78492
0.78483
0.78475
0.78456
0.78438
0.78422
0.78408
0.78396
0.78386
0.78378
0.78372
0.78368
0.78367
0.78366
0.78367
0.78357
0.78348
0.7834
0.78334
0.78331
0.78329
0.78329
0.78332
0.78337
0.78343
0.78352
0.78361
0.78359
0.78358
0.78358
0.78361
0.78365
0.78372
0.78381
0.78391
0.78404
0.78419
0.78435
0.78452
0.78458
0.78465
0.78473
0.78483
0.78495
0.78509
0.78525
0.78544
0.78564
0.78586
0.78609
0.78633
0.78646
0.7866
0.78676
0.78693
0.78711
0.78732
0.78755
0.7878
0.78807
0.78835
0.78864
0.78895
0.78914
0.78934
0.78956
0.78979
0.79003
0.7903
0.79058
0.79089
0.79121
0.79154
0.79189
0.79225
0.79248
0.79273
0.79299
0.79327
0.79356
0.79387
0.7942
0.79454
0.79491
0.79529
0.79568
0.79608
0.79636
0.79666
0.79696
0.79728
0.79761
0.79796
0.79832
0.79869
0.79908
0.79948
0.79988
0.80029
0.80057
0.80085
0.80114
0.80144
0.80175
0.80207
0.80241
0.80276
0.80312
0.8035
0.80388
0.80428
0.80455
0.80483
0.80512
0.80542
0.80574
0.80607
0.80642
0.80678
0.80716
0.80755
0.80795
0.80836
0.80864
0.80892
0.80921
0.80952
0.80984
0.81017
0.81051
0.81087
0.81124
0.81162
0.81201
0.81241
0.81268
0.81296
0.81324
0.81353
0.81384
0.81416
0.81449
0.81484
0.8152
0.81557
0.81594
0.81632
0.81658
0.81683
0.8171
0.81737
0.81766
0.81796
0.81827
0.8186
0.81893
0.81928
0.81963
0.81998
0.82021
0.82045
0.82069
0.82093
0.82119
0.82146
0.82175
0.82204
0.82235
0.82266
0.82298
0.82331
0.8235
0.8237
0.82391
0.82412
0.82435
0.82459
0.82483
0.82509
0.82536
0.82564
0.82593
0.82621
0.82637
0.82653
0.8267
0.82688
0.82706
0.82726
0.82747
0.82768
0.82791
0.82815
0.82839
0.82864
0.82875
0.82887
0.82899
0.82912
0.82926
0.82941
0.82958
0.82975
0.82994
0.83013
0.83034
0.83054
0.83062
0.8307
0.83078
0.83087
0.83097
0.83108
0.8312
0.83133
0.83147
0.83161
0.83175
0.8319
0.8319
0.83191
0.83192
0.83193
0.83195
0.83198
0.83202
0.83206
0.83212
0.83219
0.83226
0.83233
0.83228
0.83223
0.83218
0.83215
0.83212
0.83211
0.83211
0.83212
0.83215
0.83218
0.83222
0.83226
0.83217
0.83209
0.83201
0.83194
0.83188
0.83183
0.83179
0.83177
0.83176
0.83175
0.83175
0.83176
0.83164
0.83152
0.83141
0.83131
0.83122
0.83114
0.83107
0.83102
0.83098
0.83095
0.83093
0.83091
0.83076
0.83062
0.83048
0.83035
0.83024
0.83014
0.83005
0.82998
0.82992
0.82987
0.82983
0.82979
0.82962
0.82946
0.82931
0.82917
0.82904
0.82893
0.82883
0.82874
0.82867
0.82861
0.82855
0.8285
0.82833
0.82816
0.828
0.82785
0.82772
0.8276
0.82749
0.8274
0.82733
0.82726
0.8272
0.82715
0.82698
0.82681
0.82665
0.8265
0.82637
0.82625
0.82615
0.82606
0.82599
0.82593
0.82588
0.82583
0.82567
0.82551
0.82536
0.82522
0.8251
0.82499
0.8249
0.82482
0.82476
0.82471
0.82467
0.82464
0.82448
0.82432
0.82418
0.82405
0.82394
0.82385
0.82377
0.82372
0.82368
0.82365
0.82364
0.82365
0.82353
0.82342
0.82333
0.82325
0.8232
0.82316
0.82314
0.82314
0.82315
0.82318
0.82322
0.82327
0.82319
0.82312
0.82306
0.82301
0.82298
0.82297
0.82297
0.82299
0.82302
0.82307
0.82313
0.8232
0.82314
0.82309
0.82306
0.82304
0.82303
0.82304
0.82307
0.82312
0.82318
0.82326
0.82335
0.82344
0.82342
0.8234
0.82339
0.8234
0.82342
0.82346
0.82351
0.82359
0.82367
0.82378
0.82389
0.82402
0.82401
0.82402
0.82404
0.82407
0.82412
0.82418
0.82427
0.82437
0.82448
0.82461
0.82475
0.8249
0.82492
0.82496
0.825
0.82506
0.82513
0.82522
0.82533
0.82545
0.82559
0.82574
0.82591
0.82608
0.82613
0.82618
0.82625
0.82633
0.82642
0.82654
0.82667
0.82681
0.82697
0.82715
0.82734
0.82753
0.8276
0.82768
0.82776
0.82787
0.82798
0.82811
0.82826
0.82843
0.82861
0.8288
0.82901
0.82922
0.8293
0.8294
0.8295
0.82962
0.82975
0.8299
0.83006
0.83025
0.83045
0.83066
0.83089
0.83112
0.83124
0.83136
0.83149
0.83163
0.83179
0.83196
0.83214
0.83234
0.83255
0.83276
0.83299
0.83321
0.8333
0.83339
0.83348
0.83359
0.83371
0.83383
0.83398
0.83413
0.8343
0.83449
0.83468
0.83488
0.83496
0.83504
0.83514
0.83525
0.83538
0.83553
0.83569
0.83587
0.83607
0.83628
0.83651
0.83674
0.83684
0.83695
0.83707
0.8372
0.83735
0.83751
0.83769
0.83789
0.8381
0.83833
0.83857
0.83881
0.83893
0.83906
0.8392
0.83935
0.83952
0.83971
0.83991
0.84013
0.84037
0.84062
0.84088
0.84115
0.84129
0.84144
0.8416
0.84178
0.84197
0.84218
0.84241
0.84265
0.84292
0.84319
0.84348
0.84377
0.84394
0.84412
0.84431
0.84451
0.84473
0.84497
0.84522
0.8455
0.84579
0.84609
0.84641
0.84673
0.84693
0.84714
0.84735
0.84759
0.84784
0.8481
0.84839
0.84869
0.84901
0.84935
0.8497
0.85005
0.85028
0.85052
0.85077
0.85103
0.85131
0.85161
0.85193
0.85227
0.85262
0.85299
0.85337
0.85376
0.85402
0.85429
0.85457
0.85487
0.85518
0.85551
0.85587
0.85624
0.85663
0.85703
0.85745
0.85787
0.85817
0.85848
0.85879
0.85913
0.85948
0.85985
0.86024
0.86064
0.86106
0.8615
0.86194
0.8624
0.86272
0.86305
0.8634
0.86375
0.86413
0.86452
0.86493
0.86535
0.8658
0.86626
0.86673
0.86721
0.86756
0.86792
0.8683
0.86869
0.86909
0.86952
0.86996
0.87043
0.87091
0.8714
0.87191
0.87243
0.87282
0.87321
0.87362
0.87404
0.87448
0.87494
0.87541
0.87591
0.87642
0.87695
0.87749
0.87804
0.87845
0.87888
0.87932
0.87977
0.88024
0.88073
0.88123
0.88176
0.8823
0.88286
0.88342
0.884
0.88445
0.8849
0.88536
0.88584
0.88634
0.88685
0.88738
0.88793
0.8885
0.88908
0.88968
0.89028
0.89074
0.89122
0.89171
0.89221
0.89272
0.89326
0.89381
0.89438
0.89497
0.89557
0.89618
0.8968
0.89728
0.89777
0.89827
0.89879
0.89932
0.89987
0.90044
0.90102
0.90162
0.90223
0.90286
0.90349
0.90398
0.90448
0.90499
0.90551
0.90605
0.90661
0.90718
0.90777
0.90837
0.90899
0.90962
0.91025
0.91074
0.91125
0.91176
0.91228
0.91282
0.91337
0.91394
0.91453
0.91513
0.91574
0.91636
0.91698
0.91746
0.91795
0.91845
0.91896
0.91948
0.92002
0.92058
0.92115
0.92174
0.92234
0.92295
0.92356
0.92404
0.92453
0.92502
0.92553
0.92605
0.92659
0.92714
0.92771
0.92829
0.92888
0.92948
0.93008
0.93054
0.931
0.93147
0.93195
0.93243
0.93294
0.93345
0.93398
0.93452
0.93507
0.93562
0.93618
0.9366
0.93701
0.93744
0.93787
0.93831
0.93877
0.93924
0.93972
0.94021
0.94071
0.94122
0.94172
0.94208
0.94245
0.94281
0.94319
0.94358
0.94397
0.94438
0.9448
0.94524
0.94567
0.94612
0.94656
0.94686
0.94715
0.94746
0.94776
0.94808
0.94841
0.94875
0.9491
0.94946
0.94983
0.9502
0.95057
0.95079
0.95101
0.95123
0.95146
0.9517
0.95195
0.95221
0.95248
0.95276
0.95305
0.95334
0.95362
0.95376
0.9539
0.95404
0.95418
0.95434
0.9545
0.95467
0.95486
0.95505
0.95524
0.95544
0.95564
0.95569
0.95574
0.95579
0.95584
0.9559
0.95597
0.95605
0.95614
0.95624
0.95634
0.95644
0.95655
0.95649
0.95644
0.95639
0.95635
0.95631
0.95628
0.95627
0.95626
0.95627
0.95628
0.95629
0.9563
0.95617
0.95604
0.9559
0.95578
0.95565
0.95554
0.95543
0.95532
0.95522
0.95512
0.95501
0.9549
0.95462
0.95434
0.95405
0.95377
0.95348
0.95321
0.95293
0.95267
0.95241
0.95216
0.95191
0.95165
0.95126
0.95087
0.95048
0.95009
0.94972
0.94936
0.94901
0.94868
0.94835
0.94803
0.94771
0.9474
0.94693
0.94647
0.94601
0.94555
0.94511
0.94468
0.94426
0.94385
0.94345
0.94305
0.94267
0.94228
0.94175
0.94122
0.9407
0.94018
0.93968
0.93919
0.93871
0.93825
0.9378
0.93735
0.93692
0.93648
0.9359
0.93533
0.93476
0.9342
0.93366
0.93312
0.93261
0.9321
0.93161
0.93114
0.93066
0.9302
0.92959
0.92898
0.92839
0.92781
0.92723
0.92668
0.92614
0.92562
0.92511
0.92461
0.92413
0.92365
0.92302
0.92241
0.9218
0.92121
0.92064
0.92008
0.91953
0.91901
0.9185
0.91801
0.91752
0.91704
0.91643
0.91582
0.91523
0.91464
0.91408
0.91353
0.91301
0.9125
0.91201
0.91153
0.91107
0.91062
0.91003
0.90945
0.90888
0.90833
0.9078
0.90728
0.90679
0.90632
0.90586
0.90542
0.905
0.90458
0.90403
0.90349
0.90296
0.90245
0.90196
0.90149
0.90105
0.90063
0.90023
0.89985
0.89948
0.89913
0.89865
0.89819
0.89774
0.89731
0.89691
0.89653
0.89617
0.89583
0.89552
0.89522
0.89495
0.89468
0.89428
0.8939
0.89353
0.89318
0.89285
0.89254
0.89226
0.89199
0.89176
0.89154
0.89133
0.89114
0.89083
0.89052
0.89023
0.88996
0.88972
0.8895
0.8893
0.88913
0.88898
0.88885
0.88873
0.88864
0.88841
0.88819
0.888
0.88782
0.88767
0.88754
0.88743
0.88735
0.8873
0.88726
0.88724
0.88724
0.8871
0.88699
0.88689
0.88681
0.88675
0.88672
0.88671
0.88673
0.88677
0.88683
0.88691
0.887
0.88697
0.88695
0.88695
0.88697
0.88701
0.88707
0.88717
0.88728
0.88742
0.88758
0.88776
0.88795
0.88802
0.88809
0.88819
0.88831
0.88845
0.88861
0.8888
0.88901
0.88925
0.88951
0.88978
0.89007
0.89023
0.8904
0.89059
0.89081
0.89104
0.8913
0.89158
0.89189
0.89222
0.89257
0.89293
0.89331
0.89356
0.89382
0.8941
0.8944
0.89473
0.89507
0.89544
0.89584
0.89625
0.89669
0.89714
0.89761
0.89794
0.89829
0.89866
0.89904
0.89945
0.89988
0.90033
0.9008
0.90129
0.9018
0.90232
0.90286
0.90326
0.90366
0.90409
0.90453
0.90499
0.90547
0.90597
0.90649
0.90704
0.9076
0.90818
0.90876
0.90922
0.90968
0.91016
0.91066
0.91118
0.91172
0.91229
0.91287
0.91347
0.91409
0.91473
0.91538
0.91588
0.9164
0.91694
0.91749
0.91805
0.91864
0.91925
0.91988
0.92053
0.92119
0.92187
0.92255
0.9231
0.92366
0.92423
0.92482
0.92542
0.92604
0.92669
0.92735
0.92803
0.92872
0.92943
0.93015
0.93072
0.9313
0.9319
0.93251
0.93314
0.93378
0.93444
0.93513
0.93582
0.93654
0.93726
0.93799
0.93858
0.93917
0.93978
0.9404
0.94103
0.94169
0.94236
0.94304
0.94375
0.94446
0.94519
0.94592
0.94651
0.9471
0.94771
0.94832
0.94895
0.9496
0.95026
0.95094
0.95164
0.95234
0.95306
0.95378
0.95435
0.95493
0.95552
0.95612
0.95673
0.95736
0.958
0.95866
0.95933
0.96002
0.96071
0.9614
0.96195
0.96249
0.96305
0.96362
0.9642
0.9648
0.96541
0.96603
0.96667
0.96732
0.96798
0.96865
0.96916
0.96968
0.97021
0.97074
0.97129
0.97185
0.97242
0.973
0.97359
0.97418
0.97478
0.97537
0.97581
0.97625
0.97669
0.97713
0.97759
0.97805
0.97852
0.97901
0.9795
0.98001
0.98052
0.98103
0.98139
0.98176
0.98213
0.98251
0.9829
0.98331
0.98373
0.98417
0.98461
0.98507
0.98553
0.98599
0.98629
0.9866
0.98692
0.98724
0.98757
0.98792
0.98828
0.98865
0.98903
0.98942
0.98981
0.99021
0.99045
0.9907
0.99095
0.99121
0.99148
0.99176
0.99205
0.99236
0.99268
0.99301
0.99334
0.99367
0.99385
0.99403
0.99422
0.99441
0.99462
0.99484
0.99507
0.99531
0.99556
0.99583
0.9961
0.99637
0.99648
0.9966
0.99672
0.99685
0.99699
0.99715
0.99732
0.9975
0.99769
0.99789
0.9981
0.9983
0.99836
0.99841
0.99847
0.99854
0.99862
0.99871
0.99882
0.99894
0.99907
0.99921
0.99936
0.9995
0.9995
0.99949
0.99949
0.9995
0.99952
0.99956
0.9996
0.99967
0.99974
0.99982
0.99991
1
0.99994
0.99988
0.99982
0.99978
0.99974
0.99972
0.99972
0.99972
0.99974
0.99977
0.9998
0.99983
0.99971
0.9996
0.99948
0.99938
0.99929
0.99922
0.99916
0.99912
0.99909
0.99907
0.99906
0.99905
0.9989
0.99875
0.9986
0.99847
0.99835
0.99825
0.99816
0.99809
0.99803
0.99798
0.99794
0.9979
0.99771
0.99752
0.99734
0.99716
0.997
0.99685
0.99672
0.9966
0.9965
0.9964
0.99631
0.99623
0.99599
0.99576
0.99553
0.99531
0.99511
0.99492
0.99475
0.99459
0.99444
0.99431
0.99418
0.99406
0.99378
0.99351
0.99325
0.99299
0.99275
0.99253
0.99232
0.99212
0.99194
0.99177
0.9916
0.99144
0.99113
0.99082
0.99052
0.99023
0.98996
0.9897
0.98945
0.98922
0.98901
0.9888
0.9886
0.98841
0.98807
0.98773
0.98739
0.98707
0.98677
0.98648
0.9862
0.98594
0.98569
0.98546
0.98523
0.98501
0.98463
0.98427
0.98391
0.98356
0.98322
0.9829
0.9826
0.98231
0.98204
0.98178
0.98152
0.98127
0.98087
0.98048
0.9801
0.97972
0.97936
0.97902
0.97869
0.97838
0.97808
0.9778
0.97752
0.97725
0.97682
0.97641
0.976
0.9756
0.97522
0.97485
0.97451
0.97417
0.97386
0.97356
0.97326
0.97298
0.97254
0.97212
0.9717
0.97129
0.9709
0.97052
0.97016
0.96981
0.96947
0.96914
0.96882
0.9685
0.96803
0.96756
0.96709
0.96664
0.96619
0.96577
0.96535
0.96496
0.96457
0.9642
0.96384
0.96348
0.96298
0.96249
0.96201
0.96154
0.96109
0.96066
0.96025
0.95985
0.95947
0.9591
0.95874
0.9584
0.9579
0.95741
0.95693
0.95647
0.95602
0.95558
0.95517
0.95477
0.95439
0.95403
0.95367
0.95333
0.95283
0.95235
0.95188
0.95142
0.95098
0.95055
0.95015
0.94976
0.94939
0.94904
0.94869
0.94836
0.94788
0.94741
0.94695
0.9465
0.94608
0.94567
0.94528
0.94491
0.94455
0.94422
0.94389
0.94357
0.94311
0.94266
0.94222
0.9418
0.94139
0.941
0.94063
0.94028
0.93995
0.93964
0.93934
0.93904
0.93861
0.93818
0.93777
0.93737
0.93699
0.93663
0.93629
0.93597
0.93566
0.93538
0.9351
0.93484
0.93443
0.93404
0.93365
0.93329
0.93294
0.93261
0.9323
0.93202
0.93174
0.93149
0.93125
0.93102
0.93065
0.93028
0.92993
0.9296
0.92929
0.929
0.92872
0.92847
0.92824
0.92802
0.92782
0.92763
0.9273
0.92699
0.92668
0.92639
0.92612
0.92587
0.92564
0.92543
0.92523
0.92505
0.92488
0.92472
0.92441
0.92412
0.92383
0.92356
0.92331
0.92307
0.92286
0.92266
0.92248
0.92232
0.92218
0.92204
0.92177
0.9215
0.92126
0.92103
0.92082
0.92063
0.92046
0.92031
0.92018
0.92007
0.91998
0.91989
0.91967
0.91945
0.91925
0.91907
0.9189
0.91876
0.91864
0.91853
0.91845
0.91839
0.91833
0.91829
0.91811
0.91794
0.91779
0.91765
0.91753
0.91744
0.91736
0.91731
0.91727
0.91725
0.91724
0.91725
0.91711
0.91699
0.91688
0.91679
0.91672
0.91667
0.91664
0.91663
0.91663
0.91666
0.9167
0.91675
0.91666
0.91658
0.91652
0.91647
0.91644
0.91643
0.91644
0.91647
0.91652
0.91659
0.91667
0.91676
0.91671
0.91668
0.91665
0.91664
0.91666
0.91669
0.91674
0.91681
0.9169
0.917
0.91712
0.91724
0.91723
0.91723
0.91724
0.91727
0.91732
0.91738
0.91746
0.91757
0.91769
0.91783
0.91798
0.91814
0.91816
0.91819
0.91823
0.91829
0.91837
0.91846
0.91857
0.9187
0.91885
0.91901
0.91918
0.91936
0.9194
0.91944
0.9195
0.91957
0.91966
0.91977
0.9199
0.92005
0.92022
0.92041
0.92061
0.92083
0.92091
0.921
0.9211
0.92122
0.92136
0.92152
0.9217
0.9219
0.92211
0.92234
0.92258
0.92283
0.92293
0.92304
0.92316
0.92329
0.92343
0.92359
0.92376
0.92396
0.92416
0.92438
0.9246
0.92484
0.92493
0.92503
0.92513
0.92525
0.92538
0.92553
0.9257
0.92588
0.92607
0.92627
0.92649
0.9267
0.92678
0.92686
0.92695
0.92705
0.92716
0.92728
0.92742
0.92758
0.92775
0.92792
0.92811
0.9283
0.92834
0.92839
0.92845
0.92852
0.92859
0.92869
0.92879
0.92891
0.92904
0.92918
0.92933
0.92948
0.92949
0.9295
0.92951
0.92954
0.92957
0.92962
0.92969
0.92976
0.92985
0.92994
0.93004
0.93014
0.9301
0.93006
0.93003
0.93
0.92999
0.92999
0.93
0.93002
0.93005
0.93009
0.93014
0.93019
0.93009
0.93
0.92991
0.92983
0.92976
0.9297
0.92966
0.92962
0.92959
0.92957
0.92956
0.92955
0.92938
0.92922
0.92907
0.92892
0.92879
0.92866
0.92856
0.92846
0.92838
0.92831
0.92824
0.92818
0.92798
0.92779
0.9276
0.92741
0.92723
0.92706
0.9269
0.92674
0.92658
0.92642
0.92625
0.92608
0.92574
0.9254
0.92505
0.9247
0.92435
0.92401
0.92367
0.92334
0.92302
0.92271
0.9224
0.92209
0.92165
0.92122
0.92079
0.92038
0.91998
0.91959
0.91922
0.91887
0.91853
0.9182
0.91788
0.91756
0.9171
0.91664
0.91618
0.91574
0.91531
0.9149
0.9145
0.91411
0.91374
0.91337
0.91302
0.91267
0.91218
0.9117
0.91123
0.91077
0.91033
0.9099
0.90949
0.90909
0.90871
0.90834
0.90799
0.90764
0.90715
0.90667
0.9062
0.90574
0.9053
0.90487
0.90447
0.90408
0.90371
0.90335
0.90301
0.90267
0.9022
0.90174
0.90128
0.90085
0.90043
0.90003
0.89965
0.89929
0.89894
0.89862
0.8983
0.898
0.89756
0.89713
0.89672
0.89632
0.89594
0.89558
0.89524
0.89492
0.89463
0.89435
0.89408
0.89382
0.89343
0.89306
0.89269
0.89235
0.89202
0.89172
0.89144
0.89118
0.89095
0.89073
0.89053
0.89034
0.89002
0.88972
0.88943
0.88916
0.88891
0.88868
0.88847
0.88828
0.88811
0.88796
0.88783
0.8877
0.88744
0.88719
0.88696
0.88675
0.88657
0.88641
0.88628
0.88618
0.88611
0.88606
0.88604
0.88605
0.88594
0.88585
0.88578
0.88574
0.88574
0.88576
0.88581
0.88588
0.88599
0.88611
0.88625
0.8864
0.88642
0.88645
0.88649
0.88655
0.88664
0.88674
0.88686
0.88701
0.88718
0.88736
0.88757
0.88778
0.88787
0.88797
0.88809
0.88822
0.88838
0.88856
0.88877
0.889
0.88925
0.88951
0.8898
0.89009
0.89025
0.89043
0.89062
0.89083
0.89105
0.8913
0.89158
0.89187
0.89218
0.89251
0.89286
0.89321
0.89343
0.89367
0.89392
0.89418
0.89447
0.89477
0.8951
0.89544
0.89581
0.89619
0.89658
0.89698
0.89725
0.89753
0.89782
0.89813
0.89846
0.8988
0.89916
0.89955
0.89995
0.90036
0.90079
0.90122
0.90152
0.90183
0.90215
0.90248
0.90283
0.9032
0.90358
0.90399
0.90441
0.90484
0.90528
0.90573
0.90604
0.90636
0.90669
0.90704
0.90739
0.90777
0.90815
0.90856
0.90898
0.90941
0.90985
0.91029
0.91059
0.9109
0.91122
0.91154
0.91189
0.91225
0.91262
0.91301
0.91342
0.91384
0.91426
0.9147
0.915
0.9153
0.91561
0.91593
0.91626
0.91659
0.91694
0.9173
0.91766
0.91802
0.91839
0.91874
0.91895
0.91914
0.91934
0.91954
0.91974
0.91995
0.92017
0.9204
0.92064
0.92088
0.92113
0.92138
0.92149
0.92161
0.92174
0.92187
0.92202
0.92218
0.92236
0.92255
0.92275
0.92296
0.92317
0.92339
0.92346
0.92353
0.9236
0.92369
0.92378
0.92388
0.924
0.92413
0.92426
0.92441
0.92456
0.92471
0.92472
0.92473
0.92474
0.92477
0.9248
0.92484
0.9249
0.92497
0.92505
0.92513
0.92522
0.92532
0.92526
0.92521
0.92517
0.92513
0.9251
0.92509
0.92508
0.92509
0.92511
0.92514
0.92517
0.9252
0.92509
0.92498
0.92487
0.92478
0.92469
0.92462
0.92456
0.92451
0.92447
0.92444
0.92441
0.92439
0.92422
0.92405
0.92389
0.92374
0.9236
0.92347
0.92336
0.92325
0.92316
0.92307
0.923
0.92292
0.9227
0.92249
0.92228
0.92208
0.92189
0.92171
0.92154
0.92139
0.92125
0.92112
0.921
0.92088
0.92061
0.92035
0.9201
0.91985
0.91962
0.9194
0.9192
0.91901
0.91883
0.91866
0.9185
0.91834
0.91805
0.91776
0.91747
0.9172
0.91694
0.91669
0.91645
0.91623
0.91602
0.91582
0.91562
0.91543
0.91509
0.91476
0.91443
0.91412
0.91381
0.91352
0.91324
0.91298
0.91273
0.91249
0.91227
0.91204
0.91168
0.91133
0.91098
0.91065
0.91033
0.91003
0.90975
0.90948
0.90923
0.90899
0.90876
0.90853
0.90817
0.90782
0.90747
0.90714
0.90682
0.90652
0.90624
0.90598
0.90573
0.90549
0.90527
0.90505
0.9047
0.90435
0.90402
0.90369
0.90339
0.9031
0.90284
0.90259
0.90236
0.90214
0.90193
0.90173
0.9014
0.90108
0.90076
0.90047
0.90019
0.89993
0.89968
0.89946
0.89926
0.89907
0.89889
0.89872
0.89842
0.89813
0.89785
0.89758
0.89734
0.89711
0.89691
0.89672
0.89655
0.8964
0.89626
0.89613
0.89587
0.89562
0.89538
0.89516
0.89496
0.89477
0.89461
0.89447
0.89435
0.89424
0.89415
0.89407
0.89385
0.89365
0.89346
0.89329
0.89313
0.893
0.89289
0.8928
0.89273
0.89267
0.89263
0.89261
0.89245
0.8923
0.89216
0.89205
0.89195
0.89187
0.89182
0.89178
0.89176
0.89176
0.89177
0.89179
0.89168
0.89158
0.89149
0.89142
0.89137
0.89135
0.89135
0.89137
0.89141
0.89148
0.89156
0.89166
0.89163
0.89162
0.89163
0.89165
0.8917
0.89177
0.89187
0.89199
0.89213
0.89228
0.89245
0.89264
0.89268
0.89274
0.8928
0.89289
0.89299
0.89311
0.89325
0.89341
0.89359
0.89378
0.89399
0.89421
0.89429
0.89439
0.8945
0.89462
0.89476
0.89493
0.89511
0.89531
0.89553
0.89576
0.89601
0.89627
0.89639
0.89652
0.89666
0.89682
0.897
0.89719
0.8974
0.89763
0.89788
0.89814
0.89842
0.8987
0.89885
0.899
0.89917
0.89934
0.89954
0.89975
0.89998
0.90023
0.9005
0.90077
0.90106
0.90136
0.90152
0.90168
0.90186
0.90205
0.90225
0.90247
0.90271
0.90296
0.90323
0.90351
0.9038
0.90409
0.90425
0.90442
0.90459
0.90477
0.90497
0.90519
0.90542
0.90566
0.90592
0.90619
0.90647
0.90676
0.9069
0.90705
0.90721
0.90738
0.90757
0.90776
0.90797
0.9082
0.90843
0.90868
0.90893
0.90919
0.90931
0.90942
0.90955
0.90969
0.90984
0.91
0.91018
0.91038
0.91058
0.9108
0.91103
0.91126
0.91136
0.91147
0.91157
0.91169
0.91181
0.91195
0.91209
0.91224
0.91239
0.91255
0.9127
0.91285
0.91284
0.91282
0.91281
0.91279
0.91278
0.91278
0.91278
0.91279
0.91281
0.91284
0.91287
0.91291
0.91281
0.91272
0.91263
0.91255
0.91249
0.91244
0.9124
0.91238
0.91237
0.91237
0.91238
0.91239
0.91225
0.91212
0.91199
0.91187
0.91176
0.91166
0.91158
0.91151
0.91145
0.9114
0.91135
0.91131
0.91112
0.91094
0.91077
0.91061
0.91046
0.91032
0.91019
0.91008
0.90998
0.90989
0.9098
0.90972
0.9095
0.90928
0.90907
0.90887
0.90868
0.90851
0.90834
0.9082
0.90806
0.90793
0.90782
0.9077
0.90745
0.9072
0.90696
0.90672
0.90651
0.9063
0.90611
0.90593
0.90577
0.90562
0.90547
0.90533
0.90506
0.90478
0.90452
0.90426
0.90402
0.9038
0.90358
0.90339
0.90321
0.90304
0.90287
0.90272
0.90242
0.90213
0.90185
0.90158
0.90133
0.90109
0.90087
0.90066
0.90047
0.90029
0.90012
0.89995
0.89965
0.89936
0.89907
0.8988
0.89855
0.8983
0.89808
0.89787
0.89767
0.89749
0.89731
0.89715
0.89684
0.89654
0.89625
0.89597
0.89571
0.89547
0.89525
0.89505
0.89486
0.8947
0.89454
0.8944
0.89413
0.89387
0.89363
0.8934
0.89319
0.893
0.89283
0.89268
0.89255
0.89243
0.89232
0.89222
0.89199
0.89176
0.89154
0.89133
0.89114
0.89097
0.89081
0.89067
0.89055
0.89044
0.89034
0.89025
0.89003
0.88982
0.88961
0.88943
0.88925
0.8891
0.88897
0.88885
0.88875
0.88866
0.88859
0.88852
0.88832
0.88813
0.88795
0.88779
0.88764
0.88751
0.88739
0.8873
0.88722
0.88716
0.88711
0.88706
0.88689
0.88672
0.88656
0.88642
0.88629
0.88618
0.8861
0.88602
0.88597
0.88593
0.8859
0.88588
0.88573
0.88558
0.88545
0.88533
0.88523
0.88515
0.88508
0.88503
0.885
0.88499
0.88498
0.88499
0.88486
0.88473
0.88462
0.88453
0.88445
0.88439
0.88435
0.88432
0.88431
0.88432
0.88434
0.88436
0.88426
0.88416
0.88407
0.884
0.88394
0.8839
0.88388
0.88388
0.88389
0.88392
0.88395
0.884
0.88391
0.88383
0.88376
0.8837
0.88366
0.88364
0.88364
0.88366
0.88369
0.88374
0.8838
0.88387
0.88381
0.88375
0.88371
0.88368
0.88367
0.88367
0.88368
0.88372
0.88376
0.88381
0.88388
0.88394
0.88387
0.8838
0.88373
0.88368
0.88364
0.88361
0.8836
0.88361
0.88363
0.88366
0.88371
0.88376
0.88368
0.88361
0.88355
0.88351
0.88348
0.88347
0.88348
0.88351
0.88355
0.88361
0.88368
0.88376
0.8837
0.88365
0.88361
0.88358
0.88357
0.88358
0.8836
0.88364
0.8837
0.88377
0.88385
0.88394
0.8839
0.88386
0.88383
0.88382
0.88383
0.88385
0.88389
0.88395
0.88402
0.88411
0.8842
0.88431
0.88428
0.88426
0.88425
0.88425
0.88427
0.88431
0.88437
0.88444
0.88453
0.88463
0.88474
0.88487
0.88485
0.88485
0.88485
0.88487
0.88491
0.88496
0.88503
0.88512
0.88523
0.88534
0.88547
0.88561
0.88561
0.88562
0.88564
0.88568
0.88573
0.8858
0.88588
0.88598
0.8861
0.88624
0.88638
0.88653
0.88655
0.88657
0.88661
0.88666
0.88672
0.88681
0.88691
0.88702
0.88716
0.8873
0.88746
0.88762
0.88765
0.88769
0.88774
0.8878
0.88788
0.88797
0.88809
0.88822
0.88837
0.88853
0.8887
0.88888
0.88892
0.88898
0.88904
0.88912
0.88922
0.88932
0.88945
0.88959
0.88975
0.88992
0.89009
0.89027
0.89032
0.89037
0.89043
0.8905
0.89058
0.89068
0.8908
0.89093
0.89108
0.89124
0.89141
0.89159
0.89163
0.89169
0.89175
0.89183
0.89192
0.89203
0.89216
0.8923
0.89246
0.89264
0.89282
0.89302
0.89307
0.89314
0.89321
0.8933
0.8934
0.89352
0.89366
0.89381
0.89398
0.89416
0.89435
0.89455
0.89462
0.89469
0.89477
0.89487
0.89498
0.8951
0.89525
0.89541
0.89558
0.89577
0.89597
0.89618
0.89625
0.89633
0.89642
0.89652
0.89664
0.89677
0.89692
0.89709
0.89727
0.89746
0.89767
0.89788
0.89795
0.89804
0.89813
0.89823
0.89835
0.89849
0.89865
0.89882
0.899
0.8992
0.89941
0.89962
0.8997
0.89978
0.89988
0.89998
0.9001
0.90024
0.9004
0.90057
0.90075
0.90095
0.90116
0.90137
0.90145
0.90153
0.90162
0.90173
0.90185
0.90198
0.90213
0.9023
0.90248
0.90268
0.90288
0.90309
0.90316
0.90324
0.90333
0.90343
0.90354
0.90367
0.90382
0.90398
0.90415
0.90434
0.90453
0.90473
0.9048
0.90486
0.90494
0.90503
0.90513
0.90525
0.90538
0.90553
0.9057
0.90587
0.90606
0.90625
0.90631
0.90637
0.90645
0.90653
0.90663
0.90675
0.90688
0.90703
0.90719
0.90736
0.90754
0.90773
0.90777
0.90782
0.90788
0.90795
0.90803
0.90812
0.90823
0.90836
0.90849
0.90864
0.9088
0.90896
0.90898
0.909
0.90903
0.90908
0.90913
0.9092
0.90929
0.90938
0.90949
0.90962
0.90974
0.90988
0.90987
0.90986
0.90987
0.90988
0.90991
0.90994
0.91
0.91006
0.91014
0.91023
0.91032
0.91042
0.91038
0.91034
0.91031
0.91029
0.91028
0.91028
0.9103
0.91033
0.91037
0.91042
0.91048
0.91054
0.91046
0.91039
0.91032
0.91025
0.91021
0.91017
0.91015
0.91014
0.91014
0.91015
0.91016
0.91018
0.91006
0.90994
0.90983
0.90973
0.90964
0.90956
0.90949
0.90944
0.9094
0.90936
0.90934
0.90931
0.90915
0.90899
0.90883
0.90868
0.90855
0.90843
0.90831
0.90822
0.90813
0.90805
0.90798
0.9079
0.90769
0.90748
0.90728
0.90708
0.9069
0.90673
0.90657
0.90643
0.9063
0.90618
0.90607
0.90596
0.90571
0.90547
0.90523
0.90501
0.90479
0.90458
0.90438
0.90419
0.90401
0.90383
0.90366
0.90348
0.90315
0.90283
0.9025
0.90218
0.90186
0.90156
0.90126
0.90098
0.90071
0.90044
0.90019
0.89993
0.89954
0.89916
0.89879
0.89842
0.89807
0.89773
0.89741
0.89711
0.89681
0.89653
0.89626
0.89599
0.89558
0.89517
0.89477
0.89438
0.89401
0.89365
0.8933
0.89297
0.89265
0.89235
0.89205
0.89175
0.89132
0.8909
0.89048
0.89008
0.88969
0.88932
0.88896
0.88862
0.88829
0.88797
0.88766
0.88736
0.88693
0.8865
0.88608
0.88567
0.88528
0.8849
0.88454
0.8842
0.88387
0.88355
0.88325
0.88295
0.88252
0.88209
0.88168
0.88128
0.88089
0.88053
0.88018
0.87984
0.87953
0.87922
0.87893
0.87865
0.87823
0.87782
0.87743
0.87705
0.87668
0.87633
0.87601
0.87569
0.8754
0.87512
0.87486
0.8746
0.87421
0.87383
0.87346
0.87311
0.87277
0.87246
0.87216
0.87188
0.87162
0.87138
0.87115
0.87093
0.87058
0.87023
0.86991
0.86959
0.8693
0.86902
0.86877
0.86853
0.86832
0.86812
0.86793
0.86775
0.86745
0.86715
0.86687
0.8666
0.86635
0.86613
0.86592
0.86574
0.86558
0.86543
0.8653
0.86518
0.86493
0.8647
0.86448
0.86428
0.8641
0.86394
0.8638
0.86369
0.86359
0.86351
0.86344
0.86339
0.86321
0.86304
0.86288
0.86275
0.86263
0.86253
0.86245
0.8624
0.86236
0.86234
0.86234
0.86234
0.86222
0.86212
0.86202
0.86195
0.86189
0.86186
0.86185
0.86186
0.86189
0.86193
0.86199
0.86207
0.86201
0.86197
0.86194
0.86193
0.86194
0.86197
0.86203
0.8621
0.86219
0.86231
0.86243
0.86257
0.86258
0.8626
0.86264
0.86269
0.86277
0.86286
0.86298
0.86311
0.86327
0.86344
0.86363
0.86383
0.86391
0.86399
0.86409
0.8642
0.86434
0.86449
0.86467
0.86487
0.86508
0.86532
0.86556
0.86582
0.86595
0.86609
0.86625
0.86642
0.86661
0.86682
0.86705
0.8673
0.86757
0.86786
0.86816
0.86847
0.86865
0.86885
0.86905
0.86927
0.86951
0.86977
0.87005
0.87035
0.87067
0.871
0.87135
0.8717
0.87193
0.87216
0.87241
0.87267
0.87295
0.87325
0.87357
0.87391
0.87426
0.87464
0.87502
0.87541
0.87568
0.87595
0.87623
0.87653
0.87685
0.87718
0.87753
0.8779
0.87828
0.87867
0.87908
0.87949
0.87977
0.88005
0.88034
0.88065
0.88097
0.88131
0.88166
0.88203
0.88241
0.88281
0.88322
0.88364
0.88392
0.88421
0.88452
0.88483
0.88516
0.88551
0.88588
0.88626
0.88666
0.88707
0.88749
0.88792
0.88821
0.8885
0.88881
0.88913
0.88946
0.88981
0.89018
0.89056
0.89096
0.89136
0.89178
0.8922
0.89249
0.89278
0.89308
0.89339
0.89372
0.89406
0.89441
0.89478
0.89517
0.89556
0.89597
0.89638
0.89665
0.89692
0.89721
0.8975
0.89781
0.89813
0.89847
0.89882
0.89918
0.89956
0.89994
0.90032
0.90057
0.90082
0.90108
0.90135
0.90163
0.90192
0.90223
0.90255
0.90289
0.90323
0.90358
0.90393
0.90415
0.90437
0.90459
0.90482
0.90507
0.90533
0.9056
0.90588
0.90618
0.90648
0.90679
0.90711
0.90728
0.90746
0.90764
0.90783
0.90804
0.90825
0.90848
0.90872
0.90897
0.90923
0.90949
0.90976
0.90988
0.91001
0.91014
0.91028
0.91043
0.9106
0.91078
0.91097
0.91117
0.91138
0.91159
0.91181
0.91189
0.91197
0.91206
0.91215
0.91225
0.91237
0.91249
0.91262
0.91277
0.91291
0.91306
0.91321
0.91321
0.91321
0.91322
0.91323
0.91324
0.91327
0.91331
0.91335
0.91341
0.91347
0.91354
0.91361
0.91354
0.91348
0.91342
0.91337
0.91333
0.9133
0.91328
0.91328
0.91329
0.9133
0.91332
0.91335
0.91323
0.91311
0.913
0.91289
0.9128
0.91272
0.91265
0.91259
0.91255
0.91251
0.91247
0.91244
0.91227
0.91211
0.91194
0.91179
0.91165
0.91152
0.9114
0.9113
0.9112
0.91112
0.91104
0.91096
0.91075
0.91054
0.91033
0.91013
0.90995
0.90977
0.90961
0.90947
0.90933
0.90921
0.90909
0.90898
0.90872
0.90847
0.90823
0.90799
0.90777
0.90756
0.90737
0.90719
0.90702
0.90686
0.90671
0.90657
0.90628
0.906
0.90572
0.90546
0.90521
0.90498
0.90475
0.90455
0.90435
0.90417
0.904
0.90383
0.90352
0.90322
0.90292
0.90264
0.90237
0.90211
0.90187
0.90165
0.90144
0.90124
0.90105
0.90086
0.90054
0.90023
0.89992
0.89962
0.89934
0.89908
0.89883
0.8986
0.89838
0.89817
0.89798
0.89779
0.89746
0.89715
0.89684
0.89654
0.89626
0.89599
0.89575
0.89551
0.8953
0.89509
0.8949
0.89471
0.89439
0.89407
0.89377
0.89348
0.8932
0.89294
0.8927
0.89247
0.89226
0.89206
0.89188
0.8917
0.89139
0.89109
0.8908
0.89052
0.89026
0.89002
0.8898
0.88959
0.8894
0.88923
0.88907
0.88891
0.88862
0.88835
0.88808
0.88783
0.88759
0.88738
0.88718
0.887
0.88684
0.8867
0.88656
0.88644
0.88618
0.88594
0.8857
0.88548
0.88528
0.8851
0.88494
0.88479
0.88467
0.88456
0.88446
0.88438
0.88416
0.88395
0.88376
0.88358
0.88342
0.88328
0.88315
0.88305
0.88297
0.8829
0.88285
0.88281
0.88263
0.88247
0.88232
0.88219
0.88207
0.88198
0.8819
0.88185
0.88181
0.88179
0.88179
0.8818
0.88167
0.88156
0.88145
0.88137
0.88131
0.88126
0.88124
0.88123
0.88125
0.88128
0.88133
0.88139
0.88132
0.88125
0.88121
0.88117
0.88116
0.88117
0.8812
0.88125
0.88132
0.88141
0.88151
0.88162
0.8816
0.88158
0.88159
0.88161
0.88165
0.88171
0.8818
0.8819
0.88203
0.88217
0.88233
0.8825
0.88254
0.88259
0.88266
0.88274
0.88284
0.88296
0.8831
0.88326
0.88343
0.88362
0.88382
0.88402
0.88409
0.88417
0.88425
0.88435
0.88447
0.8846
0.88476
0.88493
0.88512
0.88533
0.88555
0.88578
0.88588
0.88599
0.88612
0.88627
0.88644
0.88662
0.88683
0.88706
0.88731
0.88758
0.88786
0.88815
0.88831
0.88848
0.88866
0.88886
0.88908
0.88931
0.88957
0.88985
0.89015
0.89046
0.89079
0.89113
0.89133
0.89155
0.89178
0.89202
0.89229
0.89257
0.89287
0.8932
0.89354
0.8939
0.89428
0.89466
0.89491
0.89517
0.89544
0.89573
0.89604
0.89636
0.89671
0.89707
0.89746
0.89786
0.89827
0.89869
0.89898
0.89928
0.89959
0.89992
0.90026
0.90062
0.901
0.90141
0.90182
0.90226
0.90271
0.90316
0.90348
0.90381
0.90415
0.90451
0.90488
0.90527
0.90568
0.90611
0.90655
0.90701
0.90749
0.90797
0.90831
0.90866
0.90902
0.9094
0.90979
0.9102
0.91063
0.91108
0.91154
0.91202
0.91251
0.91301
0.91337
0.91374
0.91411
0.91451
0.91491
0.91534
0.91577
0.91623
0.9167
0.91718
0.91767
0.91817
0.91852
0.91888
0.91925
0.91964
0.92004
0.92045
0.92089
0.92135
0.92182
0.92231
0.92281
0.92333
0.92371
0.9241
0.92451
0.92493
0.92536
0.92582
0.92629
0.92678
0.92729
0.92781
0.92833
0.92886
0.92925
0.92964
0.93003
0.93043
0.93085
0.93128
0.93172
0.93218
0.93265
0.93312
0.93361
0.93409
0.93444
0.93479
0.93514
0.93551
0.93589
0.93628
0.93668
0.9371
0.93752
0.93796
0.9384
0.93885
0.93915
0.93945
0.93976
0.94007
0.9404
0.94073
0.94108
0.94145
0.94182
0.9422
0.94258
0.94297
0.94321
0.94345
0.94369
0.94395
0.94421
0.94448
0.94477
0.94506
0.94537
0.94568
0.946
0.94632
0.94649
0.94665
0.94683
0.94701
0.9472
0.9474
0.94761
0.94783
0.94806
0.94829
0.94853
0.94877
0.94887
0.94896
0.94905
0.94915
0.94926
0.94938
0.94951
0.94965
0.9498
0.94995
0.95011
0.95026
0.95027
0.95028
0.95029
0.95031
0.95034
0.95037
0.95042
0.95047
0.95053
0.9506
0.95067
0.95073
0.95065
0.95056
0.95048
0.9504
0.95034
0.95028
0.95024
0.95022
0.9502
0.95019
0.95019
0.95019
0.95005
0.94991
0.94977
0.94964
0.94952
0.94939
0.94928
0.94916
0.94904
0.94892
0.94879
0.94865
0.94834
0.94802
0.94768
0.94735
0.94701
0.94668
0.94635
0.94603
0.94572
0.94541
0.9451
0.9448
0.94436
0.94393
0.9435
0.94309
0.94269
0.94231
0.94194
0.94159
0.94125
0.94092
0.9406
0.94029
0.93982
0.93936
0.9389
0.93846
0.93803
0.93761
0.93721
0.93683
0.93645
0.93609
0.93574
0.93539
0.93491
0.93443
0.93396
0.9335
0.93306
0.93263
0.93223
0.93184
0.93146
0.93111
0.93076
0.93042
0.92994
0.92947
0.92901
0.92857
0.92814
0.92773
0.92735
0.92698
0.92663
0.9263
0.92598
0.92568
0.92523
0.92479
0.92437
0.92397
0.92358
0.92322
0.92288
0.92256
0.92226
0.92198
0.92172
0.92146
0.92108
0.92071
0.92035
0.92001
0.91969
0.9194
0.91912
0.91888
0.91865
0.91844
0.91825
0.91808
0.91776
0.91747
0.91719
0.91693
0.91669
0.91649
0.91631
0.91615
0.91602
0.91592
0.91583
0.91576
0.91557
0.91539
0.91523
0.91509
0.91497
0.91488
0.91481
0.91477
0.91474
0.91473
0.91473
0.91474
0.91461
0.91449
0.91437
0.91427
0.91417
0.91409
0.91401
0.91395
0.91389
0.91383
0.91378
