0.81797
0.81773
0.81749
0.81726
0.81704
0.81684
0.81664
0.81646
0.81629
0.81613
0.81598
0.81584
0.8157
0.81543
0.81517
0.81491
0.81466
0.81442
0.81419
0.81397
0.81377
0.81357
0.81339
0.81321
0.81304
0.81274
0.81244
0.81215
0.81187
0.81161
0.81135
0.81111
0.81089
0.81067
0.81047
0.81027
0.81008
0.80976
0.80945
0.80914
0.80885
0.80857
0.8083
0.80804
0.8078
0.80757
0.80736
0.80715
0.80694
0.80662
0.8063
0.80598
0.80568
0.80539
0.80512
0.80486
0.80462
0.80439
0.80417
0.80396
0.80375
0.80343
0.80311
0.8028
0.8025
0.80222
0.80195
0.80169
0.80146
0.80123
0.80102
0.80082
0.80063
0.80031
0.80001
0.79971
0.79943
0.79916
0.7989
0.79867
0.79845
0.79824
0.79805
0.79787
0.79769
0.7974
0.79711
0.79684
0.79658
0.79633
0.7961
0.79589
0.7957
0.79552
0.79536
0.7952
0.79506
0.7948
0.79454
0.7943
0.79407
0.79386
0.79367
0.79349
0.79333
0.79319
0.79306
0.79294
0.79284
0.79261
0.79239
0.79219
0.792
0.79182
0.79167
0.79153
0.79142
0.79132
0.79124
0.79117
0.79111
0.79094
0.79078
0.79064
0.79051
0.7904
0.7903
0.79023
0.79018
0.79014
0.79012
0.79012
0.79012
0.79001
0.7899
0.78981
0.78973
0.78968
0.78963
0.78961
0.78961
0.78962
0.78966
0.7897
0.78975
0.78969
0.78964
0.7896
0.78957
0.78957
0.78958
0.78961
0.78966
0.78973
0.78982
0.78992
0.79003
0.79002
0.79002
0.79004
0.79007
0.79012
0.79018
0.79027
0.79038
0.7905
0.79064
0.79079
0.79096
0.791
0.79106
0.79113
0.79121
0.79131
0.79143
0.79157
0.79173
0.79191
0.7921
0.79231
0.79252
0.79262
0.79273
0.79285
0.79299
0.79314
0.79331
0.7935
0.79371
0.79394
0.79418
0.79443
0.7947
0.79484
0.795
0.79517
0.79535
0.79555
0.79577
0.79601
0.79626
0.79654
0.79682
0.79712
0.79743
0.79762
0.79782
0.79804
0.79826
0.79851
0.79877
0.79904
0.79934
0.79965
0.79998
0.80032
0.80067
0.80089
0.80113
0.80137
0.80163
0.80191
0.80221
0.80252
0.80285
0.8032
0.80356
0.80394
0.80432
0.80459
0.80486
0.80514
0.80544
0.80575
0.80608
0.80642
0.80678
0.80715
0.80753
0.80792
0.80832
0.80858
0.80885
0.80913
0.80942
0.80972
0.81004
0.81037
0.81072
0.81108
0.81145
0.81183
0.81222
0.81249
0.81277
0.81305
0.81335
0.81367
0.814
0.81435
0.81472
0.8151
0.81549
0.8159
0.81631
0.81659
0.81689
0.81719
0.8175
0.81783
0.81817
0.81853
0.81891
0.81929
0.81969
0.8201
0.82052
0.82081
0.82111
0.82142
0.82174
0.82207
0.82242
0.82278
0.82316
0.82355
0.82396
0.82437
0.82479
0.82508
0.82538
0.82569
0.82601
0.82634
0.82669
0.82705
0.82743
0.82782
0.82822
0.82863
0.82905
0.82934
0.82963
0.82993
0.83025
0.83058
0.83092
0.83127
0.83164
0.83203
0.83242
0.83282
0.83323
0.83351
0.8338
0.83409
0.83439
0.83471
0.83504
0.83539
0.83574
0.83612
0.8365
0.83689
0.83728
0.83755
0.83782
0.8381
0.83838
0.83869
0.839
0.83933
0.83967
0.84002
0.84039
0.84076
0.84114
0.84138
0.84163
0.84189
0.84216
0.84244
0.84273
0.84304
0.84336
0.84369
0.84404
0.84439
0.84474
0.84497
0.8452
0.84543
0.84568
0.84594
0.84621
0.84649
0.84679
0.84709
0.84741
0.84773
0.84805
0.84824
0.84844
0.84864
0.84885
0.84907
0.8493
0.84954
0.8498
0.85007
0.85034
0.85063
0.85091
0.85107
0.85123
0.8514
0.85158
0.85177
0.85197
0.85218
0.85241
0.85265
0.8529
0.85315
0.85341
0.85354
0.85367
0.85381
0.85395
0.85411
0.85428
0.85446
0.85466
0.85486
0.85508
0.8553
0.85553
0.85562
0.85572
0.85582
0.85594
0.85606
0.8562
0.85635
0.85651
0.85668
0.85687
0.85706
0.85725
0.85731
0.85737
0.85744
0.85752
0.85761
0.85772
0.85783
0.85796
0.8581
0.85825
0.85841
0.85857
0.8586
0.85863
0.85866
0.85871
0.85877
0.85884
0.85892
0.85902
0.85913
0.85924
0.85937
0.85949
0.85949
0.85949
0.85949
0.8595
0.85953
0.85957
0.85962
0.85968
0.85976
0.85984
0.85993
0.86003
0.85999
0.85996
0.85993
0.85991
0.85991
0.85991
0.85993
0.85997
0.86001
0.86006
0.86012
0.86019
0.86012
0.86006
0.86
0.85995
0.85991
0.85989
0.85988
0.85989
0.8599
0.85993
0.85996
0.85999
0.8599
0.85981
0.85972
0.85965
0.85958
0.85953
0.8595
0.85947
0.85946
0.85946
0.85946
0.85947
0.85934
0.85922
0.85911
0.859
0.8589
0.85882
0.85876
0.8587
0.85866
0.85863
0.8586
0.85858
0.85843
0.85828
0.85814
0.85801
0.8579
0.85779
0.8577
0.85763
0.85757
0.85751
0.85747
0.85743
0.85726
0.85709
0.85693
0.85678
0.85665
0.85653
0.85642
0.85633
0.85625
0.85618
0.85612
0.85606
0.85587
0.85569
0.85551
0.85535
0.8552
0.85506
0.85494
0.85483
0.85474
0.85466
0.85458
0.85451
0.85431
0.85411
0.85393
0.85375
0.85359
0.85344
0.85331
0.85319
0.85309
0.85299
0.85291
0.85283
0.85262
0.85242
0.85222
0.85204
0.85187
0.85172
0.85158
0.85145
0.85134
0.85124
0.85115
0.85107
0.85085
0.85065
0.85045
0.85026
0.85009
0.84993
0.84979
0.84966
0.84955
0.84945
0.84935
0.84927
0.84905
0.84885
0.84865
0.84846
0.84829
0.84813
0.84799
0.84786
0.84775
0.84765
0.84756
0.84748
0.84726
0.84705
0.84685
0.84667
0.8465
0.84634
0.84621
0.84609
0.84598
0.84589
0.84581
0.84574
0.84554
0.84535
0.84517
0.845
0.84484
0.8447
0.84457
0.84446
0.84436
0.84426
0.84418
0.84409
0.84388
0.84366
0.84345
0.84325
0.84307
0.84289
0.84274
0.84259
0.84246
0.84234
0.84224
0.84214
0.84192
0.8417
0.8415
0.84131
0.84114
0.84098
0.84085
0.84073
0.84063
0.84054
0.84046
0.8404
0.8402
0.84001
0.83983
0.83967
0.83952
0.83939
0.83928
0.83918
0.8391
0.83904
0.83898
0.83894
0.83877
0.8386
0.83845
0.83832
0.8382
0.83809
0.83801
0.83794
0.8379
0.83786
0.83784
0.83782
0.83768
0.83755
0.83743
0.83733
0.83724
0.83717
0.83712
0.83709
0.83708
0.83708
0.83709
0.83711
0.837
0.83691
0.83682
0.83676
0.83671
0.83667
0.83666
0.83666
0.83668
0.83672
0.83677
0.83683
0.83676
0.8367
0.83666
0.83663
0.83661
0.83662
0.83664
0.83668
0.83674
0.83682
0.8369
0.837
0.83697
0.83695
0.83694
0.83695
0.83698
0.83702
0.83708
0.83716
0.83726
0.83737
0.8375
0.83763
0.83765
0.83767
0.8377
0.83774
0.83781
0.83789
0.83799
0.83811
0.83824
0.83839
0.83854
0.83871
0.83875
0.8388
0.83886
0.83893
0.83902
0.83914
0.83927
0.83942
0.83959
0.83978
0.83999
0.8402
0.8403
0.84041
0.84053
0.84067
0.84083
0.84101
0.84121
0.84143
0.84166
0.84191
0.84217
0.84244
0.84258
0.84273
0.84288
0.84305
0.84324
0.84344
0.84365
0.84389
0.84413
0.84439
0.84466
0.84494
0.84509
0.84525
0.84542
0.84561
0.8458
0.84602
0.84625
0.84649
0.84675
0.84703
0.84731
0.8476
0.84776
0.84792
0.8481
0.84829
0.84849
0.8487
0.84894
0.84918
0.84944
0.84972
0.85
0.85028
0.85044
0.8506
0.85077
0.85096
0.85115
0.85136
0.85159
0.85182
0.85207
0.85234
0.85261
0.85288
0.85303
0.85317
0.85333
0.8535
0.85368
0.85387
0.85407
0.85429
0.85453
0.85477
0.85502
0.85527
0.85539
0.85552
0.85565
0.85579
0.85594
0.85611
0.85629
0.85648
0.85669
0.8569
0.85712
0.85734
0.85743
0.85753
0.85763
0.85774
0.85786
0.85799
0.85813
0.85829
0.85845
0.85863
0.85881
0.85899
0.85904
0.85909
0.85914
0.85921
0.85928
0.85937
0.85948
0.85959
0.85972
0.85986
0.86
0.86015
0.86017
0.86019
0.86022
0.86026
0.8603
0.86035
0.86041
0.86047
0.86054
0.86062
0.86069
0.86075
0.86067
0.86058
0.86049
0.86041
0.86032
0.86025
0.86018
0.86012
0.86007
0.86003
0.85999
0.85995
0.85979
0.85963
0.85947
0.85933
0.8592
0.85909
0.85898
0.85889
0.85882
0.85875
0.85869
0.85863
0.85844
0.85824
0.85806
0.85788
0.85772
0.85757
0.85743
0.8573
0.85718
0.85708
0.85698
0.85688
0.85666
0.85644
0.85622
0.85602
0.85582
0.85564
0.85548
0.85533
0.85519
0.85506
0.85494
0.85482
0.85458
0.85434
0.8541
0.85388
0.85367
0.85348
0.8533
0.85313
0.85298
0.85284
0.85271
0.85258
0.85233
0.85208
0.85184
0.85161
0.85139
0.85119
0.85101
0.85084
0.85069
0.85055
0.85042
0.85029
0.85004
0.84979
0.84956
0.84933
0.84913
0.84894
0.84876
0.8486
0.84846
0.84833
0.84821
0.8481
0.84786
0.84763
0.84741
0.84721
0.84702
0.84685
0.84669
0.84656
0.84644
0.84633
0.84624
0.84615
0.84594
0.84574
0.84555
0.84538
0.84522
0.84508
0.84495
0.84485
0.84476
0.84469
0.84463
0.84458
0.8444
0.84423
0.84407
0.84393
0.84381
0.8437
0.84362
0.84356
0.84352
0.8435
0.84349
0.8435
0.84339
0.84329
0.8432
0.84314
0.84309
0.84307
0.84306
0.84308
0.84312
0.84317
0.84324
0.84332
0.84327
0.84324
0.84321
0.8432
0.84321
0.84324
0.84329
0.84336
0.84345
0.84355
0.84367
0.8438
0.84381
0.84382
0.84386
0.8439
0.84397
0.84406
0.84417
0.84429
0.84444
0.84461
0.84479
0.84498
0.84504
0.84512
0.84521
0.84531
0.84544
0.84558
0.84575
0.84594
0.84614
0.84637
0.84661
0.84685
0.84698
0.84711
0.84726
0.84742
0.84761
0.84781
0.84803
0.84828
0.84854
0.84882
0.84912
0.84942
0.8496
0.84979
0.84999
0.85021
0.85045
0.85071
0.85099
0.85129
0.8516
0.85194
0.85228
0.85264
0.85287
0.85311
0.85337
0.85364
0.85393
0.85423
0.85456
0.85491
0.85527
0.85566
0.85605
0.85645
0.85673
0.85702
0.85732
0.85763
0.85796
0.85832
0.85869
0.85908
0.85948
0.8599
0.86034
0.86078
0.8611
0.86142
0.86175
0.8621
0.86247
0.86286
0.86326
0.86369
0.86413
0.86458
0.86505
0.86553
0.86588
0.86623
0.8666
0.86698
0.86738
0.8678
0.86823
0.86868
0.86914
0.86961
0.8701
0.87059
0.87094
0.8713
0.87167
0.87205
0.87245
0.87286
0.87329
0.87373
0.87419
0.87466
0.87514
0.87563
0.87598
0.87635
0.87672
0.87711
0.87751
0.87793
0.87837
0.87882
0.87929
0.87977
0.88026
0.88075
0.88112
0.88148
0.88186
0.88225
0.88265
0.88307
0.88351
0.88395
0.88442
0.88489
0.88538
0.88587
0.88622
0.88658
0.88695
0.88733
0.88772
0.88813
0.88855
0.88899
0.88944
0.88991
0.89038
0.89085
0.89119
0.89154
0.89189
0.89225
0.89263
0.89302
0.89342
0.89384
0.89427
0.89471
0.89516
0.89561
0.89593
0.89625
0.89658
0.89691
0.89726
0.89763
0.898
0.89839
0.8988
0.89921
0.89963
0.90005
0.90034
0.90063
0.90092
0.90123
0.90154
0.90187
0.90222
0.90257
0.90294
0.90332
0.90371
0.90409
0.90434
0.90459
0.90485
0.90512
0.9054
0.90569
0.90599
0.90631
0.90664
0.90697
0.90731
0.90766
0.90786
0.90807
0.90828
0.9085
0.90874
0.90898
0.90924
0.90952
0.9098
0.9101
0.9104
0.9107
0.91087
0.91104
0.91122
0.9114
0.91159
0.9118
0.91201
0.91224
0.91247
0.91271
0.91295
0.91319
0.91328
0.91336
0.91346
0.91355
0.91366
0.91377
0.9139
0.91403
0.91418
0.91433
0.91449
0.91465
0.91468
0.91471
0.91474
0.91479
0.91484
0.91492
0.915
0.9151
0.91521
0.91533
0.91546
0.91559
0.91557
0.91556
0.91556
0.91557
0.91559
0.91562
0.91566
0.91572
0.91579
0.91587
0.91595
0.91604
0.91599
0.91595
0.91591
0.91588
0.91586
0.91586
0.91587
0.9159
0.91593
0.91598
0.91604
0.9161
0.91602
0.91594
0.91588
0.91582
0.91578
0.91575
0.91573
0.91573
0.91575
0.91577
0.9158
0.91584
0.91574
0.91564
0.91555
0.91548
0.91541
0.91536
0.91533
0.91531
0.91531
0.91532
0.91534
0.91536
0.91524
0.91513
0.91503
0.91494
0.91487
0.91481
0.91477
0.91474
0.91473
0.91473
0.91474
0.91476
0.91464
0.91452
0.91441
0.91432
0.91424
0.91418
0.91414
0.91411
0.9141
0.9141
0.91411
0.91413
0.91401
0.9139
0.9138
0.91371
0.91364
0.91359
0.91355
0.91353
0.91352
0.91353
0.91355
0.91358
0.91347
0.91336
0.91327
0.91319
0.91313
0.91308
0.91306
0.91306
0.91307
0.9131
0.91314
0.91319
0.9131
0.91303
0.91296
0.91292
0.91289
0.91288
0.91289
0.91292
0.91297
0.91303
0.9131
0.91318
0.91313
0.91308
0.91305
0.91302
0.91302
0.91304
0.91307
0.91312
0.91319
0.91327
0.91337
0.91348
0.91344
0.91342
0.91341
0.91342
0.91344
0.91348
0.91354
0.91362
0.91372
0.91383
0.91396
0.91409
0.91409
0.9141
0.91412
0.91415
0.9142
0.91428
0.91437
0.91448
0.9146
0.91475
0.9149
0.91507
0.9151
0.91513
0.91518
0.91525
0.91533
0.91543
0.91555
0.91569
0.91585
0.91602
0.91621
0.9164
0.91646
0.91653
0.91661
0.9167
0.91681
0.91694
0.9171
0.91727
0.91745
0.91766
0.91787
0.9181
0.91818
0.91828
0.91839
0.91851
0.91865
0.91881
0.91899
0.91919
0.9194
0.91963
0.91987
0.92013
0.92024
0.92036
0.9205
0.92065
0.92081
0.921
0.9212
0.92143
0.92166
0.92192
0.92219
0.92246
0.92259
0.92274
0.92289
0.92306
0.92325
0.92346
0.92368
0.92393
0.92419
0.92447
0.92476
0.92506
0.92522
0.92539
0.92558
0.92577
0.92598
0.92621
0.92646
0.92672
0.92699
0.92728
0.92757
0.92787
0.92802
0.92817
0.92833
0.92851
0.92869
0.9289
0.92911
0.92935
0.9296
0.92986
0.93013
0.93042
0.93056
0.93071
0.93088
0.93105
0.93125
0.93146
0.9317
0.93195
0.93222
0.9325
0.93279
0.93309
0.93325
0.93341
0.93359
0.93378
0.93398
0.9342
0.93444
0.9347
0.93497
0.93526
0.93556
0.93586
0.93603
0.9362
0.93638
0.93657
0.93678
0.93701
0.93725
0.93752
0.93779
0.93809
0.93839
0.9387
0.93886
0.93904
0.93922
0.93942
0.93963
0.93986
0.94011
0.94037
0.94065
0.94094
0.94125
0.94156
0.94172
0.9419
0.94208
0.94228
0.94249
0.94272
0.94296
0.94322
0.9435
0.94379
0.94409
0.9444
0.94456
0.94473
0.94491
0.9451
0.94531
0.94554
0.94578
0.94603
0.94631
0.94659
0.94688
0.94718
0.94734
0.9475
0.94767
0.94786
0.94806
0.94827
0.9485
0.94875
0.94901
0.94929
0.94957
0.94986
0.95001
0.95016
0.95032
0.95049
0.95068
0.95088
0.9511
0.95134
0.95159
0.95185
0.95212
0.95239
0.95252
0.95266
0.9528
0.95296
0.95313
0.95331
0.95352
0.95373
0.95397
0.95421
0.95447
0.95473
0.95484
0.95496
0.95509
0.95524
0.95539
0.95557
0.95576
0.95596
0.95618
0.95641
0.95665
0.95689
0.95699
0.95709
0.9572
0.95732
0.95745
0.9576
0.95777
0.95795
0.95814
0.95834
0.95855
0.95877
0.95884
0.95891
0.95899
0.95909
0.95919
0.95931
0.95945
0.9596
0.95976
0.95994
0.96012
0.96031
0.96035
0.96039
0.96044
0.9605
0.96058
0.96067
0.96077
0.96089
0.96103
0.96117
0.96132
0.96147
0.96148
0.96149
0.96151
0.96154
0.96158
0.96163
0.96171
0.96179
0.96189
0.962
0.96211
0.96223
0.9622
0.96218
0.96216
0.96216
0.96216
0.96218
0.96222
0.96227
0.96233
0.9624
0.96248
0.96256
0.9625
0.96244
0.96238
0.96234
0.96231
0.96229
0.96229
0.9623
0.96233
0.96237
0.96241
0.96245
0.96235
0.96226
0.96217
0.96209
0.96202
0.96197
0.96193
0.96191
0.96189
0.96189
0.9619
0.96191
0.96177
0.96163
0.9615
0.96138
0.96128
0.96119
0.96112
0.96106
0.96101
0.96098
0.96095
0.96093
0.96077
0.96061
0.96046
0.96031
0.96018
0.96007
0.95996
0.95987
0.95978
0.95971
0.95963
0.95956
0.95933
0.95911
0.95888
0.95867
0.95846
0.95827
0.95809
0.95792
0.95777
0.95762
0.95749
0.95735
0.95708
0.95681
0.95655
0.95631
0.95608
0.95586
0.95567
0.95549
0.95532
0.95517
0.95502
0.95489
0.9546
0.95432
0.95405
0.95379
0.95355
0.95332
0.95311
0.95291
0.95273
0.95257
0.95241
0.95226
0.95197
0.95168
0.9514
0.95113
0.95089
0.95065
0.95044
0.95024
0.95006
0.94989
0.94974
0.94959
0.9493
0.94901
0.94874
0.94847
0.94823
0.948
0.9478
0.94761
0.94743
0.94728
0.94713
0.94699
0.94671
0.94643
0.94617
0.94592
0.94569
0.94548
0.94529
0.94512
0.94496
0.94482
0.94469
0.94457
0.94431
0.94406
0.94382
0.9436
0.94339
0.9432
0.94303
0.94289
0.94276
0.94264
0.94254
0.94245
0.94222
0.942
0.94179
0.94159
0.94142
0.94126
0.94113
0.94101
0.94092
0.94084
0.94078
0.94072
0.94053
0.94034
0.94017
0.94002
0.93988
0.93977
0.93967
0.9396
0.93954
0.93951
0.93948
0.93947
0.93931
0.93917
0.93904
0.93893
0.93884
0.93877
0.93872
0.93869
0.93869
0.9387
0.93873
0.93877
0.93867
0.93858
0.93851
0.93846
0.93843
0.93842
0.93843
0.93847
0.93853
0.9386
0.93869
0.93879
0.93875
0.93872
0.9387
0.9387
0.93872
0.93877
0.93883
0.93892
0.93902
0.93915
0.93928
0.93943
0.93944
0.93946
0.9395
0.93955
0.93963
0.93972
0.93984
0.93998
0.94013
0.94031
0.9405
0.9407
0.94076
0.94084
0.94092
0.94103
0.94115
0.9413
0.94147
0.94165
0.94186
0.94209
0.94233
0.94258
0.94269
0.94281
0.94295
0.9431
0.94327
0.94347
0.94368
0.94392
0.94417
0.94444
0.94473
0.94503
0.94518
0.94535
0.94553
0.94573
0.94594
0.94618
0.94643
0.94671
0.94701
0.94732
0.94765
0.94799
0.94818
0.94839
0.94861
0.94884
0.9491
0.94937
0.94966
0.94998
0.95031
0.95066
0.95102
0.95139
0.95162
0.95186
0.95211
0.95238
0.95266
0.95296
0.95329
0.95363
0.95399
0.95437
0.95476
0.95516
0.95541
0.95567
0.95594
0.95623
0.95654
0.95686
0.95721
0.95757
0.95796
0.95835
0.95876
0.95918
0.95946
0.95974
0.96003
0.96034
0.96067
0.96101
0.96137
0.96175
0.96214
0.96254
0.96295
0.96337
0.96364
0.96392
0.9642
0.96449
0.9648
0.96513
0.96547
0.96583
0.96621
0.9666
0.967
0.9674
0.96766
0.96793
0.96821
0.9685
0.96881
0.96913
0.96947
0.96983
0.97021
0.9706
0.971
0.9714
0.97166
0.97192
0.9722
0.97248
0.97278
0.9731
0.97343
0.97378
0.97414
0.97452
0.9749
0.9753
0.97554
0.97579
0.97605
0.97631
0.9766
0.9769
0.97722
0.97755
0.9779
0.97826
0.97862
0.979
0.97922
0.97945
0.97969
0.97994
0.9802
0.98048
0.98077
0.98108
0.98141
0.98174
0.98209
0.98244
0.98263
0.98284
0.98305
0.98327
0.98351
0.98376
0.98402
0.98431
0.9846
0.98491
0.98522
0.98554
0.98571
0.98588
0.98606
0.98626
0.98646
0.98668
0.98691
0.98716
0.98743
0.9877
0.98798
0.98827
0.9884
0.98854
0.98869
0.98884
0.98901
0.9892
0.9894
0.98961
0.98984
0.99007
0.99032
0.99056
0.99066
0.99075
0.99086
0.99097
0.9911
0.99125
0.99141
0.99159
0.99178
0.99198
0.99219
0.9924
0.99247
0.99254
0.99262
0.9927
0.9928
0.99291
0.99303
0.99317
0.99331
0.99346
0.99361
0.99376
0.99375
0.99374
0.99373
0.99372
0.99373
0.99374
0.99377
0.99381
0.99387
0.99393
0.994
0.99407
0.994
0.99393
0.99387
0.99382
0.99379
0.99377
0.99377
0.99378
0.99381
0.99385
0.9939
0.99395
0.99385
0.99376
0.99367
0.99359
0.99353
0.99348
0.99345
0.99343
0.99343
0.99344
0.99345
0.99347
0.99335
0.99322
0.99311
0.993
0.99292
0.99284
0.99279
0.99275
0.99272
0.99271
0.99271
0.99271
0.99256
0.99241
0.99228
0.99216
0.99205
0.99196
0.99188
0.99183
0.99179
0.99176
0.99174
0.99172
0.99156
0.9914
0.99125
0.99112
0.991
0.9909
0.99081
0.99074
0.99069
0.99065
0.99062
0.9906
0.99043
0.99026
0.9901
0.98996
0.98983
0.98973
0.98963
0.98956
0.9895
0.98946
0.98943
0.9894
0.98922
0.98905
0.98889
0.98874
0.98861
0.9885
0.98841
0.98834
0.98828
0.98823
0.9882
0.98818
0.988
0.98784
0.98769
0.98754
0.98742
0.98731
0.98722
0.98715
0.98709
0.98704
0.98701
0.98698
0.98679
0.98662
0.98645
0.9863
0.98617
0.98606
0.98597
0.98591
0.98586
0.98584
0.98583
0.98583
0.9857
0.98558
0.98547
0.98539
0.98532
0.98528
0.98526
0.98526
0.98528
0.98532
0.98536
0.98541
0.98531
0.98521
0.98513
0.98505
0.98499
0.98495
0.98492
0.98491
0.98492
0.98494
0.98497
0.985
0.98489
0.98478
0.98469
0.9846
0.98454
0.98449
0.98446
0.98444
0.98444
0.98446
0.98448
0.98451
0.98439
0.98428
0.98417
0.98408
0.984
0.98394
0.98389
0.98387
0.98385
0.98385
0.98386
0.98387
0.98373
0.9836
0.98348
0.98337
0.98327
0.98319
0.98312
0.98307
0.98304
0.98301
0.983
0.98299
0.98282
0.98267
0.98252
0.98238
0.98226
0.98215
0.98206
0.98198
0.98191
0.98186
0.98181
0.98177
0.98158
0.98139
0.98121
0.98104
0.98089
0.98074
0.98062
0.98051
0.98041
0.98032
0.98024
0.98016
0.97993
0.97971
0.97949
0.97929
0.97909
0.97891
0.97875
0.9786
0.97846
0.97833
0.9782
0.97808
0.9778
0.97753
0.97727
0.97701
0.97677
0.97655
0.97634
0.97615
0.97597
0.9758
0.97565
0.9755
0.97521
0.97492
0.97464
0.97436
0.9741
0.97384
0.97359
0.97335
0.97312
0.97288
0.97264
0.97239
0.97197
0.97155
0.97112
0.97069
0.97027
0.96985
0.96944
0.96904
0.96866
0.96828
0.9679
0.96753
0.96703
0.96652
0.96603
0.96556
0.96509
0.96465
0.96422
0.96382
0.96342
0.96304
0.96267
0.96231
0.96179
0.96128
0.96077
0.96028
0.9598
0.95934
0.9589
0.95847
0.95806
0.95765
0.95726
0.95688
0.95635
0.95583
0.95532
0.95482
0.95434
0.95388
0.95343
0.953
0.95259
0.9522
0.95181
0.95144
0.95091
0.9504
0.9499
0.94942
0.94895
0.9485
0.94807
0.94766
0.94727
0.94689
0.94653
0.94617
0.94568
0.94519
0.94472
0.94426
0.94382
0.9434
0.943
0.94263
0.94227
0.94193
0.9416
0.94129
0.94083
0.94038
0.93995
0.93954
0.93915
0.93878
0.93843
0.9381
0.93779
0.9375
0.93723
0.93697
0.93656
0.93617
0.9358
0.93544
0.93511
0.9348
0.93451
0.93425
0.934
0.93378
0.93358
0.93338
0.93306
0.93274
0.93244
0.93216
0.93191
0.93167
0.93146
0.93127
0.9311
0.93095
0.93081
0.93069
0.93042
0.93017
0.92994
0.92972
0.92954
0.92938
0.92925
0.92915
0.92907
0.92903
0.92901
0.92901
0.92888
0.92878
0.92871
0.92866
0.92864
0.92865
0.92869
0.92875
0.92885
0.92896
0.92909
0.92924
0.92924
0.92926
0.92929
0.92934
0.92942
0.92951
0.92963
0.92977
0.92994
0.93012
0.93032
0.93054
0.93062
0.93072
0.93083
0.93096
0.93112
0.9313
0.9315
0.93173
0.93199
0.93226
0.93255
0.93285
0.93301
0.93319
0.93338
0.93359
0.93382
0.93408
0.93436
0.93466
0.93499
0.93533
0.93569
0.93606
0.93629
0.93654
0.9368
0.93708
0.93738
0.9377
0.93805
0.93841
0.9388
0.9392
0.93962
0.94005
0.94035
0.94065
0.94096
0.9413
0.94165
0.94203
0.94242
0.94284
0.94328
0.94373
0.9442
0.94467
0.94501
0.94535
0.94571
0.94609
0.94648
0.94689
0.94732
0.94778
0.94825
0.94873
0.94923
0.94974
0.9501
0.95048
0.95087
0.95127
0.95168
0.95212
0.95257
0.95305
0.95353
0.95404
0.95455
0.95507
0.95544
0.95582
0.95621
0.95662
0.95704
0.95748
0.95794
0.95842
0.95891
0.95942
0.95994
0.96047
0.96086
0.96126
0.96166
0.96208
0.96251
0.96295
0.9634
0.96386
0.96433
0.96481
0.96528
0.96576
0.96607
0.96637
0.96668
0.96699
0.96731
0.96764
0.96798
0.96833
0.9687
0.96907
0.96945
0.96983
0.97008
0.97032
0.97058
0.97085
0.97113
0.97143
0.97175
0.97208
0.97243
0.97279
0.97316
0.97352
0.97374
0.97396
0.97419
0.97442
0.97467
0.97494
0.97521
0.9755
0.97581
0.97612
0.97644
0.97676
0.97693
0.97711
0.9773
0.97749
0.9777
0.97792
0.97815
0.9784
0.97866
0.97893
0.97921
0.97949
0.97962
0.97975
0.97989
0.98003
0.98019
0.98037
0.98056
0.98076
0.98097
0.9812
0.98143
0.98166
0.98174
0.98183
0.98192
0.98202
0.98213
0.98226
0.9824
0.98255
0.98272
0.98289
0.98308
0.98326
0.98329
0.98333
0.98337
0.98342
0.98349
0.98356
0.98366
0.98376
0.98388
0.984
0.98414
0.98427
0.98426
0.98424
0.98424
0.98424
0.98425
0.98428
0.98433
0.98438
0.98445
0.98453
0.98462
0.9847
0.98464
0.98458
0.98453
0.98448
0.98445
0.98443
0.98443
0.98444
0.98446
0.98449
0.98452
0.98456
0.98444
0.98433
0.98422
0.98413
0.98404
0.98398
0.98393
0.98389
0.98387
0.98386
0.98386
0.98386
0.98372
0.98359
0.98346
0.98335
0.98325
0.98317
0.9831
0.98305
0.98301
0.98298
0.98296
0.98294
0.98277
0.9826
0.98244
0.98228
0.98214
0.98201
0.9819
0.9818
0.98171
0.98163
0.98156
0.98149
0.98128
0.98106
0.98085
0.98066
0.98047
0.9803
0.98014
0.98
0.97987
0.97975
0.97964
0.97953
0.97927
0.97902
0.97877
0.97853
0.9783
0.97809
0.9779
0.97771
0.97754
0.97738
0.97723
0.97708
0.97678
0.97648
0.97619
0.97591
0.97565
0.97539
0.97516
0.97493
0.97472
0.97452
0.97433
0.97414
0.9738
0.97347
0.97314
0.97283
0.97252
0.97223
0.97196
0.9717
0.97145
0.97121
0.97098
0.97076
0.97038
0.97001
0.96965
0.9693
0.96896
0.96863
0.96832
0.96803
0.96775
0.96748
0.96721
0.96695
0.96655
0.96615
0.96575
0.96537
0.965
0.96464
0.9643
0.96397
0.96366
0.96336
0.96306
0.96277
0.96233
0.9619
0.96147
0.96106
0.96066
0.96027
0.9599
0.95955
0.95921
0.95889
0.95857
0.95826
0.95781
0.95736
0.95692
0.95649
0.95607
0.95567
0.95528
0.9549
0.95453
0.95418
0.95382
0.95347
0.95297
0.95247
0.95197
0.95148
0.951
0.95054
0.95009
0.94965
0.94923
0.94882
0.94842
0.94802
0.94749
0.94696
0.94644
0.94594
0.94545
0.94498
0.94452
0.94409
0.94367
0.94326
0.94286
0.94247
0.94194
0.94141
0.94089
0.94039
0.9399
0.93943
0.93897
0.93854
0.93812
0.93771
0.93732
0.93693
0.9364
0.93588
0.93537
0.93487
0.93439
0.93393
0.93349
0.93306
0.93265
0.93226
0.93188
0.93151
0.93099
0.93049
0.92999
0.92952
0.92905
0.92861
0.92819
0.92779
0.9274
0.92703
0.92667
0.92632
0.92583
0.92535
0.92488
0.92443
0.924
0.92359
0.92319
0.92282
0.92246
0.92212
0.92179
0.92148
0.92102
0.92058
0.92014
0.91973
0.91933
0.91895
0.9186
0.91826
0.91794
0.91764
0.91735
0.91708
0.91666
0.91626
0.91587
0.9155
0.91514
0.91481
0.9145
0.91421
0.91393
0.91368
0.91344
0.91321
0.91284
0.91248
0.91214
0.91182
0.91151
0.91123
0.91097
0.91073
0.91051
0.91031
0.91012
0.90994
0.90964
0.90934
0.90906
0.90879
0.90854
0.90832
0.90811
0.90793
0.90776
0.90761
0.90748
0.90735
0.90709
0.90683
0.90659
0.90636
0.90615
0.90597
0.9058
0.90566
0.90553
0.90542
0.90533
0.90525
0.90504
0.90484
0.90465
0.90449
0.90434
0.90422
0.90412
0.90404
0.90398
0.90394
0.90392
0.9039
0.90376
0.90362
0.9035
0.9034
0.90332
0.90326
0.90323
0.90321
0.90322
0.90324
0.90328
0.90333
0.90325
0.90318
0.90313
0.90309
0.90308
0.90308
0.90311
0.90316
0.90323
0.90332
0.90343
0.90354
0.90352
0.90352
0.90353
0.90356
0.9036
0.90367
0.90376
0.90388
0.90401
0.90416
0.90433
0.90451
0.90455
0.90461
0.90468
0.90477
0.90487
0.905
0.90515
0.90533
0.90552
0.90573
0.90595
0.90619
0.90629
0.9064
0.90653
0.90667
0.90684
0.90702
0.90723
0.90745
0.9077
0.90796
0.90824
0.90852
0.90868
0.90884
0.90901
0.90921
0.90942
0.90965
0.9099
0.91017
0.91047
0.91077
0.9111
0.91143
0.91163
0.91183
0.91205
0.91229
0.91254
0.91281
0.9131
0.91341
0.91374
0.91408
0.91444
0.9148
0.91502
0.91525
0.9155
0.91575
0.91603
0.91633
0.91665
0.91699
0.91735
0.91772
0.91812
0.91852
0.91879
0.91907
0.91937
0.91968
0.92002
0.92037
0.92074
0.92113
0.92154
0.92197
0.9224
0.92284
0.92314
0.92345
0.92376
0.92409
0.92443
0.92478
0.92516
0.92554
0.92595
0.92636
0.92679
0.92722
0.92751
0.9278
0.92811
0.92843
0.92876
0.92911
0.92947
0.92985
0.93024
0.93064
0.93105
0.93147
0.93174
0.93202
0.93231
0.9326
0.93291
0.93324
0.93357
0.93393
0.93429
0.93467
0.93505
0.93543
0.93567
0.93592
0.93617
0.93643
0.93671
0.93699
0.93729
0.9376
0.93793
0.93826
0.9386
0.93895
0.93914
0.93934
0.93955
0.93976
0.93999
0.94023
0.94048
0.94074
0.94101
0.94129
0.94158
0.94187
0.94201
0.94216
0.9423
0.94246
0.94263
0.94281
0.943
0.9432
0.94341
0.94363
0.94386
0.94409
0.94417
0.94425
0.94434
0.94443
0.94453
0.94465
0.94477
0.9449
0.94505
0.9452
0.94535
0.94551
0.94551
0.94551
0.94552
0.94554
0.94556
0.9456
0.94566
0.94572
0.9458
0.94589
0.94598
0.94608
0.94604
0.946
0.94597
0.94594
0.94591
0.94589
0.94588
0.94586
0.94585
0.94584
0.94582
0.94579
0.94559
0.94537
0.94516
0.94493
0.94471
0.9445
0.94429
0.94408
0.94389
0.94369
0.94351
0.94332
0.943
0.94268
0.94238
0.94208
0.94179
0.94153
0.94127
0.94103
0.94081
0.94059
0.94039
0.94018
0.93983
0.93948
0.93913
0.9388
0.93848
0.93817
0.93787
0.93759
0.93732
0.93707
0.93682
0.93657
0.93619
0.93581
0.93543
0.93507
0.93473
0.9344
0.93408
0.93379
0.9335
0.93323
0.93297
0.93272
0.93232
0.93194
0.93156
0.93119
0.93084
0.93051
0.9302
0.9299
0.92963
0.92936
0.92911
0.92886
0.92848
0.9281
0.92774
0.92739
0.92705
0.92674
0.92645
0.92618
0.92592
0.92568
0.92545
0.92524
0.92488
0.92454
0.92421
0.92389
0.92359
0.92332
0.92307
0.92283
0.92262
0.92242
0.92224
0.92207
0.92176
0.92146
0.92118
0.92092
0.92068
0.92045
0.92026
0.92008
0.91993
0.9198
0.91968
0.91957
0.91934
0.91911
0.91891
0.91872
0.91855
0.9184
0.91827
0.91817
0.91808
0.91801
0.91796
0.91791
0.91773
0.91755
0.9174
0.91726
0.91715
0.91707
0.91702
0.91701
0.91702
0.91707
0.91714
0.91723
0.91722
0.91723
0.91726
0.91733
0.91743
0.91756
0.91772
0.91791
0.91813
0.91837
0.91862
0.91889
0.91902
0.91915
0.9193
0.91947
0.91966
0.91987
0.9201
0.92035
0.92063
0.92092
0.92123
0.92155
0.92174
0.92194
0.92216
0.9224
0.92266
0.92294
0.92325
0.92358
0.92393
0.9243
0.92469
0.92509
0.92535
0.92562
0.9259
0.92621
0.92653
0.92687
0.92724
0.92763
0.92804
0.92846
0.9289
0.92935
0.92966
0.92999
0.93032
0.93067
0.93104
0.93143
0.93185
0.93228
0.93273
0.93319
0.93367
0.93416
0.9345
0.93486
0.93523
0.93561
0.93601
0.93643
0.93687
0.93732
0.93779
0.93828
0.93878
0.93929
0.93965
0.94002
0.9404
0.9408
0.94121
0.94164
0.94208
0.94254
0.94302
0.94351
0.94401
0.94452
0.94488
0.94525
0.94563
0.94602
0.94642
0.94684
0.94728
0.94772
0.94819
0.94866
0.94914
0.94962
0.94995
0.95029
0.95064
0.95099
0.95136
0.95175
0.95216
0.95258
0.95301
0.95346
0.95392
0.95438
0.9547
0.95503
0.95537
0.95571
0.95606
0.95641
0.95678
0.95714
0.95751
0.95788
0.95824
0.95858
0.95876
0.95893
0.95909
0.95924
0.9594
0.95957
0.95973
0.95991
0.96009
0.96027
0.96046
0.96066
0.96071
0.96077
0.96084
0.96091
0.961
0.96111
0.96123
0.96136
0.96151
0.96166
0.96182
0.96199
0.962
0.96201
0.96202
0.96204
0.96208
0.96212
0.96218
0.96224
0.96232
0.96241
0.9625
0.96259
0.96254
0.96249
0.96244
0.96241
0.96238
0.96237
0.96237
0.96238
0.96241
0.96244
0.96248
0.96252
0.96241
0.96231
0.96221
0.96212
0.96205
0.96198
0.96193
0.9619
0.96187
0.96186
0.96185
0.96185
0.96169
0.96154
0.9614
0.96127
0.96115
0.96104
0.96095
0.96087
0.96081
0.96075
0.96071
0.96066
0.96047
0.96029
0.96011
0.95994
0.95979
0.95965
0.95952
0.95942
0.95932
0.95924
0.95916
0.95909
0.95887
0.95866
0.95846
0.95826
0.95809
0.95792
0.95778
0.95765
0.95753
0.95743
0.95734
0.95725
0.95702
0.9568
0.95658
0.95638
0.95619
0.95602
0.95586
0.95572
0.9556
0.95548
0.95538
0.95528
0.95504
0.9548
0.95457
0.95435
0.95416
0.95398
0.95382
0.95368
0.95357
0.95347
0.95338
0.95331
0.9531
0.9529
0.95272
0.95256
0.95241
0.95229
0.95219
0.95211
0.95204
0.95199
0.95196
0.95193
0.95175
0.95159
0.95143
0.95129
0.95116
0.95105
0.95096
0.95089
0.95083
0.95079
0.95076
0.95074
0.95058
0.95042
0.95028
0.95015
0.95005
0.94996
0.94989
0.94984
0.94981
0.94979
0.94978
0.94979
0.94965
0.94952
0.9494
0.9493
0.94921
0.94915
0.9491
0.94908
0.94907
0.94907
0.94909
0.94912
0.94901
0.9489
0.94881
0.94873
0.94867
0.94863
0.94861
0.94861
0.94863
0.94866
0.9487
0.94876
0.94867
0.94859
0.94852
0.94847
0.94844
0.94842
0.94843
0.94845
0.94849
0.94855
0.94862
0.9487
0.94864
0.94859
0.94854
0.94852
0.94851
0.94852
0.94855
0.9486
0.94867
0.94875
0.94884
0.94895
0.94891
0.94888
0.94886
0.94886
0.94887
0.9489
0.94896
0.94903
0.94912
0.94922
0.94934
0.94946
0.94944
0.94943
0.94943
0.94945
0.94948
0.94954
0.94961
0.9497
0.94981
0.94993
0.95007
0.95021
0.95022
0.95023
0.95025
0.95029
0.95034
0.95041
0.9505
0.9506
0.95072
0.95085
0.951
0.95114
0.95114
0.95115
0.95116
0.95119
0.95123
0.95129
0.95136
0.95146
0.95157
0.95169
0.95182
0.95196
0.95196
0.95196
0.95198
0.95201
0.95206
0.95213
0.95221
0.95231
0.95243
0.95256
0.95271
0.95286
0.95286
0.95288
0.9529
0.95293
0.95299
0.95305
0.95314
0.95324
0.95336
0.9535
0.95364
0.95379
0.95379
0.95381
0.95383
0.95386
0.95391
0.95398
0.95407
0.95417
0.95428
0.95441
0.95455
0.9547
0.9547
0.95471
0.95473
0.95476
0.9548
0.95486
0.95494
0.95504
0.95515
0.95527
0.95541
0.95555
0.95554
0.95554
0.95555
0.95557
0.9556
0.95566
0.95573
0.95581
0.95591
0.95602
0.95615
0.95627
0.95626
0.95624
0.95624
0.95625
0.95627
0.95631
0.95637
0.95644
0.95653
0.95663
0.95673
0.95685
0.95681
0.95679
0.95677
0.95676
0.95677
0.95679
0.95683
0.95689
0.95696
0.95704
0.95713
0.95722
0.95717
0.95712
0.95709
0.95706
0.95705
0.95705
0.95707
0.95711
0.95716
0.95723
0.9573
0.95738
0.95732
0.95726
0.95721
0.95717
0.95715
0.95714
0.95714
0.95715
0.95718
0.95722
0.95726
0.9573
0.95719
0.95708
0.95698
0.95688
0.9568
0.95673
0.95667
0.95663
0.9566
0.95659
0.95658
0.95657
0.95643
0.95629
0.95616
0.95604
0.95594
0.95585
0.95578
0.95573
0.95569
0.95567
0.95565
0.95564
0.95549
0.95534
0.95519
0.95506
0.95495
0.95485
0.95477
0.9547
0.95465
0.95461
0.95458
0.95456
0.95439
0.95423
0.95408
0.95394
0.95381
0.95371
0.95362
0.95354
0.95349
0.95344
0.95341
0.95338
0.95321
0.95304
0.95288
0.95274
0.95261
0.9525
0.95241
0.95233
0.95227
0.95223
0.95219
0.95216
0.95199
0.95183
0.95167
0.95153
0.9514
0.9513
0.95121
0.95114
0.95108
0.95104
0.95101
0.95098
0.95082
0.95066
0.95051
0.95038
0.95026
0.95016
0.95008
0.95002
0.94997
0.94994
0.94992
0.94991
0.94975
0.9496
0.94947
0.94934
0.94924
0.94915
0.94909
0.94904
0.94901
0.94899
0.94899
0.94899
0.94885
0.94872
0.9486
0.94849
0.94841
0.94834
0.94829
0.94826
0.94825
0.94825
0.94827
0.94829
0.94818
0.94807
0.94797
0.94789
0.94783
0.94779
0.94776
0.94776
0.94777
0.94779
0.94783
0.94787
0.94777
0.94768
0.9476
0.94754
0.94749
0.94746
0.94745
0.94746
0.94749
0.94753
0.94758
0.94765
0.94757
0.9475
0.94745
0.94741
0.94739
0.94739
0.94741
0.94745
0.94751
0.94759
0.94768
0.94777
0.94773
0.94769
0.94767
0.94766
0.94767
0.9477
0.94776
0.94783
0.94792
0.94802
0.94814
0.94827
0.94826
0.94825
0.94826
0.94829
0.94833
0.94839
0.94848
0.94858
0.9487
0.94884
0.94899
0.94915
0.94917
0.9492
0.94924
0.9493
0.94937
0.94947
0.94958
0.94972
0.94987
0.95004
0.95022
0.95041
0.95046
0.95052
0.95059
0.95068
0.95078
0.95091
0.95105
0.95122
0.9514
0.9516
0.95181
0.95203
0.95211
0.95219
0.95229
0.9524
0.95254
0.95269
0.95286
0.95305
0.95326
0.95348
0.95372
0.95396
0.95407
0.95418
0.9543
0.95444
0.95459
0.95476
0.95496
0.95517
0.9554
0.95565
0.9559
0.95617
0.95629
0.95642
0.95656
0.95672
0.95689
0.95708
0.95729
0.95752
0.95777
0.95803
0.9583
0.95857
0.9587
0.95884
0.95899
0.95916
0.95934
0.95954
0.95976
0.96
0.96025
0.96052
0.96081
0.9611
0.96126
0.96142
0.96159
0.96178
0.96198
0.96221
0.96245
0.96272
0.96299
0.96328
0.96359
0.9639
0.96406
0.96422
0.9644
0.96458
0.96479
0.96501
0.96524
0.96549
0.96576
0.96604
0.96632
0.96662
0.96676
0.96692
0.96708
0.96725
0.96744
0.96764
0.96786
0.9681
0.96835
0.96861
0.96888
0.96916
0.96929
0.96942
0.96956
0.96971
0.96987
0.97005
0.97025
0.97046
0.97068
0.97092
0.97116
0.97141
0.97151
0.97161
0.97172
0.97184
0.97197
0.97212
0.97228
0.97246
0.97265
0.97285
0.97306
0.97327
0.97333
0.97339
0.97347
0.97355
0.97364
0.97375
0.97387
0.97401
0.97416
0.97432
0.97448
0.97465
0.97467
0.97469
0.97472
0.97475
0.9748
0.97486
0.97494
0.97503
0.97513
0.97524
0.97536
0.97548
0.97545
0.97543
0.97541
0.9754
0.9754
0.97541
0.97544
0.97548
0.97553
0.97559
0.97565
0.97572
0.97563
0.97554
0.97547
0.9754
0.97534
0.9753
0.97528
0.97527
0.97527
0.97528
0.97531
0.97533
0.97522
0.97511
0.975
0.9749
0.97481
0.97473
0.97466
0.97459
0.97453
0.97447
0.9744
0.97433
0.97409
0.97385
0.9736
0.97335
0.97311
0.97288
0.97265
0.97244
0.97223
0.97203
0.97184
0.97165
0.97133
0.97101
0.97069
0.97039
0.97011
0.96984
0.96959
0.96936
0.96914
0.96894
0.96874
0.96855
0.96821
0.96787
0.96754
0.96722
0.96691
0.96663
0.96635
0.9661
0.96586
0.96563
0.96541
0.9652
0.96484
0.96449
0.96415
0.96382
0.96351
0.96321
0.96294
0.96268
0.96244
0.96221
0.962
0.96179
0.96144
0.96109
0.96076
0.96044
0.96014
0.95986
0.9596
0.95936
0.95913
0.95892
0.95872
0.95854
0.95821
0.95788
0.95758
0.95728
0.95701
0.95676
0.95652
0.95631
0.95612
0.95595
0.95578
0.95563
0.95534
0.95506
0.95479
0.95454
0.95431
0.9541
0.95391
0.95375
0.9536
0.95348
0.95337
0.95327
0.95303
0.9528
0.95258
0.95239
0.95221
0.95206
0.95194
0.95183
0.95175
0.95169
0.95164
0.95161
0.95144
0.95129
0.95115
0.95103
0.95093
0.95085
0.95079
0.95076
0.95075
0.95075
0.95078
0.95081
0.95069
0.95059
0.95051
0.95045
0.95041
0.9504
0.95043
0.95048
0.95056
0.95067
0.95081
0.95097
0.951
0.95106
0.95115
0.95126
0.9514
0.95158
0.95178
0.95201
0.95227
0.95255
0.95285
0.95316
0.95332
0.9535
0.95369
0.9539
0.95413
0.95438
0.95466
0.95495
0.95527
0.95561
0.95596
0.95633
0.95656
0.9568
0.95706
0.95734
0.95765
0.95797
0.95832
0.9587
0.95909
0.95951
0.95994
0.96038
0.96068
0.961
0.96132
0.96167
0.96204
0.96243
0.96284
0.96327
0.96373
0.9642
0.96469
0.96519
0.96555
0.96592
0.9663
0.9667
0.96712
0.96756
0.96802
0.9685
0.969
0.96952
0.97006
0.9706
0.971
0.97141
0.97183
0.97226
0.97272
0.9732
0.97369
0.97421
0.97474
0.9753
0.97586
0.97643
0.97686
0.97729
0.97773
0.97819
0.97867
0.97917
0.97968
0.98022
0.98077
0.98134
0.98191
0.9825
0.98294
0.98338
0.98383
0.9843
0.98479
0.98529
0.98581
0.98634
0.9869
0.98746
0.98804
0.98862
0.98905
0.98948
0.98992
0.99038
0.99085
0.99134
0.99185
0.99237
0.99291
0.99346
0.99403
0.9946
0.99502
0.99544
0.99588
0.99633
0.9968
0.99729
0.9978
0.99833
0.99887
0.99943
1
