0.6747
0.58529
0.61449
0.65448
0.66728
0.71934
0.71566
0.8242
0.88028
0.76474
0.53883
0.48696
0.44144
0.38491
0.35139
0.34658
0.35421
0.40098
0.44526
0.40946
0.41581
0.42271
0.39496
0.34297
0.35683
0.34658
0.38668
0.38312
0.39816
0.47039
0.54982
0.56604
0.57193
0.55975
0.48665
0.38061
0.37107
0.36055
0.32014
0.26751
0.31013
0.32572
0.34098
0.37859
0.32075
0.35653
0.3136
0.2719
0.22642
0.20885
0.21384
0.21651
0.21758
0.26334
0.31256
0.36609
0.3088
0.29655
0.29497
0.28302
0.22921
0.26607
0.27445
0.2327
0.25157
0.27535
0.34591
0.40597
0.35977
0.35019
0.344
0.32215
0.28389
0.29379
0.32615
0.31658
0.31788
0.40164
0.47888
0.58277
0.52291
0.49953
0.53011
0.53874
0.50799
0.50607
0.44427
0.45013
0.48912
0.56785
0.60826
0.60829
0.60461
0.55761
0.50991
0.4717
0.45835
0.45283
0.47971
0.44386
0.44116
0.45653
0.52825
0.58636
0.52764
0.55361
0.54089
0.43215
0.4495
0.38095
0.32972
0.31357
0.32075
0.38003
0.38658
0.50496
0.5274
0.50769
0.47889
0.48677
0.43678
0.4322
0.41805
0.5169
0.53943
0.53912
0.65192
0.75198
0.63304
0.56604
0.58215
0.49686
0.43039
0.38795
0.41333
0.41993
0.41872
0.4799
0.55791
0.55426
0.61878
0.55247
0.54717
0.47688
0.48575
0.43926
0.52023
0.52552
0.49431
0.53459
0.59556
0.69811
0.5829
0.54642
0.50224
0.37996
0.39793
0.35413
0.30277
0.29926
0.30891
0.3606
0.39551
0.40793
0.43468
0.44202
0.47286
0.42767
0.42229
0.43737
0.41727
0.44507
0.43446
0.45141
0.51583
0.47529
0.51659
0.52102
0.49153
0.48287
0.47943
0.37107
0.31162
0.28931
0.30466
0.32528
0.35937
0.4144
0.37202
0.39548
0.45097
0.41729
0.38535
0.35918
0.37961
0.37417
0.45541
0.44495
0.49619
0.52893
0.54031
0.61543
0.49621
0.43799
0.38528
0.35139
0.3129
0.29789
0.30818
0.33962
0.38205
0.42767
0.44025
0.40912
0.37597
0.37349
0.35499
0.40952
0.38315
0.42443
0.44695
0.48309
0.56168
0.65179
0.52905
0.53405
0.55752
0.49396
0.51721
0.49017
0.46866
0.505
0.51374
0.57829
0.63522
0.66783
0.68835
0.59425
0.59687
0.54324
0.51023
0.48073
0.54692
0.56092
0.49234
0.58331
0.59823
0.70395
0.70641
0.65803
0.60838
0.59655
NaN
0.59378
0.54034
0.5256
0.48152
0.52732
0.58583
0.61636
0.67389
0.6719
0.65353
0.68138
0.64862
0.68383
0.68763
0.66719
0.64593
0.73669
0.76887
0.79612
0.78302
0.7673
0.75017
0.74029
0.797
0.89595
0.87747
0.94498
0.96763
0.94602
1
0.94681
0.95608
0.89891
0.81583
0.78884
0.81554
0.75126
0.72169
0.7044
0.73377
0.69635
0.70801
0.71788
0.74659
0.76523
0.75943
0.73113
0.65707
0.55499
0.54177
0.46995
0.48334
0.49964
0.57144
0.6649
0.63468
0.58753
0.56394
0.53464
0.53735
0.56169
0.55911
0.58941
0.60937
0.60219
0.68816
0.69131
0.71074
0.61997
0.50855
0.48007
0.39982
0.39087
0.35013
0.34867
0.38159
0.38522
0.45488
0.5148
0.47438
0.4843
0.46644
0.4271
0.40881
0.41978
0.38891
0.41143
0.4371
0.46272
0.49423
0.51908
0.53777
0.50041
0.5283
0.47694
0.47852
0.46718
0.3854
0.3881
0.39257
0.35936
0.47438
0.52201
0.54979
0.59801
0.54927
0.58139
0.57233
0.5627
0.55967
0.51397
0.56501
0.55083
0.54043
0.64311
0.66304
0.65051
0.47892
0.45753
0.36654
0.34899
0.34957
0.36306
0.29474
0.35746
0.37559
0.40411
0.46083
0.42046
0.45501
0.41657
0.38101
0.4408
0.45274
0.52473
0.54455
0.63609
0.67921
0.75848
0.66667
0.58491
0.51117
0.46627
0.43294
0.38182
0.32261
0.30097
0.33174
0.41893
0.45611
0.5238
0.56513
0.54626
0.48272
0.47073
0.43215
0.40579
0.40521
0.4717
0.55611
0.58758
0.67652
0.77894
0.69629
0.58682
0.40575
0.34413
0.28566
0.26478
0.27044
0.25428
0.26865
0.27597
0.34322
0.39599
0.42138
0.39421
0.34693
0.34465
0.34308
0.31535
0.32064
0.30818
0.32176
0.3512
0.39321
0.48224
0.39159
0.32617
0.32615
0.29392
0.28908
0.23801
0.2612
0.25591
0.3072
0.29655
0.32606
0.32628
0.34264
0.34877
0.31742
0.23853
0.25689
0.23899
0.23706
0.26318
0.2687
0.29319
0.37905
0.41732
0.33705
0.34187
0.33572
0.26879
0.28009
0.26503
0.26317
0.22301
0.26558
0.29168
0.30987
0.37296
0.34684
0.32171
0.28931
0.24432
0.2351
0.2172
0.17806
0.17803
0.18089
0.20852
0.23971
0.35553
0.2956
0.27476
0.26705
0.28066
0.31447
0.28253
0.24253
0.23972
0.28557
0.26635
0.29226
0.33429
0.34159
0.3933
0.39367
0.3705
0.38282
0.3892
0.4012
0.41834
0.46928
0.51654
0.4572
0.51837
0.55346
0.48428
0.40687
0.36128
0.34515
0.34216
0.28783
0.26319
0.2956
0.29613
0.32515
0.34521
0.36635
0.3522
0.37107
0.34892
0.33716
0.38365
0.39146
0.45188
0.46182
0.47075
0.47799
0.55346
0.53212
0.50369
0.39443
0.33526
0.28337
0.30045
0.30189
0.30818
0.28854
0.3251
0.34398
0.40821
0.37349
0.34875
0.33333
0.24386
0.26072
0.29433
0.30189
0.2733
0.28761
0.35657
0.39623
0.52156
0.43566
0.42867
0.35592
0.3038
0.28499
0.28779
0.30584
0.25255
0.25362
0.30095
0.36534
0.41165
0.38896
0.4102
0.38994
0.40785
0.39524
0.40838
0.39935
0.45338
0.45379
0.4635
0.60355
0.67145
0.54564
0.49803
0.4378
0.33239
0.26209
0.30912
0.29489
0.25786
0.27192
0.27595
0.3111
0.36142
0.38562
0.44172
0.37953
0.35148
0.33855
0.37257
0.37736
0.34412
0.43641
0.44989
0.53269
0.6242
0.59305
0.4849
0.46316
0.41177
0.37838
0.33235
0.2975
0.26755
0.31257
0.34058
0.40975
0.46975
0.50598
0.53825
0.55151
0.54763
0.54522
0.53089
0.57043
0.55346
0.57599
0.69811
0.80056
0.8988
0.71985
0.5572
0.48612
0.42965
0.40606
0.37879
0.31891
0.32075
0.32751
0.38404
0.44299
0.46833
0.55788
0.59132
0.55174
0.52294
0.55685
0.61053
0.57376
0.64053
0.62319
0.67873
0.75452
0.84678
0.71905
0.60186
0.60561
0.4917
0.41653
0.38502
0.34059
0.2956
0.36253
0.35824
0.32075
0.51922
0.4807
0.50707
0.55991
0.53459
