0.58428
0.61254
0.63815
0.66239
0.65131
0.70194
0.71406
0.87564
0.88183
0.72635
0.64802
0.55172
0.53858
0.41696
0.39311
0.37912
0.39625
0.43296
0.49549
0.47564
0.48239
0.4882
0.44481
0.39662
0.36917
0.40494
0.44213
0.41279
0.41327
0.54241
0.50461
0.61915
0.68715
0.56122
0.53942
0.47558
0.4405
0.39205
0.37259
0.35691
0.35771
0.36201
0.42855
0.42763
0.38043
0.40099
0.39339
0.32821
0.24477
0.25777
0.26428
0.27608
0.29693
0.29934
0.36256
0.38442
0.33242
0.39491
0.35958
0.37036
0.2974
0.3262
0.29743
0.29043
0.32932
0.34828
0.372
0.45712
0.42231
0.38991
0.38974
0.35485
0.32731
0.34302
0.35686
0.35635
0.40987
0.43963
0.51148
0.55556
0.54371
0.54657
0.55002
0.59291
0.52636
0.54805
0.56445
0.50452
0.56304
0.53304
0.63568
0.61145
0.57909
0.6269
0.56436
0.48578
0.49053
0.47905
0.45721
0.48003
0.4461
0.51117
0.53324
0.60868
0.54411
0.55546
0.58997
0.5219
0.47016
0.47171
0.42779
0.36703
0.35485
0.37308
0.47101
0.56874
0.57585
0.57473
0.55482
0.51601
0.48979
0.4894
0.48629
0.51841
0.51646
0.58888
0.63934
0.76293
0.65441
0.67796
0.62141
0.50609
0.46476
0.42775
0.45321
0.43569
0.47979
0.48969
0.60248
0.60626
0.62099
0.58797
0.57705
0.55267
0.50862
0.51011
0.49573
0.50899
0.51159
0.53055
0.61748
0.70935
0.61761
0.58106
0.57438
0.41447
0.45196
0.4076
0.38336
0.35338
0.35582
0.37356
0.38983
0.50862
0.51382
0.5703
0.58077
0.48886
0.49927
0.42877
0.47856
0.4465
0.43834
0.4409
0.53469
0.52684
0.62396
0.60621
0.58503
0.55533
0.5254
0.45491
0.40315
0.37441
0.38298
0.38922
0.3938
0.47076
0.43087
0.53783
0.48348
0.42328
0.4175
0.44658
0.47168
0.45738
0.45681
0.49824
0.55248
0.54874
0.60419
0.6269
0.61508
0.50452
0.42157
0.37365
0.3977
0.36422
0.32725
0.38491
0.39137
0.47169
0.49052
0.43614
0.43728
0.37603
0.41696
0.39132
0.41593
0.43321
0.44237
0.45684
0.55349
0.61578
0.57415
0.58361
0.53578
0.52589
0.49863
0.55714
0.50609
0.53228
0.57705
0.6432
0.67386
0.749
0.71372
0.61751
0.61409
0.5598
0.49529
0.50488
0.51879
0.52418
0.56335
0.54846
0.63129
0.7369
0.65745
0.67565
0.66342
0.63556
NaN
0.59005
0.55299
0.54313
0.53906
0.59992
0.61508
0.73844
0.71901
0.73197
0.69742
0.64465
0.65648
0.66349
0.70204
0.66042
0.69704
0.6964
0.7723
0.73878
0.7787
0.81956
0.80627
0.86271
0.8303
0.86864
0.89572
0.92704
0.9123
0.97141
0.97497
1
0.97841
0.84554
0.817
0.86319
0.80965
0.77621
0.72305
0.79336
0.74221
0.73253
0.7392
0.70041
0.71395
0.78417
0.75449
0.77624
0.70379
0.60032
0.57536
0.55331
0.5196
0.55855
0.63873
0.71129
0.69049
0.61605
0.59241
0.58508
0.5863
0.58203
0.56837
0.60662
0.62884
0.63183
0.66037
0.73237
0.73038
0.70719
0.561
0.50934
0.48831
0.43765
0.40606
0.38291
0.3697
0.4229
0.47863
0.54579
0.53228
0.50186
0.48661
0.4569
0.44314
0.45841
0.42636
0.47755
0.4638
0.49682
0.5188
0.51617
0.55496
0.53282
0.58258
0.54465
0.49038
0.49503
0.40049
0.37259
0.38647
0.41145
0.45452
0.57714
0.62099
0.62296
0.60325
0.60068
0.59479
0.55932
0.55511
0.53974
0.55636
0.58257
0.58605
0.61577
0.76001
0.63873
0.58977
0.4942
0.43924
0.41149
0.40112
0.36077
0.34906
0.36421
0.38105
0.47905
0.54571
0.47991
0.47314
0.44894
0.44796
0.43692
0.47477
0.53068
0.54663
0.57465
0.67171
0.75067
0.6137
0.59627
0.54766
0.49426
0.46131
0.42321
0.37328
0.36247
0.36171
0.40025
0.47185
0.57962
0.57884
0.50441
0.51527
0.43861
0.42076
0.44073
0.46131
0.45044
0.49342
0.58364
0.68019
0.73813
0.62875
0.56704
0.49088
0.42244
0.35958
0.33309
0.30162
0.28815
0.29065
0.29629
0.37344
0.41065
0.44861
0.41955
0.42638
0.38975
0.35566
0.34894
0.32262
0.3126
0.33966
0.35316
0.41648
0.48688
0.38131
0.40808
0.3616
0.32094
0.2898
0.25777
0.28703
0.26297
0.30985
0.32399
0.33988
0.39957
0.36157
0.37851
0.33897
0.2747
0.24598
0.25566
0.2534
0.23883
0.28894
0.3098
0.34721
0.43946
0.34322
0.38442
0.33953
0.28737
0.28963
0.29736
0.28388
0.26253
0.27388
0.2898
0.36321
0.3837
0.36258
0.33405
0.32772
0.26978
0.25431
0.21883
0.21698
0.21883
0.19334
0.2079
0.29571
0.35408
0.3284
0.32307
0.31527
0.27076
0.32757
0.26295
0.26789
0.28614
0.25103
0.28388
0.30255
0.36077
0.39255
0.43123
0.40896
0.37406
0.38534
0.42234
0.42141
0.43554
0.45994
0.50347
0.50271
0.53756
0.59334
0.46427
0.47314
0.40717
0.38676
0.30277
0.30893
0.29431
0.26792
0.32167
0.28689
0.34695
0.36402
0.37639
0.38514
0.32572
0.35897
0.36353
0.39553
0.39034
0.43495
0.47873
0.49351
0.52548
0.58405
0.56093
0.41768
0.36452
0.29984
0.31542
0.29927
0.27867
0.2797
0.28697
0.31073
0.39034
0.41627
0.36757
0.38442
0.28677
0.2859
0.26319
0.28031
0.3122
0.30594
0.36538
0.44356
0.52408
0.41572
0.4334
0.34586
0.35485
0.28666
0.30162
0.27566
0.26929
0.32047
0.30074
0.38185
0.41935
0.43903
0.41959
0.46165
0.39034
0.36263
0.38853
0.42405
0.46221
0.46377
0.48977
0.56535
0.5942
0.52671
0.52072
0.44807
0.39212
0.34827
0.32765
0.27674
0.25776
0.30162
0.31086
0.34096
0.40584
0.41991
0.41671
0.41134
0.35253
0.34984
0.37351
0.40808
0.43146
0.41309
0.47891
0.55236
0.60268
0.53228
0.52781
0.51003
0.46392
0.41633
0.37317
0.33764
0.30434
0.28744
0.34548
0.45361
0.51045
0.58226
0.5994
0.53371
0.52228
0.55737
0.55837
0.60227
0.6158
0.64396
0.70273
0.82518
0.89489
0.76992
0.63565
0.49695
0.41864
0.39809
0.39625
0.35485
0.31311
0.32119
0.3865
0.41842
0.52636
0.53002
0.55346
0.57439
0.57351
0.55117
0.52088
0.53389
0.65997
0.60736
0.70148
0.68798
0.83748
0.73316
0.61794
0.55187
0.4742
0.46722
0.40075
0.36259
0.33891
0.35663
0.37435
0.44084
0.55856
0.5066
0.57644
0.58961
0.54911
