0.26296
0.26276
0.26256
0.26238
0.26221
0.26207
0.26193
0.26171
0.2615
0.26131
0.26113
0.26097
0.26082
0.26059
0.26037
0.26017
0.25998
0.25981
0.25965
0.25942
0.25919
0.25899
0.2588
0.25862
0.25846
0.25822
0.25799
0.25778
0.25759
0.25741
0.25725
0.25701
0.25678
0.25657
0.25638
0.25621
0.25604
0.25581
0.25558
0.25538
0.25519
0.25502
0.25486
0.25463
0.25441
0.25421
0.25403
0.25387
0.25372
0.25349
0.25328
0.25309
0.25292
0.25276
0.25262
0.25241
0.25221
0.25202
0.25186
0.25172
0.25159
0.25139
0.2512
0.25103
0.25089
0.25076
0.25064
0.25045
0.25028
0.25012
0.24999
0.24987
0.24977
0.24959
0.24943
0.24928
0.24916
0.24905
0.24896
0.2488
0.24865
0.24852
0.2484
0.24831
0.24823
0.24808
0.24794
0.24781
0.24771
0.24763
0.24756
0.24741
0.24729
0.24717
0.24708
0.24701
0.24694
0.24681
0.24669
0.24659
0.2465
0.24643
0.24638
0.24625
0.24614
0.24604
0.24597
0.24591
0.24586
0.24573
0.24563
0.24553
0.24546
0.24541
0.24536
0.24525
0.24515
0.24507
0.245
0.24494
0.24489
0.24477
0.24465
0.24454
0.24445
0.24438
0.24431
0.24418
0.24406
0.24396
0.24387
0.2438
0.24375
0.24362
0.24351
0.24341
0.24333
0.24327
0.24321
0.24309
0.24298
0.24289
0.24281
0.24275
0.24271
0.24259
0.24249
0.2424
0.24233
0.24228
0.24224
0.24213
0.24203
0.24195
0.24189
0.24185
0.24182
0.24172
0.24163
0.24156
0.2415
0.24147
0.24145
0.24136
0.24128
0.24121
0.24117
0.24115
0.24113
0.24105
0.24098
0.24093
0.2409
0.24089
0.24088
0.24081
0.24075
0.24071
0.24069
0.24069
0.2407
0.24064
0.24059
0.24056
0.24055
0.24056
0.24058
0.24054
0.2405
0.24048
0.24048
0.2405
0.24053
0.2405
0.24047
0.24046
0.24048
0.24051
0.24055
0.24052
0.2405
0.24051
0.24053
0.24056
0.24061
0.2406
0.24059
0.2406
0.24063
0.24067
0.24073
0.24072
0.24072
0.24074
0.24077
0.24083
0.24089
0.24088
0.24089
0.24091
0.24095
0.24101
0.24108
0.24107
0.24108
0.24111
0.24115
0.24121
0.24128
0.24128
0.24129
0.24131
0.24136
0.24142
0.24149
0.24149
0.2415
0.24153
0.24157
0.24162
0.24168
0.24167
0.24167
0.24168
0.2417
0.24174
0.24179
0.24177
0.24176
0.24176
0.24178
0.24182
0.24187
0.24184
0.24182
0.24182
0.24184
0.24187
0.2419
0.24187
0.24185
0.24184
0.24185
0.24187
0.2419
0.24186
0.24182
0.24181
0.2418
0.24182
0.24184
0.24179
0.24175
0.24172
0.24171
0.24171
0.24172
0.24166
0.24161
0.24157
0.24155
0.24154
0.24154
0.24147
0.24141
0.24136
0.24133
0.24131
0.2413
0.24122
0.24114
0.24108
0.24104
0.24101
0.24099
0.2409
0.24081
0.24074
0.24068
0.24064
0.2406
0.24049
0.24039
0.2403
0.24023
0.24017
0.24011
0.23999
0.23987
0.23977
0.23969
0.23961
0.23955
0.23942
0.23929
0.23918
0.23908
0.239
0.23892
0.23878
0.23864
0.23852
0.23842
0.23832
0.23824
0.23809
0.23794
0.23781
0.23769
0.23759
0.2375
0.23734
0.23718
0.23705
0.23692
0.23681
0.23671
0.23654
0.23639
0.23624
0.23611
0.236
0.23589
0.23572
0.23555
0.2354
0.23527
0.23515
0.23504
0.23486
0.23469
0.23453
0.23439
0.23427
0.23416
0.23398
0.23381
0.23365
0.23352
0.23339
0.23327
0.23309
0.23291
0.23274
0.2326
0.23246
0.23234
0.23215
0.23197
0.23181
0.23167
0.23154
0.23142
0.23124
0.23106
0.2309
0.23076
0.23064
0.23052
0.23035
0.23018
0.23003
0.22989
0.22977
0.22967
0.2295
0.22934
0.22919
0.22907
0.22896
0.22886
0.2287
0.22855
0.22842
0.2283
0.2282
0.22812
0.22797
0.22783
0.22771
0.22761
0.22752
0.22745
0.22731
0.22718
0.22708
0.22699
0.22692
0.22686
0.22673
0.22662
0.22653
0.22645
0.2264
0.22635
0.22625
0.22615
0.22608
0.22602
0.22597
0.22594
0.22584
0.22575
0.22568
0.22562
0.22558
0.22556
0.22547
0.22539
0.22534
0.2253
0.22528
0.22527
0.2252
0.22515
0.22511
0.22509
0.22509
0.2251
0.22505
0.22501
0.22499
0.22499
0.225
0.22503
0.225
0.22498
0.22498
0.225
0.22503
0.22508
0.22506
0.22506
0.22508
0.22511
0.22516
0.22523
0.22523
0.22524
0.22528
0.22533
0.22539
0.22548
0.22549
0.22552
0.22557
0.22563
0.22572
0.22581
0.22584
0.22588
0.22594
0.22602
0.22612
0.22622
0.22626
0.22632
0.22639
0.22647
0.22658
0.22669
0.22674
0.22681
0.22688
0.22698
0.22709
0.22722
0.22727
0.22734
0.22742
0.22752
0.22763
0.22776
0.22782
0.22788
0.22796
0.22806
0.22818
0.2283
0.22835
0.22842
0.22849
0.22859
0.22869
0.22881
0.22886
0.22891
0.22898
0.22906
0.22916
0.22927
0.2293
0.22935
0.22941
0.22948
0.22956
0.22965
0.22967
0.2297
0.22974
0.2298
0.22987
0.22994
0.22994
0.22996
0.22998
0.23001
0.23006
0.23011
0.23009
0.23008
0.23008
0.2301
0.23012
0.23015
0.23012
0.23009
0.23007
0.23006
0.23005
0.23005
0.22997
0.2299
0.22983
0.22977
0.22972
0.22968
0.22956
0.22946
0.22937
0.22929
0.22922
0.22916
0.22902
0.2289
0.22878
0.22868
0.22859
0.2285
0.22834
0.2282
0.22806
0.22794
0.22783
0.22772
0.22755
0.22738
0.22723
0.22709
0.22696
0.22684
0.22665
0.22647
0.2263
0.22615
0.22601
0.22588
0.22568
0.22548
0.2253
0.22514
0.22499
0.22485
0.22464
0.22444
0.22426
0.22409
0.22393
0.22378
0.22357
0.22337
0.22318
0.22301
0.22285
0.2227
0.22249
0.22229
0.2221
0.22193
0.22178
0.22163
0.22143
0.22124
0.22107
0.22091
0.22078
0.22065
0.22046
0.22028
0.22011
0.21996
0.21983
0.21971
0.21953
0.21935
0.2192
0.21906
0.21894
0.21883
0.21866
0.2185
0.21836
0.21823
0.21812
0.21803
0.21787
0.21772
0.21759
0.21748
0.21739
0.21731
0.21716
0.21703
0.21692
0.21682
0.21674
0.21668
0.21655
0.21644
0.21634
0.21626
0.2162
0.21615
0.21604
0.21594
0.21586
0.2158
0.21576
0.21573
0.21563
0.21555
0.21549
0.21545
0.21542
0.21541
0.21534
0.21529
0.21525
0.21522
0.21521
0.21521
0.21514
0.21507
0.21502
0.21499
0.21497
0.21496
0.21489
0.21484
0.21481
0.2148
0.21481
0.21484
0.2148
0.21477
0.21477
0.21478
0.21481
0.21485
0.21484
0.21484
0.21486
0.2149
0.21496
0.21503
0.21504
0.21506
0.21511
0.21518
0.21526
0.21536
0.2154
0.21545
0.21552
0.21562
0.21573
0.21585
0.21592
0.216
0.2161
0.21622
0.21636
0.21651
0.21661
0.21671
0.21684
0.21699
0.21715
0.21733
0.21745
0.21758
0.21773
0.21791
0.21809
0.21829
0.21843
0.21859
0.21876
0.21895
0.21916
0.21939
0.21956
0.21975
0.21995
0.22018
0.22043
0.22068
0.22088
0.22108
0.2213
0.22154
0.22179
0.22205
0.22225
0.22246
0.22269
0.22293
0.22319
0.22345
0.22366
0.22387
0.22409
0.22433
0.22459
0.22485
0.22505
0.22525
0.22547
0.2257
0.22595
0.2262
0.22638
0.22658
0.22678
0.22699
0.22722
0.22746
0.22762
0.22779
0.22797
0.22816
0.22837
0.22858
0.22871
0.22886
0.22901
0.22917
0.22934
0.22952
0.22962
0.22973
0.22985
0.22998
0.23011
0.23025
0.23033
0.2304
0.23048
0.23057
0.23066
0.23075
0.23075
0.23076
0.23077
0.23079
0.23081
0.23084
0.23079
0.23075
0.23071
0.23069
0.23067
0.23066
0.23057
0.23048
0.2304
0.23033
0.23027
0.23021
0.23008
0.22995
0.22982
0.22971
0.22961
0.22951
0.22933
0.22916
0.229
0.22885
0.2287
0.22856
0.22835
0.22814
0.22794
0.22775
0.22757
0.2274
0.22715
0.22691
0.22668
0.22646
0.22625
0.22605
0.22577
0.2255
0.22525
0.225
0.22476
0.22454
0.22424
0.22395
0.22367
0.22341
0.22315
0.22291
0.22259
0.22229
0.222
0.22172
0.22145
0.2212
0.22087
0.22055
0.22025
0.21996
0.21968
0.21941
0.21908
0.21876
0.21845
0.21816
0.21789
0.21763
0.2173
0.21699
0.21669
0.21641
0.21614
0.21589
0.21557
0.21527
0.21499
0.21472
0.21447
0.21423
0.21394
0.21365
0.21339
0.21314
0.21291
0.2127
0.21243
0.21217
0.21193
0.21171
0.21151
0.21132
0.21107
0.21084
0.21063
0.21045
0.21027
0.21012
0.20991
0.20971
0.20953
0.20938
0.20924
0.20912
0.20895
0.20879
0.20865
0.20853
0.20843
0.20834
0.2082
0.20808
0.20797
0.20789
0.20783
0.20779
0.20769
0.20761
0.20755
0.20751
0.2075
0.2075
0.20744
0.2074
0.20737
0.20737
0.20739
0.20742
0.2074
0.20739
0.2074
0.20743
0.20748
0.20755
0.20755
0.20758
0.20762
0.20768
0.20776
0.20785
0.20789
0.20794
0.20801
0.20809
0.2082
0.20831
0.20837
0.20844
0.20853
0.20864
0.20876
0.2089
0.20898
0.20907
0.20917
0.20929
0.20943
0.20958
0.20967
0.20977
0.20989
0.21002
0.21017
0.21032
0.21042
0.21053
0.21065
0.21078
0.21093
0.2111
0.2112
0.21131
0.21143
0.21157
0.21172
0.21186
0.21194
0.21203
0.21212
0.21222
0.21234
0.21246
0.21252
0.21259
0.21268
0.21278
0.21289
0.21301
0.21306
0.21313
0.2132
0.21329
0.21339
0.2135
0.21355
0.2136
0.21367
0.21374
0.21383
0.21393
0.21397
0.21401
0.21406
0.21413
0.21421
0.2143
0.21432
0.21435
0.21439
0.21445
0.21452
0.2146
0.21461
0.21463
0.21466
0.21471
0.21477
0.21483
0.21483
0.21484
0.21487
0.2149
0.21495
0.21501
0.215
0.215
0.21502
0.21504
0.21508
0.21513
0.21511
0.21511
0.21511
0.21513
0.21517
0.21521
0.21519
0.21518
0.21519
0.21521
0.21524
0.21529
0.21527
0.21525
0.21525
0.21527
0.2153
0.21533
0.21531
0.21529
0.21529
0.2153
0.21532
0.21536
0.21533
0.21531
0.2153
0.21531
0.21533
0.21536
0.21533
0.2153
0.21529
0.2153
0.21532
0.21535
0.21531
0.21529
0.21528
0.21528
0.2153
0.21532
0.21529
0.21526
0.21525
0.21525
0.21527
0.2153
0.21526
0.21523
0.21522
0.21522
0.21524
0.21527
0.21523
0.2152
0.21519
0.21519
0.21521
0.21524
0.2152
0.21518
0.21517
0.21517
0.21519
0.21521
0.21516
0.21512
0.2151
0.21508
0.21508
0.21509
0.21504
0.215
0.21497
0.21496
0.21497
0.21498
0.21494
0.2149
0.21488
0.21487
0.21488
0.2149
0.21486
0.21482
0.21481
0.21481
0.21482
0.21484
0.2148
0.21478
0.21477
0.21477
0.21479
0.21482
0.21479
0.21477
0.21476
0.21477
0.21479
0.21483
0.2148
0.21479
0.21479
0.2148
0.21484
0.21488
0.21486
0.21485
0.21485
0.21488
0.21491
0.21496
0.21495
0.21494
0.21495
0.21498
0.21502
0.21507
0.21506
0.21506
0.21508
0.21511
0.21515
0.21521
0.2152
0.21521
0.21523
0.21527
0.21532
0.21538
0.21538
0.21538
0.21541
0.21544
0.21549
0.21555
0.21555
0.21555
0.21557
0.21561
0.21565
0.21571
0.2157
0.21571
0.21572
0.21575
0.21579
0.21584
0.21583
0.21582
0.21583
0.21585
0.21589
0.21593
0.21591
0.21589
0.21589
0.2159
0.21593
0.21596
0.21592
0.2159
0.21588
0.21588
0.21589
0.21591
0.21586
0.21582
0.21579
0.21578
0.21577
0.21578
0.21571
0.21566
0.21561
0.21558
0.21556
0.21555
0.21547
0.2154
0.21534
0.21529
0.21525
0.21521
0.2151
0.21499
0.21489
0.21481
0.21473
0.21465
0.21452
0.21439
0.21428
0.21417
0.21408
0.214
0.21385
0.21371
0.21358
0.21346
0.21336
0.21326
0.21309
0.21294
0.2128
0.21267
0.21255
0.21244
0.21227
0.2121
0.21195
0.21181
0.21168
0.21156
0.21138
0.21121
0.21105
0.21091
0.21078
0.21065
0.21047
0.21029
0.21013
0.20999
0.20985
0.20973
0.20954
0.20937
0.20921
0.20906
0.20893
0.20881
0.20863
0.20846
0.2083
0.20816
0.20803
0.20792
0.20774
0.20758
0.20743
0.20729
0.20718
0.20707
0.20691
0.20676
0.20662
0.20651
0.20641
0.20632
0.20617
0.20603
0.20591
0.20581
0.20572
0.20564
0.20551
0.20539
0.20528
0.2052
0.20513
0.20507
0.20495
0.20485
0.20476
0.20469
0.20464
0.2046
0.20451
0.20442
0.20436
0.20431
0.20428
0.20426
0.20418
0.20412
0.20407
0.20404
0.20403
0.20403
0.20398
0.20394
0.20391
0.20391
0.20392
0.20394
0.20391
0.20389
0.20389
0.2039
0.20393
0.20398
0.20396
0.20396
0.20398
0.20402
0.20407
0.20414
0.20415
0.20418
0.20422
0.20427
0.20434
0.20442
0.20444
0.20447
0.20451
0.20457
0.20464
0.20473
0.20476
0.2048
0.20486
0.20494
0.20504
0.20514
0.20519
0.20526
0.20534
0.20543
0.20555
0.20567
0.20574
0.20582
0.20592
0.20604
0.20617
0.20631
0.2064
0.2065
0.20661
0.20675
0.20689
0.20705
0.20716
0.20727
0.2074
0.20755
0.20771
0.20789
0.208
0.20813
0.20827
0.20843
0.20861
0.2088
0.20892
0.20906
0.20922
0.20939
0.20957
0.20977
0.20991
0.21006
0.21022
0.2104
0.21059
0.21079
0.21093
0.21109
0.21125
0.21144
0.21163
0.21184
0.212
0.21216
0.21234
0.21253
0.21274
0.21296
0.21312
0.21328
0.21346
0.21365
0.21385
0.21406
0.21421
0.21437
0.21453
0.21472
0.21491
0.21511
0.21525
0.2154
0.21556
0.21573
0.21591
0.2161
0.21622
0.21635
0.21649
0.21664
0.21681
0.21698
0.21708
0.21719
0.21731
0.21745
0.21759
0.21774
0.21782
0.21791
0.21801
0.21812
0.21824
0.21836
0.21842
0.21848
0.21856
0.21864
0.21873
0.21883
0.21886
0.21889
0.21894
0.21899
0.21906
0.21913
0.21914
0.21915
0.21918
0.2192
0.21923
0.21927
0.21922
0.21917
0.21913
0.21909
0.21907
0.21904
0.21896
0.21888
0.21881
0.21876
0.21871
0.21868
0.21857
0.21847
0.21839
0.21831
0.21825
0.21819
0.21807
0.21795
0.21785
0.21776
0.21769
0.21762
0.21748
0.21736
0.21725
0.21715
0.21706
0.21699
0.21685
0.21672
0.2166
0.2165
0.21641
0.21634
0.2162
0.21607
0.21596
0.21586
0.21577
0.2157
0.21557
0.21545
0.21534
0.21525
0.21517
0.21511
0.21499
0.21488
0.21479
0.21471
0.21465
0.2146
0.21448
0.21439
0.2143
0.21424
0.2142
0.21418
0.2141
0.21404
0.21399
0.21397
0.21397
0.21398
0.21393
0.21389
0.21387
0.21387
0.21388
0.2139
0.21387
0.21385
0.21385
0.21386
0.2139
0.21394
0.21393
0.21393
0.21394
0.21398
0.21403
0.21409
0.21409
0.21411
0.21414
0.21419
0.21425
0.21433
0.21435
0.21437
0.21442
0.21448
0.21456
0.21464
0.21467
0.21471
0.21476
0.21483
0.21492
0.21501
0.21505
0.21509
0.21515
0.21522
0.21531
0.21541
0.21544
0.21548
0.21554
0.21562
0.2157
0.2158
0.21584
0.21589
0.21594
0.21601
0.21609
0.21617
0.21619
0.2162
0.21623
0.21627
0.21631
0.21637
0.21636
0.21637
0.21638
0.21641
0.21645
0.2165
0.21649
0.21648
0.21648
0.2165
0.21652
0.21656
0.21653
0.21651
0.2165
0.2165
0.21651
0.21653
0.21649
0.21645
0.21642
0.21641
0.21641
0.21642
0.21636
0.2163
0.21626
0.21623
0.21622
0.21621
0.21613
0.21606
0.21601
0.21596
0.21593
0.21591
0.21582
0.21573
0.21566
0.2156
0.21556
0.21552
0.21541
0.21531
0.21523
0.21515
0.21509
0.21504
0.21493
0.21482
0.21472
0.21463
0.21456
0.21449
0.21436
0.21423
0.21412
0.21401
0.21392
0.21384
0.2137
0.21356
0.21344
0.21333
0.21323
0.21314
0.21299
0.21285
0.21272
0.2126
0.2125
0.21241
0.21225
0.21211
0.21197
0.21186
0.21175
0.21166
0.2115
0.21136
0.21122
0.21111
0.21101
0.21091
0.21076
0.21061
0.21049
0.21037
0.21027
0.21018
0.21004
0.2099
0.20977
0.20967
0.20958
0.20949
0.20935
0.20922
0.20911
0.20901
0.20893
0.20886
0.20872
0.2086
0.2085
0.20841
0.20834
0.20828
0.20816
0.20806
0.20797
0.20789
0.20783
0.20779
0.20768
0.20759
0.20751
0.20745
0.20741
0.20738
0.20729
0.20721
0.20715
0.20711
0.20708
0.20706
0.20699
0.20693
0.20688
0.20686
0.20684
0.20684
0.20679
0.20674
0.20671
0.2067
0.20671
0.20672
0.20668
0.20665
0.20664
0.20664
0.20667
0.2067
0.20667
0.20666
0.20666
0.20668
0.20672
0.20676
0.20675
0.20675
0.20677
0.20681
0.20685
0.20692
0.20692
0.20693
0.20696
0.20701
0.20707
0.20714
0.20716
0.20718
0.20722
0.20728
0.20735
0.20744
0.20747
0.2075
0.20755
0.20762
0.2077
0.20779
0.20781
0.20784
0.20789
0.20795
0.20802
0.20811
0.20813
0.20817
0.20822
0.20829
0.20837
0.20846
0.20849
0.20854
0.20859
0.20867
0.20875
0.20885
0.20889
0.20893
0.209
0.20907
0.20917
0.20927
0.20931
0.20936
0.20942
0.20951
0.2096
0.20971
0.20975
0.2098
0.20987
0.20996
0.21005
0.21016
0.21021
0.21026
0.21033
0.21042
0.21052
0.21063
0.21067
0.21073
0.2108
0.21089
0.21099
0.2111
0.21114
0.2112
0.21127
0.21136
0.21146
0.21156
0.21161
0.21167
0.21174
0.21183
0.21192
0.21203
0.21207
0.21212
0.21218
0.21225
0.21234
0.21243
0.21247
0.21251
0.21257
0.21264
0.21273
0.21283
0.21286
0.2129
0.21296
0.21303
0.21311
0.2132
0.21323
0.21327
0.21332
0.21339
0.21347
0.21356
0.21358
0.21362
0.21367
0.21373
0.21381
0.2139
0.21392
0.21395
0.214
0.21406
0.21413
0.21421
0.21423
0.21426
0.2143
0.21436
0.21443
0.2145
0.21452
0.21454
0.21458
0.21463
0.21469
0.21477
0.21478
0.2148
0.21483
0.21488
0.21494
0.215
0.21501
0.21502
0.21505
0.21509
0.21515
0.21521
0.21521
0.21522
0.21524
0.21528
0.21532
0.21538
0.21538
0.21538
0.21539
0.21543
0.21547
0.21552
0.21551
0.2155
0.21551
0.21554
0.21557
0.21562
0.2156
0.21559
0.21559
0.21561
0.21564
0.21567
0.21565
0.21563
0.21563
0.21564
0.21566
0.21569
0.21566
0.21563
0.21562
0.21562
0.21564
0.21566
0.21562
0.21559
0.21557
0.21557
0.21558
0.2156
0.21555
0.21552
0.21549
0.21548
0.21549
0.2155
0.21544
0.2154
0.21537
0.21535
0.21535
0.21536
0.21531
0.21527
0.21524
0.21522
0.21521
0.21521
0.21513
0.21506
0.215
0.21496
0.21492
0.2149
0.21481
0.21474
0.21468
0.21464
0.21461
0.21459
0.21451
0.21445
0.21439
0.21436
0.21433
0.21432
0.21425
0.21419
0.21415
0.21412
0.21411
0.21411
0.21405
0.214
0.21397
0.21396
0.21396
0.21398
0.21394
0.2139
0.21389
0.21389
0.21392
0.21395
0.21393
0.21392
0.21392
0.21395
0.21399
0.21405
0.21404
0.21406
0.21408
0.21413
0.2142
0.21428
0.2143
0.21434
0.21439
0.21447
0.21456
0.21467
0.21471
0.21477
0.21485
0.21495
0.21507
0.21521
0.21529
0.21539
0.21551
0.21564
0.2158
0.21598
0.21609
0.21621
0.21636
0.21652
0.2167
0.21689
0.21703
0.21718
0.21734
0.21753
0.21773
0.21795
0.21811
0.21827
0.21846
0.21867
0.21889
0.21912
0.2193
0.21948
0.21969
0.21991
0.22015
0.2204
0.22059
0.22079
0.221
0.22124
0.22149
0.22175
0.22195
0.22215
0.22238
0.22262
0.22288
0.22315
0.22335
0.22356
0.22379
0.22404
0.2243
0.22457
0.22477
0.22499
0.22521
0.22546
0.22572
0.22599
0.22619
0.22641
0.22663
0.22687
0.22713
0.22738
0.22757
0.22776
0.22796
0.22818
0.22841
0.22864
0.22881
0.22899
0.22918
0.22939
0.22961
0.22984
0.23001
0.23017
0.23036
0.23055
0.23077
0.23098
0.23113
0.23129
0.23146
0.23165
0.23185
0.23206
0.2322
0.23234
0.2325
0.23268
0.23287
0.23307
0.2332
0.23333
0.23348
0.23365
0.23383
0.23402
0.23414
0.23427
0.23441
0.23457
0.23474
0.23492
0.23503
0.23516
0.23529
0.23544
0.23561
0.23579
0.23589
0.23601
0.23614
0.23629
0.23646
0.23663
0.23674
0.23686
0.23699
0.23714
0.2373
0.23747
0.23757
0.23767
0.23779
0.23792
0.23807
0.23822
0.23832
0.23842
0.23854
0.23869
0.23885
0.23902
0.23913
0.23924
0.23938
0.23953
0.23971
0.23989
0.24001
0.24015
0.2403
0.24047
0.24066
0.24087
0.24101
0.24116
0.24133
0.24152
0.24174
0.24197
0.24213
0.24231
0.2425
0.24272
0.24296
0.24322
0.24341
0.24361
0.24383
0.24408
0.24435
0.24463
0.24485
0.24508
0.24533
0.24561
0.24591
0.24622
0.24646
0.24673
0.24701
0.24731
0.24764
0.24798
0.24825
0.24854
0.24885
0.24919
0.24954
0.24992
0.25023
0.25055
0.2509
0.25127
0.25167
0.25207
0.25241
0.25276
0.25313
0.25353
0.25394
0.25437
0.25472
0.25509
0.25548
0.25589
0.25632
0.25676
0.25712
0.25751
0.2579
0.25832
0.25876
0.25921
0.25958
0.25997
0.26037
0.26079
0.26123
0.26168
0.26205
0.26244
0.26283
0.26325
0.26368
0.26412
0.26449
0.26486
0.26524
0.26565
0.26606
0.26649
0.26683
0.26718
0.26755
0.26793
0.26832
0.26872
0.26904
0.26936
0.2697
0.27005
0.27041
0.27078
0.27107
0.27136
0.27166
0.27198
0.2723
0.27262
0.27285
0.27307
0.27331
0.27356
0.27381
0.27407
0.27424
0.27442
0.27461
0.27481
0.27502
0.27523
0.27535
0.27548
0.27562
0.27577
0.27592
0.27608
0.27616
0.27623
0.27632
0.27641
0.27651
0.27662
0.27664
0.27666
0.27669
0.27673
0.27678
0.27683
0.2768
0.27677
0.27674
0.27673
0.27673
0.27673
0.27664
0.27656
0.27648
0.27642
0.27637
0.27632
0.27618
0.27605
0.27592
0.27581
0.27571
0.27562
0.27543
0.27526
0.27509
0.27493
0.27479
0.27465
0.27443
0.27422
0.27401
0.27382
0.27364
0.27346
0.2732
0.27294
0.27269
0.27245
0.27223
0.27201
0.27172
0.27143
0.27115
0.2709
0.27065
0.27042
0.2701
0.2698
0.26951
0.26924
0.26898
0.26873
0.26841
0.2681
0.2678
0.26752
0.26726
0.26701
0.26669
0.26637
0.26608
0.26581
0.26555
0.26531
0.26499
0.26469
0.26441
0.26415
0.26391
0.26368
0.26338
0.2631
0.26284
0.2626
0.26238
0.26218
0.26191
0.26165
0.26142
0.26121
0.26102
0.26085
0.26061
0.26039
0.2602
0.26003
0.25988
0.25975
0.25955
0.25938
0.25922
0.25909
0.25899
0.25891
0.25876
0.25863
0.25852
0.25844
0.25839
0.25836
0.25826
0.25818
0.25812
0.2581
0.2581
0.25812
0.25808
0.25806
0.25806
0.25809
0.25815
0.25824
0.25825
0.25829
0.25835
0.25844
0.25856
0.2587
0.25877
0.25887
0.25899
0.25914
0.25932
0.25952
0.25965
0.25981
0.25999
0.2602
0.26044
0.26069
0.26088
0.26109
0.26133
0.2616
0.26189
0.26221
0.26245
0.26272
0.26301
0.26333
0.26367
0.26404
0.26433
0.26465
0.26499
0.26536
0.26575
0.26617
0.26651
0.26687
0.26726
0.26767
0.2681
0.26855
0.26893
0.26932
0.26974
0.27018
0.27064
0.27112
0.27152
0.27195
0.2724
0.27287
0.27336
0.27387
0.27431
0.27476
0.27523
0.27573
0.27625
0.27678
0.27724
0.27771
0.27821
0.27872
0.27926
0.27981
0.28028
0.28077
0.28127
0.2818
0.28235
0.28291
0.28339
0.28388
0.2844
0.28493
0.28548
0.28605
0.28653
0.28703
0.28754
0.28807
0.28862
0.28919
0.28967
0.29016
0.29066
0.29119
0.29174
0.29229
0.29276
0.29324
0.29373
0.29425
0.29478
0.29532
0.29578
0.29625
0.29673
0.29723
0.29775
0.29826
0.29869
0.29911
0.29955
0.30001
0.30048
0.30096
0.30135
0.30175
0.30217
0.30261
0.30306
0.30353
0.3039
0.30428
0.30468
0.30509
0.30552
0.30596
0.30631
0.30667
0.30705
0.30744
0.30785
0.30827
0.3086
0.30894
0.30929
0.30966
0.31005
0.31045
0.31076
0.31108
0.31141
0.31176
0.31214
0.31252
0.3128
0.3131
0.31342
0.31375
0.31411
0.31447
0.31474
0.31503
0.31533
0.31565
0.31598
0.31633
0.31659
0.31686
0.31714
0.31745
0.31777
0.31811
0.31835
0.3186
0.31888
0.31917
0.31949
0.31981
0.32005
0.32029
0.32056
0.32085
0.32116
0.32148
0.3217
0.32194
0.3222
0.32248
0.32278
0.32309
0.32331
0.32354
0.32379
0.32406
0.32435
0.32466
0.32487
0.32509
0.32533
0.3256
0.32589
0.32619
0.32639
0.32661
0.32684
0.32711
0.32739
0.32768
0.32788
0.32809
0.32832
0.32858
0.32885
0.32914
0.32933
0.32954
0.32976
0.33001
0.33028
0.33057
0.33075
0.33096
0.33118
0.33142
0.33168
0.33196
0.33214
0.33233
0.33255
0.33279
0.33305
0.33332
0.3335
0.33369
0.3339
0.33414
0.33438
0.33464
0.3348
0.33496
0.33514
0.33534
0.33556
0.33579
0.33593
0.33608
0.33626
0.33645
0.33668
0.33691
0.33705
0.33719
0.33737
0.33756
0.33778
0.338
0.33814
0.33828
0.33845
0.33864
0.33886
0.33909
0.33922
0.33936
0.33953
0.33972
0.33993
0.34016
0.34029
0.34043
0.3406
0.34079
0.341
0.34123
0.34136
0.34151
0.34167
0.34187
0.34208
0.34231
0.34244
0.34259
0.34276
0.34295
0.34317
0.3434
0.34353
0.34368
0.34385
0.34405
0.34427
0.3445
0.34463
0.34478
0.34495
0.34515
0.34537
0.34561
0.34576
0.34592
0.3461
0.34631
0.34655
0.3468
0.34694
0.34711
0.34729
0.34751
0.34774
0.34799
0.34814
0.3483
0.34849
0.3487
0.34893
0.34918
0.34933
0.3495
0.34968
0.3499
0.35013
0.35038
0.35053
0.35069
0.35088
0.35109
0.35132
0.35157
0.35172
0.35188
0.35206
0.35227
0.3525
0.35275
0.3529
0.35306
0.35324
0.35345
0.35368
0.35392
0.35406
0.35422
0.3544
0.35461
0.35484
0.35508
0.35522
0.35537
0.35555
0.35575
0.35598
0.35623
0.35638
0.35655
0.35673
0.35693
0.35716
0.35738
0.35749
0.35761
0.35774
0.35789
0.35806
0.35825
0.35834
0.35845
0.35859
0.35876
0.35895
0.35917
0.35927
0.3594
0.35955
0.35973
0.35994
0.36016
0.36028
0.36043
0.3606
0.3608
0.36103
0.36127
0.36142
0.36159
0.36178
0.36201
0.36226
0.36254
0.36271
0.36291
0.36313
0.36339
0.36367
0.36398
0.36419
0.36442
0.36468
0.36497
0.36529
0.36563
0.36587
0.36614
0.36643
0.36676
0.36712
0.3675
0.36778
0.36809
0.36842
0.36879
0.36918
0.3696
0.3699
0.37023
0.3706
0.371
0.37144
0.37191
0.37229
0.3727
0.37314
0.37362
0.37414
0.37467
0.3751
0.37555
0.37602
0.37652
0.37705
0.3776
0.37804
0.3785
0.37899
0.37951
0.38005
0.38061
0.38107
0.38154
0.38203
0.38255
0.3831
0.38367
0.38412
0.38458
0.38507
0.38559
0.38613
0.38668
0.38712
0.38757
0.38804
0.38854
0.38906
0.38959
0.39
0.39043
0.39087
0.39134
0.39182
0.39232
0.39269
0.39308
0.39348
0.39391
0.39435
0.3948
0.39512
0.39546
0.39581
0.39618
0.39657
0.39697
0.39725
0.39754
0.39784
0.39815
0.39847
0.39878
0.39896
0.39913
0.39931
0.3995
0.3997
0.3999
0.39999
0.40008
0.40019
0.40032
0.40047
0.40062
0.40064
0.40067
0.40072
0.40078
0.40086
0.40094
0.4009
0.40087
0.40085
0.40085
0.40087
0.40089
0.40079
0.4007
0.40063
0.40057
0.40054
0.40051
0.40036
0.40021
0.40009
0.39999
0.3999
0.39983
0.39963
0.39945
0.39928
0.39914
0.39902
0.3989
0.39867
0.39846
0.39826
0.39809
0.39794
0.3978
0.39754
0.3973
0.39708
0.39689
0.39672
0.39657
0.39631
0.39606
0.39583
0.39563
0.39545
0.39529
0.39501
0.39475
0.39451
0.39431
0.39412
0.39396
0.39369
0.39343
0.39321
0.39302
0.39285
0.39271
0.39245
0.39222
0.39202
0.39185
0.39171
0.3916
0.39137
0.39117
0.391
0.39086
0.39076
0.39068
0.39049
0.39033
0.3902
0.3901
0.39004
0.39001
0.38987
0.38975
0.38966
0.38962
0.38961
0.38962
0.38953
0.38946
0.38943
0.38943
0.38947
0.38954
0.3895
0.38948
0.3895
0.38956
0.38966
0.38978
0.38979
0.38983
0.38991
0.39002
0.39016
0.39033
0.39039
0.39048
0.3906
0.39076
0.39096
0.39119
0.39132
0.39148
0.39167
0.3919
0.39217
0.39246
0.39264
0.39284
0.39307
0.39334
0.39363
0.39395
0.39416
0.39438
0.39464
0.39493
0.39525
0.39559
0.39582
0.39606
0.39634
0.39664
0.39697
0.39732
0.39755
0.3978
0.39807
0.39837
0.3987
0.39904
0.39927
0.39951
0.39977
0.40006
0.40037
0.40069
0.40089
0.40111
0.40135
0.40161
0.40189
0.40218
0.40235
0.40253
0.40273
0.40294
0.40318
0.40343
0.40354
0.40367
0.40382
0.40398
0.40417
0.40436
0.40444
0.40452
0.40461
0.40471
0.40482
0.40493
0.40489
0.40485
0.40481
0.40479
0.40477
0.40476
0.40463
0.4045
0.40439
0.4043
0.40423
0.40416
0.40396
0.40377
0.40359
0.40343
0.40328
0.40314
0.40287
0.40261
0.40236
0.40213
0.40192
0.40171
0.40137
0.40105
0.40074
0.40045
0.40017
0.3999
0.39951
0.39913
0.39876
0.39841
0.39808
0.39776
0.39732
0.39689
0.39647
0.39608
0.39571
0.39534
0.39486
0.39439
0.39394
0.39351
0.3931
0.3927
0.39219
0.39169
0.39121
0.39076
0.39033
0.38991
0.38937
0.38885
0.38836
0.38789
0.38745
0.38703
0.38649
0.38598
0.38549
0.38503
0.38459
0.38418
0.38365
0.38314
0.38266
0.38221
0.38178
0.38138
0.38086
0.38037
0.3799
0.37947
0.37907
0.37868
0.37819
0.37772
0.37729
0.37688
0.37651
0.37615
0.3757
0.37527
0.37486
0.37449
0.37416
0.37385
0.37343
0.37304
0.37268
0.37236
0.37207
0.3718
0.37143
0.37109
0.37078
0.37051
0.37027
0.37006
0.36974
0.36945
0.3692
0.36898
0.3688
0.36864
0.36838
0.36815
0.36795
0.3678
0.36767
0.36757
0.36738
0.36721
0.36707
0.36697
0.36691
0.36686
0.36672
0.3666
0.3665
0.36645
0.36643
0.36643
0.36634
0.36628
0.36625
0.36625
0.36629
0.36636
0.36633
0.36632
0.36635
0.36641
0.36651
0.36663
0.36666
0.36671
0.36679
0.36691
0.36706
0.36724
0.36731
0.36741
0.36755
0.36771
0.36791
0.36814
0.36826
0.36841
0.36859
0.3688
0.36904
0.36931
0.36947
0.36966
0.36988
0.37013
0.37041
0.37071
0.3709
0.37112
0.37137
0.37165
0.37196
0.37229
0.37251
0.37276
0.37303
0.37333
0.37366
0.37401
0.37425
0.37451
0.3748
0.37511
0.37546
0.37582
0.37608
0.37635
0.37666
0.37699
0.37735
0.37772
0.37798
0.37826
0.37856
0.37889
0.37924
0.37961
0.37986
0.38013
0.38043
0.38075
0.38109
0.38144
0.38168
0.38194
0.38221
0.38252
0.38284
0.38317
0.38339
0.38363
0.38388
0.38416
0.38446
0.38477
0.38496
0.38517
0.38539
0.38564
0.38591
0.38619
0.38636
0.38653
0.38673
0.38694
0.38718
0.38743
0.38756
0.38771
0.38787
0.38805
0.38825
0.38847
0.38856
0.38866
0.38879
0.38894
0.38911
0.3893
0.38939
0.38948
0.38959
0.3897
0.38983
0.38995
0.38992
0.38989
0.38986
0.38985
0.38986
0.38987
0.38978
0.38971
0.38967
0.38965
0.38966
0.38969
0.38961
0.38953
0.38949
0.38947
0.38947
0.3895
0.38941
0.38934
0.3893
0.3893
0.38932
0.38936
0.38929
0.38924
0.38923
0.38924
0.38929
0.38936
0.38932
0.3893
0.38932
0.38937
0.38946
0.38956
0.38957
0.38959
0.38965
0.38975
0.38988
0.39003
0.39008
0.39015
0.39026
0.39041
0.39059
0.3908
0.39091
0.39105
0.39122
0.39142
0.39165
0.3919
0.39203
0.39218
0.39239
0.39264
0.39295
0.39331
0.39361
0.39395
0.39435
0.39479
0.39528
0.3958
0.39619
0.39659
0.39702
0.39748
0.39797
0.39847
0.39886
0.39928
0.39972
0.40019
0.40069
0.4012
0.4016
0.40201
0.40244
0.40289
0.40337
0.40386
0.40422
0.4046
0.40499
0.40541
0.40584
0.40628
0.40659
0.40691
0.40725
0.4076
0.40796
0.40833
0.40857
0.40881
0.40906
0.40932
0.4096
0.40987
0.41001
0.41015
0.4103
0.41046
0.41062
0.41077
0.41078
0.41079
0.41081
0.41085
0.41089
0.41094
0.41087
0.41078
0.41069
0.41059
0.41046
0.4103
0.40994
0.40955
0.40913
0.4087
0.40826
0.40782
0.40725
0.40669
0.40614
0.40561
0.40509
0.40457
0.4039
0.40324
0.40258
0.40193
0.4013
0.40066
0.39989
0.39913
0.39839
0.39765
0.39694
0.39623
0.39539
0.39456
0.39375
0.39296
0.39219
0.39143
0.39056
0.38969
0.38885
0.38803
0.38724
0.38646
0.38557
0.38469
0.38385
0.38303
0.38225
0.38148
0.38061
0.37975
0.37894
0.37815
0.37741
0.37669
0.37587
0.37508
0.37432
0.3736
0.37291
0.37226
0.37149
0.37076
0.37008
0.36945
0.36888
0.36835
0.36776
0.36723
0.36674
0.36632
0.36594
0.36561
0.36517
0.36478
0.36442
0.36411
0.36384
0.36361
0.3633
0.36303
0.36281
0.36263
0.36251
0.36242
0.36225
0.36212
0.36203
0.362
0.36201
0.36206
0.36203
0.36203
0.36209
0.36219
0.36234
0.36253
0.36263
0.36277
0.36295
0.36319
0.36347
0.36378
0.36401
0.36428
0.36459
0.36494
0.36534
0.36578
0.36612
0.3665
0.36692
0.36739
0.36789
0.36843
0.36887
0.36935
0.36986
0.37042
0.37101
0.37163
0.37216
0.37271
0.3733
0.37393
0.37459
0.37527
0.37586
0.37646
0.3771
0.37777
0.37848
0.3792
0.37982
0.38046
0.38113
0.38183
0.38256
0.3833
0.38394
0.38459
0.38527
0.38597
0.3867
0.38744
0.38807
0.38871
0.38938
0.39006
0.39077
0.39149
0.39209
0.39269
0.39332
0.39397
0.39463
0.3953
0.39585
0.39641
0.39698
0.39756
0.39816
0.39877
0.39925
0.39974
0.40023
0.40074
0.40127
0.40179
0.40219
0.40259
0.403
0.40342
0.40386
0.40429
0.40458
0.40488
0.40519
0.40551
0.40585
0.40619
0.40641
0.40663
0.40685
0.40707
0.40728
0.40748
0.40751
0.40752
0.40753
0.40754
0.40755
0.40756
0.40745
0.40734
0.40725
0.40718
0.40713
0.40708
0.40689
0.40671
0.40654
0.40639
0.40626
0.40613
0.40587
0.40562
0.40539
0.40519
0.405
0.40482
0.40451
0.40422
0.40395
0.4037
0.40348
0.40327
0.40294
0.40263
0.40234
0.40208
0.40184
0.40163
0.40129
0.40098
0.4007
0.40044
0.40022
0.40002
0.3997
0.39941
0.39915
0.39893
0.39874
0.39858
0.39831
0.39806
0.39785
0.39768
0.39754
0.39743
0.3972
0.397
0.39684
0.39674
0.39669
0.39668
0.39658
0.39654
0.39654
0.3966
0.3967
0.39683
0.39686
0.39691
0.397
0.39714
0.39731
0.39751
0.39761
0.39775
0.39793
0.39815
0.39841
0.39871
0.3989
0.39912
0.39938
0.39969
0.40003
0.40041
0.40068
0.40098
0.40132
0.4017
0.40212
0.40257
0.40292
0.40329
0.4037
0.40414
0.40463
0.40514
0.40554
0.40597
0.40644
0.40694
0.40747
0.40803
0.40848
0.40895
0.40945
0.40999
0.41056
0.41115
0.41162
0.41212
0.41264
0.4132
0.41379
0.41439
0.41488
0.41539
0.41592
0.41648
0.41706
0.41765
0.4181
0.41856
0.41904
0.41954
0.42007
0.4206
0.42101
0.42144
0.42189
0.42236
0.42285
0.42336
0.42373
0.42412
0.42452
0.42494
0.42538
0.42583
0.42615
0.42647
0.42681
0.42717
0.42755
0.42793
0.42818
0.42843
0.4287
0.42898
0.42928
0.42958
0.42975
0.42992
0.43011
0.43031
0.43052
0.43074
0.43081
0.4309
0.43099
0.4311
0.43122
0.43134
0.43133
0.43132
0.43131
0.43133
0.43135
0.43137
0.43126
0.43115
0.43105
0.43096
0.43089
0.43083
0.43063
0.43043
0.43025
0.43007
0.42989
0.42971
0.42937
0.42903
0.42869
0.42836
0.42804
0.42772
0.42727
0.42684
0.42642
0.42602
0.42564
0.42526
0.42476
0.42426
0.42378
0.42332
0.42287
0.42244
0.42188
0.42133
0.4208
0.4203
0.41982
0.41935
0.41876
0.41818
0.41763
0.4171
0.4166
0.41611
0.41551
0.41492
0.41436
0.41382
0.41332
0.41284
0.41224
0.41166
0.41111
0.41059
0.41011
0.40965
0.40907
0.40852
0.408
0.40752
0.40708
0.40666
0.40613
0.40563
0.40516
0.40473
0.40433
0.40396
0.40348
0.40303
0.40262
0.40226
0.40194
0.40166
0.40129
0.40096
0.40068
0.40045
0.40025
0.40009
0.39983
0.39959
0.39939
0.39923
0.39911
0.39903
0.39884
0.39868
0.39857
0.3985
0.39847
0.39848
0.39838
0.39831
0.39828
0.3983
0.39836
0.39844
0.39843
0.39844
0.3985
0.3986
0.39874
0.39891
0.39897
0.39907
0.3992
0.39937
0.39959
0.39983
0.39997
0.40013
0.40033
0.40057
0.40085
0.40116
0.40136
0.40159
0.40185
0.40214
0.40248
0.40284
0.40308
0.40335
0.40366
0.404
0.40438
0.40478
0.40508
0.4054
0.40574
0.40611
0.40651
0.40693
0.40721
0.40751
0.40783
0.40818
0.40856
0.40895
0.40923
0.40954
0.40987
0.41023
0.41062
0.41103
0.41131
0.41162
0.41195
0.41231
0.41269
0.41309
0.41337
0.41366
0.41398
0.41432
0.41469
0.41508
0.41534
0.41561
0.41591
0.41623
0.41658
0.41694
0.41718
0.41742
0.41769
0.41799
0.4183
0.41863
0.41883
0.41905
0.41928
0.41954
0.41982
0.42011
0.42027
0.42044
0.42064
0.42086
0.42109
0.42134
0.42146
0.42159
0.42173
0.42191
0.4221
0.42231
0.42239
0.42248
0.42258
0.42271
0.42285
0.423
0.423
0.42301
0.42304
0.42308
0.42314
0.42322
0.42316
0.42312
0.42311
0.42311
0.42314
0.42318
0.42309
0.42302
0.42296
0.42293
0.42292
0.42293
0.42281
0.4227
0.42261
0.42255
0.42252
0.42249
0.42235
0.42221
0.4221
0.42202
0.42197
0.42192
0.42176
0.42161
0.42149
0.42139
0.42132
0.42127
0.4211
0.42094
0.42081
0.42071
0.42064
0.42059
0.42041
0.42025
0.42013
0.42003
0.41996
0.41991
0.41975
0.4196
0.41949
0.4194
0.41934
0.41931
0.41915
0.41901
0.4189
0.41884
0.41881
0.4188
0.41869
0.4186
0.41855
0.41854
0.41856
0.41861
0.41853
0.41848
0.41846
0.41847
0.41851
0.41857
0.41852
0.41849
0.4185
0.41853
0.41861
0.4187
0.41868
0.41867
0.41871
0.41877
0.41887
0.41899
0.41899
0.41902
0.41908
0.41917
0.41929
0.41944
0.41947
0.41952
0.4196
0.41972
0.41987
0.42004
0.42009
0.42017
0.42027
0.42041
0.42058
0.42078
0.42085
0.42095
0.42107
0.42123
0.42143
0.42164
0.42173
0.42184
0.42198
0.42216
0.42237
0.4226
0.42272
0.42286
0.42303
0.42322
0.42344
0.42366
0.42376
0.42386
0.42398
0.42413
0.42431
0.42451
0.4246
0.4247
0.42484
0.42502
0.42523
0.42546
0.42556
0.42569
0.42585
0.42604
0.42627
0.42651
0.42664
0.42679
0.42697
0.42718
0.42743
0.4277
0.42785
0.42802
0.42823
0.42847
0.42874
0.42904
0.42921
0.42941
0.42964
0.42991
0.43022
0.43054
0.43075
0.43097
0.43124
0.43154
0.43187
0.43223
0.43247
0.43273
0.43302
0.43335
0.43372
0.43411
0.43438
0.43468
0.43501
0.43537
0.43578
0.4362
0.43651
0.43684
0.43721
0.43761
0.43805
0.43851
0.43884
0.4392
0.43958
0.44001
0.44047
0.44095
0.44132
0.4417
0.44213
0.44259
0.44309
0.44361
0.444
0.44443
0.44488
0.44538
0.44591
0.44646
0.44689
0.44734
0.44783
0.44835
0.44891
0.44949
0.44995
0.45043
0.45094
0.45149
0.45207
0.45268
0.45316
0.45366
0.4542
0.45477
0.45537
0.456
0.45649
0.45701
0.45756
0.45815
0.45876
0.4594
0.4599
0.46043
0.46099
0.46158
0.4622
0.46284
0.46334
0.46387
0.46443
0.46501
0.46563
0.46626
0.46675
0.46727
0.46781
0.46838
0.46898
0.46961
0.4701
0.47061
0.47114
0.47171
0.47231
0.47292
0.47339
0.47387
0.47437
0.4749
0.47546
0.47602
0.47645
0.47688
0.47734
0.47782
0.47833
0.47884
0.47921
0.47959
0.47999
0.48041
0.48085
0.4813
0.4816
0.48191
0.48224
0.48259
0.48296
0.48334
0.48356
0.48379
0.48404
0.48431
0.4846
0.48489
0.48503
0.48518
0.48534
0.48552
0.48572
0.48592
0.48597
0.48602
0.48609
0.48617
0.48627
0.48638
0.48633
0.48628
0.48625
0.48623
0.48624
0.48625
0.48612
0.48599
0.48587
0.48576
0.48565
0.48554
0.48526
0.48496
0.48468
0.48441
0.48415
0.48389
0.48349
0.4831
0.48272
0.48238
0.48205
0.48173
0.48125
0.48079
0.48034
0.47992
0.47952
0.47912
0.47859
0.47806
0.47755
0.47707
0.47662
0.47618
0.47559
0.47502
0.47447
0.47395
0.47346
0.47298
0.47236
0.47176
0.47119
0.47065
0.47014
0.46965
0.46902
0.46841
0.46783
0.46729
0.46678
0.46629
0.46567
0.46507
0.46451
0.46398
0.46349
0.46302
0.46243
0.46186
0.46133
0.46084
0.46038
0.45995
0.4594
0.45887
0.45839
0.45795
0.45755
0.45719
0.45671
0.45626
0.45586
0.45551
0.4552
0.45492
0.45452
0.45416
0.45383
0.45356
0.45332
0.45312
0.45281
0.45252
0.45229
0.4521
0.45195
0.45185
0.45162
0.45143
0.45129
0.4512
0.45115
0.45114
0.45101
0.45092
0.45087
0.45088
0.45093
0.45102
0.45099
0.451
0.45105
0.45116
0.45131
0.4515
0.45157
0.45168
0.45183
0.45204
0.45229
0.45258
0.45275
0.45295
0.4532
0.4535
0.45385
0.45423
0.45449
0.45478
0.45512
0.45551
0.45594
0.45641
0.45676
0.45714
0.45756
0.45803
0.45854
0.45908
0.45949
0.45993
0.46041
0.46093
0.46149
0.46208
0.46255
0.46305
0.46359
0.46417
0.46479
0.46544
0.46597
0.46652
0.46711
0.46773
0.4684
0.46909
0.46966
0.47024
0.47087
0.47153
0.47223
0.47295
0.47354
0.47416
0.4748
0.47549
0.4762
0.47694
0.47754
0.47817
0.47882
0.47951
0.48023
0.48097
0.48158
0.4822
0.48285
0.48353
0.48424
0.48497
0.48556
0.48616
0.48679
0.48745
0.48814
0.48885
0.4894
0.48997
0.49057
0.4912
0.49186
0.49253
0.49306
0.4936
0.49416
0.49474
0.49535
0.49595
0.4964
0.49685
0.49731
0.4978
0.49831
0.49883
0.4992
0.49958
0.49999
0.50042
0.50088
0.50135
0.50166
0.50199
0.50233
0.5027
0.50309
0.50349
0.50374
0.504
0.50428
0.50459
0.50492
0.50526
0.50544
0.50563
0.50585
0.50609
0.50635
0.50663
0.50674
0.50687
0.50702
0.5072
0.5074
0.50761
0.50767
0.50773
0.50782
0.50793
0.50807
0.50822
0.50821
0.50822
0.50825
0.5083
0.50838
0.50847
0.50841
0.50836
0.50833
0.50833
0.50835
0.50839
0.50827
0.50816
0.50808
0.50802
0.508
0.50799
0.50784
0.5077
0.50758
0.5075
0.50745
0.50741
0.50721
0.50703
0.50687
0.50675
0.50664
0.50655
0.50631
0.50609
0.50589
0.50572
0.50558
0.50545
0.50517
0.50491
0.50467
0.50447
0.50429
0.50412
0.50381
0.50351
0.50323
0.50299
0.50278
0.50258
0.50223
0.5019
0.5016
0.50132
0.50108
0.50085
0.50047
0.50011
0.49978
0.49948
0.49921
0.49895
0.49855
0.49816
0.49781
0.49748
0.49718
0.4969
0.49648
0.49607
0.49569
0.49534
0.49503
0.49473
0.49429
0.49388
0.49348
0.49312
0.49278
0.49246
0.49198
0.49151
0.49107
0.49065
0.49027
0.48991
0.4894
0.48892
0.48847
0.48806
0.48768
0.48732
0.48682
0.48634
0.48589
0.48548
0.4851
0.48474
0.48424
0.48377
0.48333
0.48293
0.48256
0.48221
0.48173
0.48127
0.48085
0.48046
0.48011
0.47978
0.47932
0.47888
0.47847
0.47811
0.47778
0.47748
0.47704
0.47663
0.47625
0.47591
0.47561
0.47534
0.47493
0.47455
0.47421
0.4739
0.47364
0.4734
0.47302
0.47268
0.47237
0.4721
0.47188
0.47168
0.47135
0.47105
0.47078
0.47055
0.47036
0.47019
0.46989
0.46961
0.46936
0.46915
0.46898
0.46883
0.46856
0.46832
0.46811
0.46795
0.46783
0.46774
0.46752
0.46732
0.46716
0.46705
0.46697
0.46693
0.46675
0.4666
0.46649
0.46643
0.4664
0.4664
0.46627
0.46616
0.4661
0.46608
0.4661
0.46614
0.46606
0.466
0.46598
0.466
0.46606
0.46615
0.46611
0.46609
0.46611
0.46617
0.46627
0.46639
0.46639
0.46641
0.46646
0.46656
0.46669
0.46685
0.46688
0.46693
0.46701
0.46714
0.46729
0.46747
0.46751
0.46758
0.46768
0.46782
0.468
0.46822
0.4683
0.46842
0.46857
0.46876
0.46899
0.46923
0.46934
0.46947
0.46962
0.46981
0.47002
0.47025
0.47035
0.47047
0.47061
0.47078
0.47099
0.4712
0.47128
0.47138
0.4715
0.47165
0.47182
0.47201
0.47206
0.47213
0.47221
0.47233
0.47247
0.47262
0.47262
0.47265
0.47269
0.47276
0.47285
0.47295
0.47291
0.47288
0.47287
0.47289
0.47293
0.47298
0.47288
0.4728
0.47273
0.47269
0.47266
0.47265
0.47249
0.47233
0.4722
0.4721
0.47202
0.47195
0.47176
0.47156
0.47139
0.47122
0.47106
0.47089
0.47054
0.47018
0.46983
0.4695
0.46917
0.46886
0.46842
0.46799
0.46759
0.46722
0.46688
0.46655
0.46609
0.46563
0.4652
0.4648
0.46443
0.46407
0.46358
0.4631
0.46266
0.46225
0.46187
0.46151
0.46102
0.46054
0.4601
0.4597
0.45933
0.45898
0.45851
0.45806
0.45764
0.45726
0.45692
0.45661
0.45617
0.45575
0.45538
0.45505
0.45475
0.45449
0.4541
0.45374
0.45342
0.45314
0.45291
0.45271
0.4524
0.45211
0.45187
0.45167
0.45151
0.45137
0.45111
0.45089
0.45072
0.4506
0.45054
0.45053
0.45043
0.45038
0.45038
0.45045
0.45056
0.45071
0.45074
0.45079
0.45088
0.45102
0.4512
0.45141
0.45151
0.45164
0.45181
0.45203
0.45229
0.45259
0.45276
0.45296
0.4532
0.45349
0.45382
0.45417
0.45441
0.45467
0.45497
0.45531
0.45569
0.45609
0.45637
0.45668
0.45702
0.4574
0.45781
0.45825
0.45856
0.45889
0.45925
0.45965
0.46009
0.46054
0.46086
0.4612
0.46157
0.46198
0.46241
0.46286
0.46317
0.4635
0.46385
0.46424
0.46466
0.4651
0.46541
0.46572
0.46606
0.46642
0.46679
0.46716
0.46736
0.46756
0.46777
0.468
0.46824
0.4685
0.46862
0.46875
0.46891
0.46909
0.4693
0.46952
0.46959
0.46967
0.46977
0.46989
0.47004
0.47019
0.4702
0.47022
0.47026
0.47032
0.47041
0.4705
0.47045
0.4704
0.47038
0.47038
0.47041
0.47044
0.47033
0.47023
0.47014
0.47009
0.47005
0.47003
0.46986
0.4697
0.46956
0.46945
0.46936
0.46928
0.46906
0.46885
0.46866
0.4685
0.46837
0.46824
0.46797
0.46772
0.46749
0.46729
0.46711
0.46695
0.46665
0.46637
0.46611
0.46588
0.46567
0.46547
0.46513
0.4648
0.4645
0.46423
0.46398
0.46375
0.46339
0.46304
0.46273
0.46245
0.4622
0.46196
0.4616
0.46126
0.46094
0.46066
0.46042
0.46019
0.45984
0.4595
0.4592
0.45894
0.45871
0.45851
0.45817
0.45786
0.45759
0.45735
0.45715
0.45698
0.45667
0.4564
0.45616
0.45596
0.4558
0.45566
0.4554
0.45516
0.45497
0.45481
0.4547
0.45461
0.4544
0.45421
0.45407
0.45396
0.4539
0.45387
0.45371
0.45358
0.45349
0.45345
0.45344
0.45345
0.45334
0.45326
0.45323
0.45324
0.45329
0.45338
0.45336
0.45338
0.45344
0.45355
0.4537
0.45388
0.45393
0.45401
0.45412
0.45428
0.45446
0.45468
0.45477
0.45489
0.45505
0.45524
0.45547
0.45573
0.45586
0.45601
0.4562
0.45642
0.45668
0.45696
0.45712
0.45729
0.4575
0.45774
0.45802
0.45832
0.45848
0.45867
0.45888
0.45913
0.45941
0.45971
0.45987
0.46005
0.46026
0.46051
0.46077
0.46106
0.46121
0.46138
0.46157
0.46179
0.46204
0.4623
0.46242
0.46255
0.46271
0.4629
0.46312
0.46335
0.46346
0.46357
0.4637
0.46385
0.46401
0.46416
0.46415
0.46413
0.46412
0.46413
0.46416
0.46419
0.46409
0.46401
0.46395
0.46392
0.46392
0.46392
0.46379
0.46366
0.46356
0.46348
0.46342
0.46337
0.46319
0.46302
0.46287
0.46275
0.46265
0.46257
0.46235
0.46214
0.46195
0.46179
0.46166
0.46154
0.46129
0.46105
0.46083
0.46064
0.46048
0.46034
0.46006
0.45979
0.45956
0.45935
0.45917
0.45901
0.45871
0.45843
0.45818
0.45796
0.45777
0.4576
0.4573
0.45702
0.45676
0.45654
0.45635
0.45617
0.45587
0.45558
0.45532
0.45511
0.45493
0.45478
0.45451
0.45427
0.45407
0.4539
0.45378
0.45367
0.45343
0.45322
0.45303
0.45288
0.45277
0.45267
0.45245
0.45225
0.45208
0.45196
0.45186
0.45179
0.45159
0.45142
0.45127
0.45117
0.4511
0.45105
0.45087
0.45072
0.4506
0.45052
0.45047
0.45045
0.4503
0.45017
0.45007
0.45002
0.44999
0.44999
0.44986
0.44976
0.44969
0.44965
0.44965
0.44967
0.44957
0.44949
0.44944
0.44943
0.44945
0.44949
0.4494
0.44934
0.44931
0.44932
0.44936
0.44942
0.44936
0.44933
0.44932
0.44935
0.4494
0.44946
0.44939
0.44933
0.44929
0.44929
0.44932
0.44937
0.44929
0.44924
0.44922
0.44924
0.44929
0.44937
0.44931
0.44928
0.44927
0.44931
0.44937
0.44946
0.44942
0.4494
0.44941
0.44946
0.44954
0.44965
0.44962
0.44962
0.44965
0.44971
0.44981
0.44993
0.44992
0.44993
0.44998
0.45006
0.45017
0.45031
0.45031
0.45034
0.4504
0.4505
0.45063
0.45078
0.4508
0.45084
0.45092
0.45103
0.45117
0.45133
0.45137
0.45142
0.45151
0.45164
0.45179
0.45197
0.45202
0.45209
0.4522
0.45233
0.4525
0.45268
0.45273
0.45279
0.45289
0.45301
0.45317
0.45335
0.4534
0.45347
0.45357
0.45371
0.45388
0.45408
0.45414
0.45422
0.45433
0.45448
0.45466
0.45486
0.45493
0.45502
0.45514
0.45529
0.45548
0.45568
0.45576
0.45586
0.45598
0.45614
0.45634
0.45655
0.45663
0.45673
0.45686
0.45702
0.45722
0.45743
0.45752
0.45762
0.45775
0.45791
0.45811
0.45832
0.4584
0.4585
0.45863
0.4588
0.45899
0.4592
0.45927
0.45937
0.45949
0.45965
0.45983
0.46003
0.4601
0.46018
0.46029
0.46044
0.46061
0.46081
0.46087
0.46095
0.46106
0.4612
0.46137
0.46155
0.4616
0.46167
0.46176
0.46188
0.46202
0.46218
0.4622
0.46224
0.46231
0.4624
0.46252
0.46265
0.46264
0.46265
0.46268
0.46274
0.46283
0.46293
0.46289
0.46286
0.46285
0.46288
0.46293
0.46299
0.46291
0.46284
0.4628
0.46278
0.46279
0.4628
0.46268
0.46257
0.46249
0.46243
0.46239
0.46236
0.4622
0.46204
0.46191
0.4618
0.46172
0.46165
0.46143
0.46123
0.46105
0.4609
0.46077
0.46066
0.46041
0.46017
0.45995
0.45976
0.45957
0.4594
0.45906
0.45873
0.45842
0.45813
0.45785
0.45759
0.4572
0.45682
0.45647
0.45615
0.45586
0.45558
0.45517
0.45477
0.4544
0.45405
0.45373
0.45343
0.453
0.45258
0.45219
0.45184
0.45151
0.4512
0.45076
0.45034
0.44995
0.44959
0.44926
0.44896
0.44852
0.44811
0.44772
0.44738
0.44706
0.44677
0.44635
0.44595
0.44559
0.44527
0.44498
0.44471
0.44432
0.44395
0.44362
0.44333
0.44307
0.44284
0.44249
0.44216
0.44188
0.44163
0.44141
0.44123
0.44092
0.44064
0.4404
0.44021
0.44005
0.43992
0.43968
0.43946
0.43929
0.43916
0.43907
0.43901
0.43883
0.43868
0.43857
0.4385
0.43848
0.43848
0.43836
0.43828
0.43823
0.43823
0.43827
0.43834
0.43829
0.43827
0.43829
0.43835
0.43846
0.43859
0.43861
0.43866
0.43874
0.43887
0.43904
0.43924
0.43932
0.43942
0.43957
0.43976
0.43999
0.44025
0.44039
0.44055
0.44076
0.441
0.44128
0.44159
0.44179
0.442
0.44226
0.44255
0.44288
0.44324
0.44347
0.44373
0.44402
0.44436
0.44473
0.44512
0.4454
0.44569
0.44602
0.44639
0.44678
0.4472
0.44748
0.44779
0.44812
0.44849
0.44889
0.44931
0.4496
0.44991
0.45026
0.45064
0.45105
0.45148
0.45178
0.4521
0.45245
0.45283
0.45323
0.45366
0.45395
0.45427
0.4546
0.45497
0.45537
0.45578
0.45606
0.45636
0.45668
0.45703
0.4574
0.45779
0.45804
0.45831
0.4586
0.45892
0.45927
0.45963
0.45985
0.46008
0.46033
0.46062
0.46092
0.46124
0.46142
0.46161
0.46182
0.46206
0.46232
0.46259
0.46271
0.46285
0.46301
0.4632
0.46341
0.46363
0.46371
0.4638
0.46391
0.46405
0.46419
0.46434
0.46435
0.46435
0.46437
0.46442
0.46448
0.46455
0.46448
0.46442
0.46439
0.46438
0.46439
0.46441
0.46429
0.46418
0.46409
0.46403
0.46399
0.46395
0.46378
0.46362
0.46348
0.46337
0.46328
0.4632
0.46298
0.46278
0.4626
0.46244
0.46231
0.46219
0.46193
0.46169
0.46147
0.46128
0.46112
0.46096
0.46068
0.4604
0.46016
0.45994
0.45975
0.45957
0.45926
0.45897
0.4587
0.45846
0.45826
0.45807
0.45774
0.45743
0.45716
0.45691
0.4567
0.4565
0.45617
0.45587
0.45559
0.45535
0.45513
0.45494
0.45461
0.45431
0.45404
0.4538
0.45359
0.45341
0.4531
0.45281
0.45255
0.45233
0.45215
0.45199
0.4517
0.45144
0.45121
0.45102
0.45086
0.45073
0.45047
0.45024
0.45005
0.44989
0.44978
0.44968
0.44947
0.44928
0.44912
0.44901
0.44893
0.44888
0.44871
0.44857
0.44846
0.4484
0.44837
0.44837
0.44825
0.44815
0.4481
0.44808
0.44811
0.44816
0.44809
0.44805
0.44805
0.44809
0.44817
0.44828
0.44826
0.44827
0.44833
0.44842
0.44856
0.44873
0.44877
0.44885
0.44896
0.44911
0.4493
0.4495
0.44957
0.44967
0.4498
0.44996
0.45016
0.45039
0.4505
0.45064
0.45082
0.45105
0.45131
0.4516
0.45177
0.45196
0.45219
0.45247
0.45278
0.45311
0.45333
0.45357
0.45385
0.45417
0.45453
0.45491
0.45517
0.45545
0.45578
0.45614
0.45654
0.45696
0.45726
0.45758
0.45794
0.45834
0.45877
0.45923
0.45956
0.45992
0.46031
0.46073
0.46119
0.46168
0.46203
0.4624
0.46281
0.46326
0.46374
0.46424
0.46461
0.465
0.46542
0.46588
0.46636
0.46686
0.46723
0.46761
0.46803
0.46848
0.46897
0.46949
0.46988
0.4703
0.47075
0.47124
0.47177
0.4723
0.4727
0.4731
0.47353
0.47399
0.47447
0.47496
0.47532
0.47568
0.47607
0.47649
0.47693
0.47738
0.47769
0.478
0.47834
0.4787
0.47908
0.47947
0.47972
0.47997
0.48024
0.48054
0.48085
0.48118
0.48135
0.48153
0.48173
0.48195
0.48218
0.48243
0.48252
0.48262
0.48273
0.48287
0.48302
0.48318
0.48319
0.48321
0.48324
0.48329
0.48335
0.48342
0.48334
0.48325
0.48319
0.48316
0.48315
0.48314
0.483
0.48287
0.48274
0.48262
0.4825
0.48236
0.48204
0.4817
0.48136
0.48103
0.48071
0.48041
0.47996
0.47954
0.47914
0.47877
0.47843
0.47811
0.47764
0.47718
0.47675
0.47635
0.47598
0.47562
0.47513
0.47466
0.47422
0.47381
0.47344
0.47309
0.47261
0.47215
0.47173
0.47135
0.471
0.47068
0.47023
0.46981
0.46943
0.4691
0.4688
0.46854
0.46815
0.4678
0.46748
0.46722
0.467
0.46682
0.46651
0.46624
0.46601
0.46584
0.46572
0.46564
0.46544
0.46529
0.46517
0.46511
0.4651
0.46512
0.46502
0.46495
0.46495
0.46502
0.46515
0.46534
0.46545
0.46562
0.46586
0.46617
0.46654
0.46695
0.46723
0.46755
0.46792
0.46833
0.4688
0.46931
0.4697
0.47013
0.47062
0.47115
0.47174
0.47237
0.47287
0.47341
0.474
0.47463
0.47532
0.47604
0.47663
0.47725
0.47792
0.47864
0.4794
0.48019
0.48085
0.48154
0.48227
0.48305
0.48386
0.4847
0.4854
0.48613
0.4869
0.4877
0.48854
0.48941
0.49013
0.49087
0.49165
0.49245
0.49329
0.49415
0.49485
0.49558
0.49633
0.49712
0.49793
0.49876
0.49945
0.50015
0.50086
0.5016
0.50234
0.50308
0.50365
0.50421
0.50477
0.50535
0.50595
0.50655
0.507
0.50746
0.50794
0.50844
0.50895
0.50948
0.50984
0.5102
0.51057
0.51096
0.51137
0.51178
0.51202
0.51227
0.51253
0.51281
0.5131
0.51339
0.51351
0.51364
0.51378
0.51393
0.5141
0.51427
0.51427
0.51427
0.51428
0.51431
0.51435
0.51439
0.51427
0.51415
0.51403
0.51394
0.51386
0.51378
0.51353
0.51329
0.51306
0.51284
0.51264
0.51244
0.51208
0.51172
0.51137
0.51105
0.51074
0.51044
0.50999
0.50954
0.5091
0.50868
0.50827
0.50785
0.50726
0.50667
0.50609
0.50553
0.50498
0.50445
0.50376
0.50309
0.50245
0.50183
0.50124
0.50067
0.49994
0.49923
0.49854
0.49789
0.49726
0.49666
0.4959
0.49517
0.49447
0.49381
0.49317
0.49256
0.49181
0.49109
0.49039
0.48974
0.48913
0.48854
0.48781
0.48711
0.48646
0.48584
0.48527
0.48472
0.48405
0.4834
0.4828
0.48224
0.48173
0.48125
0.48064
0.48007
0.47954
0.47906
0.47863
0.47824
0.47773
0.47725
0.47682
0.47643
0.47609
0.47579
0.47535
0.47496
0.47462
0.47434
0.47413
0.47397
0.47372
0.47352
0.47339
0.47332
0.47331
0.47334
0.47324
0.47317
0.47315
0.47318
0.47326
0.47337
0.47336
0.4734
0.47348
0.47361
0.47379
0.47401
0.4741
0.47423
0.4744
0.47462
0.47489
0.47519
0.47536
0.47556
0.47581
0.47611
0.47644
0.47681
0.47705
0.47732
0.47762
0.47797
0.47836
0.47878
0.47906
0.47937
0.47972
0.48011
0.48053
0.48098
0.48129
0.48163
0.482
0.4824
0.48284
0.48329
0.4836
0.48394
0.4843
0.4847
0.48514
0.4856
0.48593
0.48628
0.48665
0.48703
0.48742
0.48781
0.48801
0.48821
0.48841
0.48864
0.48888
0.48913
0.48924
0.48938
0.48955
0.48975
0.48998
0.49022
0.49031
0.49042
0.49055
0.4907
0.49088
0.49108
0.49113
0.49119
0.49128
0.4914
0.49155
0.49171
0.49172
0.49175
0.4918
0.49189
0.492
0.49213
0.49211
0.49211
0.49213
0.49219
0.49227
0.49237
0.49233
0.4923
0.4923
0.49234
0.4924
0.49248
0.49242
0.49237
0.49236
0.49238
0.49243
0.4925
0.49243
0.49238
0.49236
0.49237
0.49241
0.49248
0.49239
0.49233
0.4923
0.49232
0.49237
0.49246
0.49241
0.4924
0.49243
0.49249
0.4926
0.49273
0.49271
0.49272
0.49276
0.49283
0.49294
0.49307
0.49307
0.49308
0.49313
0.49322
0.49335
0.4935
0.49351
0.49354
0.49361
0.49372
0.49386
0.49402
0.49405
0.49409
0.49418
0.4943
0.49445
0.49463
0.49467
0.49473
0.49483
0.49497
0.49514
0.49533
0.49538
0.49546
0.49557
0.49571
0.49589
0.4961
0.49616
0.49625
0.49636
0.49652
0.49671
0.49692
0.49698
0.49707
0.49719
0.49735
0.49754
0.49776
0.49783
0.49793
0.49805
0.49821
0.49839
0.49859
0.49864
0.4987
0.49878
0.4989
0.49904
0.49921
0.49923
0.49928
0.49935
0.49946
0.4996
0.49977
0.49978
0.49981
0.49987
0.49997
0.5001
0.50024
0.50024
0.50025
0.5003
0.50037
0.50048
0.50061
0.50058
0.50058
0.5006
0.50066
0.50074
0.50084
0.5008
0.50077
0.50076
0.5008
0.50085
0.50093
0.50085
0.5008
0.50076
0.50077
0.50079
0.50084
0.50073
0.50064
0.50058
0.50055
0.50055
0.50056
0.50042
0.50029
0.50019
0.50013
0.50009
0.50006
0.49989
0.49973
0.4996
0.4995
0.49942
0.49935
0.49913
0.49892
0.49874
0.49858
0.49845
0.49834
0.49808
0.49783
0.49761
0.49742
0.49725
0.4971
0.4968
0.49652
0.49626
0.49603
0.49583
0.49564
0.49531
0.49499
0.4947
0.49444
0.4942
0.49398
0.49361
0.49326
0.49294
0.49265
0.49238
0.49213
0.49174
0.49136
0.491
0.49068
0.49039
0.49012
0.4897
0.48929
0.48892
0.48858
0.48826
0.48797
0.48753
0.48711
0.48672
0.48636
0.48603
0.48572
0.48526
0.48483
0.48442
0.48405
0.48372
0.4834
0.48295
0.48251
0.48211
0.48174
0.48139
0.48106
0.48058
0.48012
0.47968
0.47927
0.4789
0.47854
0.47806
0.4776
0.47717
0.47679
0.47644
0.47611
0.47565
0.47521
0.47481
0.47445
0.47412
0.47382
0.47339
0.47298
0.47261
0.47229
0.472
0.47174
0.47134
0.47098
0.47065
0.47037
0.47013
0.46991
0.46957
0.46926
0.46898
0.46875
0.46857
0.46841
0.46812
0.46786
0.46765
0.46748
0.46735
0.46726
0.46703
0.46684
0.46669
0.46659
0.46652
0.4665
0.46634
0.46622
0.46614
0.4661
0.46611
0.46615
0.46606
0.466
0.46599
0.46603
0.46611
0.46623
0.46623
0.46627
0.46635
0.46648
0.46666
0.46687
0.46695
0.46706
0.46721
0.4674
0.46764
0.46791
0.46805
0.46822
0.46843
0.46869
0.46899
0.46932
0.46952
0.46975
0.47002
0.47033
0.47069
0.47107
0.47132
0.47159
0.47191
0.47227
0.47267
0.47309
0.47338
0.4737
0.47405
0.47445
0.47488
0.47534
0.47566
0.47601
0.47639
0.47681
0.47726
0.47774
0.47809
0.47845
0.47885
0.47929
0.47976
0.48025
0.4806
0.48097
0.48137
0.48181
0.48229
0.48279
0.48315
0.48353
0.48394
0.48438
0.48483
0.4853
0.48561
0.48592
0.48626
0.48662
0.48701
0.48742
0.48768
0.48797
0.48829
0.48864
0.48903
0.48943
0.48968
0.48995
0.49025
0.49058
0.49094
0.49132
0.49155
0.49179
0.49207
0.49238
0.49271
0.49307
0.49328
0.4935
0.49375
0.49404
0.49435
0.49468
0.49486
0.49506
0.49529
0.49555
0.49584
0.49614
0.4963
0.49648
0.49668
0.49692
0.49718
0.49746
0.49759
0.49775
0.49792
0.49814
0.49838
0.49863
0.49874
0.49887
0.49903
0.49922
0.49943
0.49967
0.49975
0.49986
0.49999
0.50015
0.50035
0.50056
0.50063
0.50071
0.50082
0.50097
0.50115
0.50134
0.50138
0.50145
0.50154
0.50166
0.50181
0.50198
0.502
0.50204
0.50211
0.5022
0.50233
0.50248
0.50247
0.50249
0.50253
0.5026
0.50271
0.50283
0.5028
0.50279
0.5028
0.50285
0.50293
0.50302
0.50297
0.50293
0.50292
0.50294
0.50299
0.50305
0.50297
0.5029
0.50286
0.50285
0.50287
0.5029
0.50279
0.50269
0.50262
0.50258
0.50257
0.50257
0.50242
0.50229
0.50218
0.50211
0.50206
0.50202
0.50184
0.50168
0.50154
0.50142
0.50134
0.50126
0.50104
0.50083
0.50064
0.50048
0.50035
0.50023
0.49996
0.49971
0.49948
0.49928
0.49911
0.49895
0.49864
0.49835
0.49808
0.49784
0.49763
0.49743
0.49708
0.49675
0.49644
0.49616
0.4959
0.49566
0.49527
0.49489
0.49454
0.49422
0.49393
0.49364
0.49321
0.4928
0.49241
0.49204
0.49171
0.49138
0.49092
0.49046
0.49003
0.48963
0.48926
0.4889
0.48839
0.4879
0.48743
0.487
0.48659
0.48619
0.48565
0.48512
0.48463
0.48416
0.48372
0.4833
0.48274
0.4822
0.48168
0.48118
0.48071
0.48025
0.47963
0.47902
0.47843
0.47787
0.47733
0.47682
0.47616
0.47553
0.47493
0.47437
0.47384
0.47333
0.47268
0.47205
0.47145
0.47089
0.47035
0.46985
0.4692
0.46858
0.468
0.46745
0.46694
0.46645
0.46582
0.46523
0.46467
0.46414
0.46366
0.4632
0.46261
0.46205
0.46152
0.46104
0.46059
0.46018
0.45963
0.45912
0.45864
0.45821
0.45781
0.45745
0.45696
0.4565
0.45608
0.4557
0.45537
0.45507
0.45464
0.45425
0.4539
0.45359
0.45333
0.4531
0.45274
0.45242
0.45214
0.45191
0.45173
0.45158
0.45131
0.45108
0.4509
0.45076
0.45067
0.45061
0.45043
0.45029
0.45019
0.45013
0.45012
0.45014
0.45005
0.44999
0.44997
0.45
0.45008
0.45018
0.45017
0.4502
0.45026
0.45038
0.45054
0.45073
0.4508
0.4509
0.45105
0.45125
0.45148
0.45175
0.4519
0.45208
0.45231
0.45258
0.45289
0.45323
0.45345
0.45371
0.454
0.45434
0.45472
0.45513
0.45542
0.45573
0.45609
0.45649
0.45693
0.45739
0.45774
0.4581
0.45851
0.45897
0.45946
0.45998
0.46037
0.46079
0.46125
0.46174
0.46227
0.46281
0.46323
0.46366
0.46412
0.46462
0.46516
0.46572
0.46614
0.4666
0.46709
0.46761
0.46818
0.46876
0.46921
0.46968
0.47019
0.47073
0.4713
0.4719
0.47236
0.47284
0.47335
0.4739
0.47447
0.47507
0.47553
0.47601
0.47653
0.47707
0.47764
0.47824
0.47869
0.47917
0.47967
0.4802
0.48076
0.48135
0.48179
0.48224
0.48273
0.48324
0.48379
0.48435
0.48477
0.48521
0.48567
0.48616
0.48668
0.48722
0.48761
0.48801
0.48844
0.48891
0.4894
0.48991
0.49027
0.49066
0.49106
0.49149
0.49194
0.4924
0.4927
0.49301
0.49334
0.4937
0.49408
0.49447
0.49472
0.49498
0.49528
0.4956
0.49595
0.49632
0.49653
0.49676
0.49702
0.49731
0.49762
0.49795
0.49813
0.49833
0.49855
0.4988
0.49909
0.49938
0.49953
0.49969
0.49989
0.50011
0.50036
0.50063
0.50074
0.50088
0.50104
0.50124
0.50146
0.5017
0.50179
0.5019
0.50204
0.50221
0.50241
0.50262
0.50269
0.50277
0.50289
0.50303
0.50321
0.50341
0.50345
0.50352
0.50361
0.50374
0.5039
0.50407
0.50409
0.50413
0.50421
0.50432
0.50446
0.50463
0.50465
0.5047
0.50479
0.50491
0.50506
0.50523
0.50525
0.50529
0.50536
0.50546
0.50558
0.50573
0.50573
0.50575
0.50579
0.50588
0.50599
0.50611
0.50609
0.50609
0.50612
0.50618
0.50627
0.50637
0.50633
0.5063
0.50631
0.50634
0.50641
0.50649
0.50642
0.50637
0.50635
0.50636
0.5064
0.50646
0.50637
0.50629
0.50624
0.50622
0.50623
0.50626
0.50614
0.50604
0.50596
0.50591
0.5059
0.50589
0.50574
0.5056
0.50549
0.50542
0.50537
0.50535
0.50518
0.50503
0.5049
0.50479
0.50471
0.50463
0.50438
0.50414
0.50392
0.50372
0.50355
0.5034
0.5031
0.50282
0.50258
0.50237
0.50219
0.50204
0.50173
0.50144
0.50119
0.50096
0.50077
0.5006
0.50028
0.49999
0.49972
0.4995
0.4993
0.49913
0.49881
0.49852
0.49826
0.49804
0.49785
0.49768
0.49738
0.49709
0.49685
0.49664
0.49646
0.49631
0.49603
0.49576
0.49553
0.49534
0.49519
0.49507
0.4948
0.49457
0.49436
0.49421
0.49408
0.49399
0.49376
0.49355
0.49339
0.49326
0.49318
0.49312
0.49292
0.49276
0.49263
0.49255
0.4925
0.49249
0.49234
0.49222
0.49214
0.49211
0.49211
0.49215
0.49205
0.49197
0.49194
0.49195
0.492
0.49208
0.49202
0.49199
0.492
0.49205
0.49215
0.49227
0.49225
0.49227
0.49232
0.49241
0.49255
0.49271
0.49273
0.49278
0.49287
0.49301
0.49318
0.49337
0.49343
0.49352
0.49364
0.4938
0.494
0.49423
0.49432
0.49443
0.49458
0.49476
0.49499
0.49523
0.49534
0.49547
0.49563
0.49584
0.49607
0.49633
0.49645
0.49659
0.49676
0.49697
0.49721
0.49747
0.49759
0.49773
0.4979
0.4981
0.49833
0.49859
0.49869
0.49882
0.49897
0.49916
0.49938
0.49961
0.4997
0.4998
0.49993
0.50009
0.50028
0.50048
0.50054
0.50061
0.5007
0.50083
0.50098
0.50114
0.50115
0.50118
0.50123
0.50131
0.50141
0.50153
0.50149
0.50146
0.50146
0.50148
0.50153
0.50159
0.50149
0.50141
0.50134
0.5013
0.50129
0.50128
0.50112
0.50096
0.50083
0.50073
0.50064
0.50056
0.50033
0.50011
0.49991
0.49973
0.49957
0.49942
0.49911
0.49881
0.49853
0.49828
0.49805
0.49784
0.49747
0.49711
0.49677
0.49644
0.49613
0.49582
0.49533
0.49485
0.49437
0.49392
0.49348
0.49305
0.49248
0.49192
0.49138
0.49088
0.49039
0.48993
0.48931
0.4887
0.48812
0.48756
0.48703
0.48652
0.48586
0.48521
0.48459
0.484
0.48345
0.4829
0.48222
0.48155
0.48091
0.48031
0.47973
0.47918
0.47848
0.47781
0.47716
0.47656
0.47598
0.47543
0.47474
0.47407
0.47344
0.47285
0.47229
0.47175
0.47109
0.47044
0.46984
0.46927
0.46875
0.46825
0.46762
0.46702
0.46645
0.46593
0.46544
0.46499
0.4644
0.46384
0.46333
0.46286
0.46244
0.46205
0.46155
0.46109
0.46068
0.46031
0.45999
0.4597
0.45928
0.4589
0.45855
0.45825
0.458
0.45777
0.45743
0.45711
0.45684
0.45662
0.45644
0.4563
0.45603
0.4558
0.4556
0.45546
0.45536
0.45529
0.4551
0.45494
0.45482
0.45476
0.45473
0.45474
0.45462
0.45454
0.4545
0.4545
0.45455
0.45463
0.45459
0.45457
0.4546
0.45468
0.45479
0.45494
0.45496
0.45502
0.45511
0.45525
0.45543
0.45563
0.45571
0.45582
0.45597
0.45617
0.4564
0.45666
0.45681
0.45698
0.45718
0.45742
0.45769
0.45798
0.45813
0.4583
0.4585
0.45873
0.459
0.45929
0.45946
0.45965
0.45989
0.46016
0.46047
0.4608
0.461
0.46123
0.46149
0.46179
0.46212
0.46248
0.4627
0.46295
0.46324
0.46356
0.46391
0.46429
0.46453
0.4648
0.4651
0.46543
0.4658
0.46619
0.46644
0.46672
0.46703
0.46737
0.46775
0.46815
0.46841
0.46869
0.46901
0.46935
0.46973
0.47013
0.4704
0.47068
0.47099
0.47134
0.47171
0.47211
0.47237
0.47264
0.47295
0.47329
0.47366
0.47405
0.4743
0.47457
0.47487
0.4752
0.47555
0.47592
0.47614
0.47637
0.47662
0.47691
0.47722
0.47755
0.47775
0.47796
0.47819
0.47847
0.47877
0.47908
0.47926
0.47945
0.47967
0.47992
0.4802
0.4805
0.48065
0.48082
0.48102
0.48125
0.48151
0.48179
0.48192
0.48207
0.48224
0.48245
0.48269
0.48294
0.48305
0.48318
0.48333
0.48351
0.48373
0.48395
0.48404
0.48414
0.48427
0.48443
0.48461
0.48482
0.48488
0.48495
0.48505
0.48519
0.48535
0.48552
0.48556
0.48561
0.48568
0.48579
0.48592
0.48606
0.48606
0.48607
0.48611
0.48619
0.48629
0.48642
0.48641
0.48643
0.48647
0.48655
0.48666
0.48678
0.48675
0.48674
0.48674
0.48678
0.48684
0.48692
0.48684
0.48679
0.48675
0.48675
0.48677
0.4868
0.48669
0.48659
0.48651
0.48646
0.48643
0.48642
0.48626
0.48611
0.48598
0.48588
0.4858
0.48573
0.48552
0.48532
0.48514
0.48499
0.48486
0.48474
0.48447
0.48422
0.48398
0.48378
0.48359
0.48342
0.4831
0.48279
0.48251
0.48224
0.482
0.48178
0.4814
0.48103
0.48069
0.48038
0.48009
0.47982
0.47941
0.47902
0.47864
0.47828
0.47793
0.47757
0.47705
0.47652
0.476
0.47551
0.47503
0.47456
0.47396
0.47338
0.47284
0.47232
0.47184
0.47138
0.47077
0.47018
0.46962
0.46909
0.46859
0.46811
0.4675
0.46691
0.46635
0.46583
0.46534
0.46488
0.46428
0.46371
0.46317
0.46267
0.46221
0.46177
0.46121
0.46067
0.46016
0.4597
0.45928
0.45889
0.45837
0.45788
0.45743
0.45702
0.45666
0.45632
0.45586
0.45544
0.45505
0.45471
0.45442
0.45415
0.45377
0.45342
0.45312
0.45286
0.45264
0.45245
0.45213
0.45185
0.45162
0.45145
0.45133
0.45125
0.45107
0.45094
0.45087
0.45084
0.45087
0.45093
0.45087
0.45084
0.45085
0.4509
0.451
0.45113
0.45114
0.45119
0.45128
0.45142
0.4516
0.45181
0.4519
0.45202
0.45218
0.45238
0.45263
0.4529
0.45305
0.45323
0.45345
0.45371
0.45401
0.45434
0.45454
0.45477
0.45503
0.45533
0.45567
0.45603
0.45626
0.45652
0.45681
0.45714
0.4575
0.45788
0.45813
0.4584
0.4587
0.45904
0.4594
0.45978
0.46003
0.46029
0.46058
0.46091
0.46126
0.46163
0.46187
0.46212
0.4624
0.4627
0.46301
0.46333
0.46349
0.46365
0.46383
0.46403
0.46424
0.46447
0.46456
0.46467
0.46479
0.46495
0.46512
0.4653
0.46534
0.46539
0.46546
0.46555
0.46566
0.46577
0.46575
0.46573
0.46573
0.46575
0.46579
0.46584
0.46574
0.46565
0.46558
0.46553
0.4655
0.46547
0.4653
0.46514
0.46499
0.46487
0.46476
0.46466
0.46442
0.46418
0.46396
0.46376
0.46358
0.46341
0.46309
0.46278
0.46249
0.46222
0.46197
0.46173
0.46134
0.46096
0.4606
0.46027
0.45995
0.45964
0.4592
0.45876
0.45835
0.45795
0.45757
0.45719
0.45667
0.45616
0.45566
0.45518
0.45472
0.45428
0.4537
0.45313
0.45259
0.45208
0.45159
0.45111
0.4505
0.44991
0.44933
0.44879
0.44827
0.44777
0.44714
0.44652
0.44593
0.44537
0.44484
0.44433
0.44369
0.44307
0.44248
0.44192
0.44138
0.44087
0.44024
0.43962
0.43904
0.43849
0.43797
0.43747
0.43685
0.43626
0.43569
0.43516
0.43467
0.4342
0.43361
0.43304
0.43251
0.43201
0.43155
0.43112
0.43057
0.43004
0.42955
0.42909
0.42867
0.42828
0.42776
0.42728
0.42683
0.42642
0.42606
0.42573
0.42529
0.42488
0.42452
0.4242
0.42392
0.42367
0.4233
0.42296
0.42265
0.42238
0.42214
0.42193
0.42161
0.42131
0.42105
0.42083
0.42065
0.42049
0.42022
0.41997
0.41975
0.41958
0.41944
0.41932
0.41909
0.41888
0.41871
0.41857
0.41847
0.41839
0.4182
0.41802
0.41788
0.41778
0.4177
0.41765
0.41748
0.41734
0.41722
0.41714
0.41709
0.41706
0.41691
0.41678
0.41668
0.41661
0.41657
0.41655
0.4164
0.41628
0.41618
0.41612
0.41608
0.41607
0.41594
0.41583
0.41574
0.41567
0.41562
0.41558
0.41539
0.41522
0.41506
0.41492
0.41481
0.41471
0.41449
0.41429
0.41412
0.41397
0.41385
0.41375
0.41353
0.41332
0.41313
0.41297
0.41283
0.41271
0.41247
0.41224
0.41204
0.41186
0.41171
0.41157
0.41132
0.41107
0.41086
0.41067
0.4105
0.41035
0.41008
0.40982
0.40959
0.40939
0.40921
0.40905
0.40876
0.4085
0.40825
0.40804
0.40785
0.40768
0.40739
0.40711
0.40686
0.40664
0.40644
0.40626
0.40597
0.40569
0.40543
0.40521
0.40501
0.40483
0.40453
0.40425
0.40399
0.40377
0.40357
0.40339
0.40309
0.40281
0.40256
0.40234
0.40214
0.40197
0.40167
0.4014
0.40116
0.40094
0.40076
0.40059
0.40031
0.40005
0.39981
0.39961
0.39944
0.39929
0.39902
0.39877
0.39855
0.39837
0.39821
0.39807
0.39782
0.39759
0.39739
0.39723
0.39709
0.39697
0.39674
0.39653
0.39635
0.3962
0.39608
0.39598
0.39578
0.39559
0.39543
0.3953
0.3952
0.39513
0.39494
0.39477
0.39464
0.39453
0.39446
0.3944
0.39424
0.39409
0.39397
0.39389
0.39383
0.3938
0.39365
0.39353
0.39343
0.39336
0.39333
0.39331
0.39319
0.39308
0.393
0.39296
0.39294
0.39294
0.39283
0.39274
0.39267
0.39264
0.39263
0.39264
0.39254
0.39246
0.3924
0.39238
0.39238
0.39239
0.3923
0.39222
0.39217
0.39215
0.39215
0.39217
0.39207
0.39199
0.39194
0.39191
0.39191
0.39192
0.39182
0.39174
0.39167
0.39164
0.39163
0.39163
0.39151
0.39142
0.39134
0.39129
0.39126
0.39125
0.39112
0.391
0.3909
0.39083
0.39078
0.39074
0.39059
0.39044
0.39032
0.39022
0.39015
0.39009
0.38991
0.38974
0.3896
0.38947
0.38935
0.38924
0.38901
0.38877
0.38856
0.38836
0.38817
0.388
0.38771
0.38744
0.38718
0.38695
0.38674
0.38654
0.38623
0.38592
0.38563
0.38537
0.38512
0.38489
0.38454
0.3842
0.38388
0.38358
0.3833
0.38304
0.38266
0.38229
0.38194
0.38161
0.3813
0.38101
0.3806
0.3802
0.37982
0.37947
0.37914
0.37881
0.37838
0.37796
0.37756
0.37718
0.37682
0.37648
0.37602
0.37558
0.37516
0.37477
0.37439
0.37403
0.37356
0.3731
0.37266
0.37225
0.37186
0.37148
0.371
0.37052
0.37007
0.36965
0.36925
0.36887
0.36838
0.36791
0.36747
0.36705
0.36665
0.36627
0.36579
0.36531
0.36486
0.36444
0.36404
0.36365
0.36316
0.36269
0.36224
0.36181
0.36141
0.36103
0.36054
0.36006
0.35961
0.35919
0.35879
0.35841
0.35792
0.35745
0.357
0.35659
0.35619
0.35581
0.35533
0.35487
0.35443
0.35401
0.35363
0.35325
0.35278
0.35233
0.35189
0.35149
0.35111
0.35075
0.35028
0.34984
0.34941
0.34902
0.34865
0.34829
0.34784
0.3474
0.34699
0.34661
0.34625
0.34591
0.34548
0.34506
0.34467
0.3443
0.34395
0.34361
0.34316
0.34272
0.3423
0.34191
0.34154
0.34118
0.34073
0.34031
0.3399
0.33953
0.33919
0.33886
0.33844
0.33804
0.33766
0.33731
0.33698
0.33668
0.33628
0.3359
0.33554
0.33522
0.33492
0.33464
0.33427
0.33392
0.33359
0.3333
0.33303
0.33278
0.33243
0.33211
0.33182
0.33155
0.33131
0.33109
0.33078
0.33049
0.33022
0.32999
0.32978
0.32959
0.32931
0.32905
0.32882
0.32861
0.32844
0.32828
0.32803
0.3278
0.3276
0.32742
0.32728
0.32714
0.32692
0.32672
0.32654
0.32639
0.32627
0.32618
0.326
0.32584
0.32571
0.32562
0.32554
0.32549
0.32534
0.32521
0.3251
0.32501
0.32495
0.32491
0.32477
0.32465
0.32456
0.32449
0.32444
0.3244
0.32428
0.32416
0.32407
0.324
0.32396
0.32392
0.3238
0.32368
0.32359
0.32352
0.32346
0.32342
0.32329
0.32317
0.32306
0.32298
0.32291
0.32286
0.32271
0.32257
0.32245
0.32234
0.32226
0.32218
0.32201
0.32185
0.3217
0.32157
0.32146
0.32136
0.32115
0.32095
0.32078
0.32062
0.32047
0.32034
0.32011
0.31989
0.31968
0.31949
0.3193
0.3191
0.3188
0.31849
0.31819
0.31791
0.31763
0.31736
0.317
0.31664
0.3163
0.31599
0.31568
0.31539
0.31499
0.31461
0.31423
0.31388
0.31354
0.3132
0.31277
0.31236
0.31195
0.31157
0.3112
0.31083
0.31038
0.30993
0.3095
0.30909
0.3087
0.30831
0.30784
0.30737
0.30692
0.30649
0.30608
0.30567
0.30518
0.3047
0.30424
0.30379
0.30337
0.30296
0.30246
0.30197
0.3015
0.30105
0.30062
0.3002
0.2997
0.29921
0.29874
0.29829
0.29786
0.29745
0.29695
0.29646
0.29599
0.29555
0.29513
0.29474
0.29426
0.2938
0.29337
0.29296
0.29257
0.2922
0.29175
0.29131
0.29089
0.2905
0.29012
0.28977
0.28933
0.2889
0.2885
0.28813
0.28778
0.28744
0.28702
0.28662
0.28624
0.28588
0.28555
0.28523
0.28484
0.28446
0.2841
0.28376
0.28345
0.28315
0.28278
0.28242
0.28208
0.28177
0.28148
0.28121
0.28085
0.28051
0.2802
0.27991
0.27964
0.27938
0.27905
0.27873
0.27844
0.27816
0.27791
0.27767
0.27736
0.27706
0.27678
0.27653
0.27629
0.27608
0.27579
0.27551
0.27525
0.27501
0.27479
0.27458
0.27428
0.274
0.27373
0.27348
0.27326
0.27304
0.27275
0.27248
0.27222
0.27199
0.27178
0.27159
0.27131
0.27105
0.27081
0.2706
0.2704
0.27021
0.26995
0.2697
0.26947
0.26927
0.26908
0.26891
0.26866
0.26842
0.2682
0.26801
0.26783
0.26767
0.26743
0.2672
0.267
0.26681
0.26665
0.2665
0.26627
0.26605
0.26586
0.26568
0.26553
0.26539
0.26517
0.26497
0.26478
0.26462
0.26447
0.26434
0.26413
0.26393
0.26376
0.2636
0.26347
0.26335
0.26315
0.26297
0.26281
0.26266
0.26253
0.26241
0.26221
0.26202
0.26184
0.26168
0.26154
0.26141
0.26121
0.26102
0.26086
0.26071
0.26059
0.26048
0.26029
0.26012
0.25997
0.25983
0.25972
0.25962
0.25945
0.25929
0.25915
0.25904
0.25894
0.25886
0.2587
0.25856
0.25843
0.25833
0.25825
0.25818
0.25805
0.25792
0.25781
0.25773
0.25767
0.25762
0.25749
0.25739
0.2573
0.25723
0.25719
0.25715
0.25705
0.25696
0.25689
0.25684
0.25681
0.2568
0.25671
0.25664
0.25659
0.25655
0.25654
0.25654
0.25647
0.25641
0.25637
0.25635
0.25636
0.25638
0.25633
0.2563
0.25629
0.25631
0.25634
0.25639
0.25636
0.25635
0.25635
0.25637
0.25641
0.25646
0.25643
0.25642
0.25643
0.25646
0.2565
0.25655
0.25653
0.25653
0.25653
0.25656
0.2566
0.25665
0.25663
0.25662
0.25662
0.25664
0.25668
0.25672
0.25669
0.25667
0.25666
0.25668
0.2567
0.25673
0.25669
0.25666
0.25664
0.25663
0.25664
0.25666
0.2566
0.25655
0.25651
0.25648
0.25647
0.25647
0.25638
0.25631
0.25624
0.2562
0.25617
0.25614
0.25604
0.25595
0.25587
0.2558
0.25573
0.25567
0.25551
0.25536
0.25521
0.25508
0.25495
0.25483
0.25463
0.25445
0.25428
0.25412
0.25398
0.25384
0.25363
0.25342
0.25323
0.25305
0.25289
0.25273
0.2525
0.25227
0.25206
0.25187
0.25169
0.25151
0.25127
0.25103
0.25081
0.2506
0.25041
0.25023
0.24997
0.24973
0.2495
0.24928
0.24909
0.2489
0.24864
0.2484
0.24816
0.24795
0.24776
0.24757
0.24731
0.24707
0.24684
0.24664
0.24645
0.24627
0.24602
0.24579
0.24557
0.24538
0.2452
0.24503
0.2448
0.24458
0.24437
0.24419
0.24403
0.24389
0.24368
0.24349
0.24332
0.24317
0.24305
0.24293
0.24275
0.24259
0.24244
0.24232
0.24221
0.24212
0.24197
0.24183
0.24171
0.24161
0.24154
0.24148
0.24135
0.24124
0.24115
0.24108
0.24103
0.241
0.2409
0.24082
0.24076
0.24072
0.2407
0.2407
0.24063
0.24058
0.24055
0.24054
0.24055
0.24058
0.24054
0.24052
0.24052
0.24054
0.24058
0.24063
0.24062
0.24063
0.24065
0.2407
0.24077
0.24085
0.24087
0.2409
0.24095
0.24102
0.24111
0.24122
0.24126
0.24132
0.2414
0.24149
0.2416
0.24172
0.24177
0.24183
0.2419
0.242
0.24211
0.24223
0.24229
0.24236
0.24245
0.24257
0.2427
0.24284
0.24292
0.243
0.24311
0.24323
0.24338
0.24353
0.24362
0.24372
0.24384
0.24397
0.24413
0.24429
0.24439
0.24449
0.24462
0.24476
0.24492
0.24509
0.2452
0.24531
0.24544
0.24558
0.24575
0.24592
0.24602
0.24614
0.24627
0.24641
0.24658
0.24675
0.24685
0.24696
0.24709
0.24723
0.24739
0.24756
0.24765
0.24776
0.24788
0.24801
0.24816
0.24832
0.2484
0.2485
0.2486
0.24873
0.24886
0.24901
0.24908
0.24916
0.24926
0.24936
0.24949
0.24962
0.24967
0.24973
0.24981
0.2499
0.25
0.25011
0.25014
0.25018
0.25023
0.2503
0.25038
0.25046
0.25047
0.25049
0.25051
0.25056
0.25061
0.25067
0.25065
0.25064
0.25064
0.25065
0.25067
0.2507
0.25065
0.25061
0.25058
0.25056
0.25056
0.25055
0.25048
0.2504
0.25034
0.25029
0.25025
0.25022
0.25011
0.25
0.24991
0.24983
0.24976
0.24969
0.24955
0.24941
0.24928
0.24916
0.24906
0.24897
0.24879
0.24863
0.24847
0.24833
0.24819
0.24805
0.24783
0.24762
0.24741
0.24721
0.24702
0.24684
0.24658
0.24634
0.2461
0.24588
0.24567
0.24547
0.24519
0.24492
0.24467
0.24442
0.24419
0.24397
0.24367
0.24338
0.24311
0.24285
0.2426
0.24236
0.24205
0.24175
0.24146
0.24119
0.24093
0.24068
0.24036
0.24005
0.23976
0.23948
0.23922
0.23896
0.23864
0.23833
0.23803
0.23775
0.23749
0.23724
0.23691
0.2366
0.23631
0.23603
0.23578
0.23553
0.23521
0.23491
0.23463
0.23436
0.23411
0.23387
0.23356
0.23326
0.23297
0.23271
0.23245
