0.68684
0.68761
0.68844
0.68934
0.69031
0.69133
0.69242
0.69355
0.69471
0.69589
0.69706
0.69809
0.69909
0.70004
0.70094
0.70176
0.70249
0.70312
0.70363
0.70402
0.70426
0.70422
0.70404
0.70372
0.70326
0.70268
0.70198
0.70119
0.70032
0.69939
0.69842
0.69732
0.69624
0.6952
0.69423
0.69336
0.69262
0.69203
0.69163
0.69143
0.69145
0.6914
0.69162
0.69214
0.69298
0.69415
0.69566
0.6975
0.69964
0.70205
0.70469
0.7078
0.71098
0.71415
0.71721
0.72004
0.72256
0.72469
0.72634
0.72747
0.72804
0.72733
0.72611
0.72447
0.7225
0.72031
0.71803
0.71578
0.71365
0.71177
0.71021
0.70935
0.70891
0.70888
0.70926
0.70999
0.71102
0.71228
0.71366
0.71507
0.7164
0.71748
0.71827
0.71868
0.71861
0.71801
0.71681
0.71497
0.71248
0.70934
0.7056
0.70055
0.69508
0.68936
0.68354
0.6778
0.67232
0.66724
0.66272
0.65886
0.65575
0.65416
0.65334
0.65323
0.65371
0.65467
0.65597
0.65745
0.65896
0.66033
0.66143
0.66151
0.66113
0.66028
0.65894
0.65715
0.65493
0.65237
0.64955
0.64657
0.64355
0.64026
0.63722
0.63457
0.63247
0.63106
0.63046
0.63075
0.632
0.63424
0.63746
0.64243
0.6482
0.65458
0.66136
0.66834
0.67529
0.682
0.68826
0.69389
0.69875
0.70124
0.7029
0.70381
0.70409
0.70388
0.70334
0.70264
0.70193
0.70136
0.70105
0.70228
0.70385
0.70568
0.70768
0.70975
0.71175
0.71356
0.71504
0.71605
0.71649
0.71515
0.71317
0.71059
0.70748
0.70392
0.70002
0.69589
0.69163
0.68738
0.68323
0.67963
0.6763
0.67328
0.6706
0.66828
0.66632
0.66471
0.66343
0.66245
0.66172
0.66113
0.66071
0.66041
0.6602
0.66004
0.6599
0.65976
0.65961
0.65945
0.65929
0.65853
0.65789
0.65748
0.6574
0.65775
0.65863
0.66012
0.6623
0.66521
0.66887
0.67394
0.67966
0.68594
0.69263
0.6996
0.70667
0.71369
0.7205
0.72695
0.73291
0.73728
0.74103
0.74418
0.74676
0.74883
0.75043
0.75164
0.75253
0.75317
0.75363
0.75447
0.75517
0.75571
0.75608
0.75623
0.75612
0.75572
0.75497
0.75385
0.75231
0.75011
0.74748
0.74445
0.74105
0.73732
0.73334
0.72918
0.72493
0.72069
0.71657
0.71159
0.70704
0.70313
0.70003
0.69792
0.6969
0.69707
0.69845
0.70103
0.70472
0.71155
0.71899
0.72664
0.73405
0.74081
0.74651
0.75076
0.75328
0.75381
0.75223
0.74504
0.73605
0.72569
0.71447
0.70297
0.69174
0.68138
0.67241
0.66532
0.6605
0.66156
0.6651
0.67091
0.6787
0.68809
0.69864
0.70987
0.7213
0.73243
0.7428
0.74919
0.75431
0.75812
0.76063
0.76193
0.76213
0.7614
0.75993
0.75792
0.75559
0.7545
0.75337
0.75224
0.75116
0.75016
0.74923
0.74838
0.74757
0.74679
0.746
0.74457
0.74314
0.74171
0.74033
0.73902
0.73782
0.73676
0.73588
0.73524
0.73486
0.73442
0.73437
0.73475
0.73563
0.73704
0.73903
0.7416
0.74476
0.74847
0.7527
0.75781
0.76326
0.76888
0.77454
0.78008
0.78535
0.79018
0.79446
0.79805
0.80086
0.80205
0.80242
0.802
0.80086
0.79911
0.79685
0.79419
0.79127
0.7882
0.7851
0.78236
0.77977
0.77741
0.77531
0.77349
0.77197
0.77074
0.76976
0.769
0.76841
0.76781
0.76726
0.76669
0.76603
0.76522
0.7642
0.76291
0.76132
0.75938
