[GENERAL]
DATE=June 04, 2015 at 12:44:40
CYME_VERSION=7.10
CYMDIST_REVISION=05

[SI]

[CUSTOMER CLASS]
FORMAT_CUSTOMERCLASS=ID,DCCustomerType,Description,Color,ConstantPower,ConstantCurrent,ConstantImpedance,UtilizationFactor,PowerFactor,MeteredLoads,NonMeteredLoads,LoadFactor,FrequencySensitivityP,FrequencySensitivityQ,EnableHarmonic,IsExponentialModel,ConstantImpedanceZP,ConstantImpedanceZQ,ConstantCurrentIP,ConstantCurrentIQ,ConstantPowerPP,ConstantPowerPQ,ExponentialModelP,ExponentialModelQ,LoadFlowVoltagePercentOfNominal,LossesPerCustomer,ConnectedCenterTap1N,ConnectedCenterTap2N,AdjustmentSettings,PowerCurveModel,PowerCurveModelId
Commercial,0,,0,100.000000,0.000000,0.000000,100.000000,90.000000,1.000000,1.000000,0.000000,0.000000,0.000000,0,0,0.000000,0.000000,0.000000,0.000000,100.000000,100.000000,0.000000,0.000000,80.000000,0.000000,50.000000,50.000000,,,
Residential,0,,0,100.000000,0.000000,0.000000,100.000000,90.000000,1.000000,1.000000,0.000000,0.000000,0.000000,0,0,0.000000,0.000000,0.000000,0.000000,100.000000,100.000000,0.000000,0.000000,80.000000,0.000000,50.000000,50.000000,,,


[LOADS]
FORMAT_LOADS=SectionID,DeviceNumber,DeviceStage,LoadType,Connection,Location
258904311,40141596,,SPOT,0,2
260761331,40904171,,SPOT,0,2
258904399,40141608,,SPOT,0,2
258904130,40141552,,SPOT,0,2
258904135,40141554,,SPOT,0,2
258908433,40142443,,SPOT,0,2
260761151,40904051,,SPOT,0,2
260761156,40904055,,SPOT,0,2
258904093,40141540,,SPOT,0,2
260761296,40904147,,SPOT,0,2
258904013,40141524,,SPOT,0,2
699645828,40141676,,SPOT,0,2
263530741,40142349,,SPOT,0,2
258908378,40142431,,SPOT,0,2
258904018,40141516,,SPOT,0,2
258904098,40141542,,SPOT,0,2
699645908,40141646,,SPOT,0,2
260761311,40904159,,SPOT,0,2
258908074,40142379,,SPOT,0,2
258908079,40142385,,SPOT,0,2
260760191,40903387,,SPOT,0,2
261302049,41229419,,SPOT,0,2
263991396,40141688,,SPOT,0,2
263530723,40903383,,SPOT,0,2
258908358,40142427,,SPOT,0,2
258908418,40142439,,SPOT,0,2
258903819,40141488,,SPOT,0,2
260761094,40904019,,SPOT,0,2
478673659,40142403,,SPOT,0,2
263533244,40141706,,SPOT,0,2
258908238,40142399,,SPOT,0,2
263530687,40904879,,SPOT,0,2
260761119,40904035,,SPOT,0,2
263533064,40141584,,SPOT,0,2
258908059,40240971,,SPOT,0,2
617632356,40904091,,SPOT,0,2
258908293,40142411,,SPOT,0,2
263533163,40141668,,SPOT,0,2
263530705,40903391,,SPOT,0,2
263533226,40141694,,SPOT,0,2
263997299,41217642,,SPOT,0,2
258907852,40142339,,SPOT,0,2
258908158,40142391,,SPOT,0,2
258908298,40142413,,SPOT,0,2
263533046,40141564,,SPOT,0,2
258908037,40142371,,SPOT,0,2
258907953,40290923,,SPOT,0,2
258908318,40142417,,SPOT,0,2
258908398,40142435,,SPOT,0,2
258908131,40142387,,SPOT,0,2
258907832,40142333,,SPOT,0,2
258908138,40142389,,SPOT,0,2
263533208,40904155,,SPOT,0,2
258896576,40140135,,SPOT,0,2
258908099,40142383,,SPOT,0,2
258907933,40142359,,SPOT,0,2
258908191,40142395,,SPOT,0,2
263533127,40904111,,SPOT,0,2
258907812,40142329,,SPOT,0,2
263533001,40904003,,SPOT,0,2
258907894,40142351,,SPOT,0,2
258907899,40142353,,SPOT,0,2
258907990,40142365,,SPOT,0,2
258907916,40142357,,SPOT,0,2
263533100,40904047,,SPOT,0,2
258896435,40140119,,SPOT,0,2
258907995,40142367,,SPOT,0,2
263533109,40904043,,SPOT,0,2
627235850,40140151,,SPOT,0,2
258896537,40140129,,SPOT,0,2
258896532,40140131,,SPOT,0,2
263534343,40904887,,SPOT,0,2
258896413,40140117,,SPOT,0,2
263534406,40904891,,SPOT,0,2
263974100,40278353,,SPOT,0,2
263532965,40904023,,SPOT,0,2
258896591,40140143,,SPOT,0,2
263532848,40142299,,SPOT,0,2
263681992,40142293,,SPOT,0,2
263532947,40904031,,SPOT,0,2
258896299,40140105,,SPOT,0,2
258896393,40140115,,SPOT,0,2
263534306,40142345,,SPOT,0,2
263532920,40904067,,SPOT,0,2
263534388,40142425,,SPOT,0,2
263532902,40298918,,SPOT,0,2
263532983,40141502,,SPOT,0,2
699603610,40141568,,SPOT,0,2
699624652,40141534,,SPOT,0,2
699624738,40141532,,SPOT,0,2
699623291,40142289,,SPOT,0,2
699646219,40141640,,SPOT,0,2
699623114,40141690,,SPOT,0,2
699624374,40141546,,SPOT,0,2
633960134,367231750,,SPOT,0,2
258907760,40142317,,SPOT,0,2
258907765,40142319,,SPOT,0,2
260762260,40904883,,SPOT,0,2
699625175,40141580,,SPOT,0,2
258904760,40141708,,SPOT,0,2
258907740,40142313,,SPOT,0,2
258904765,40141710,,SPOT,0,2
258904644,40141674,,SPOT,0,2
258904740,40141700,,SPOT,0,2
258907723,40142311,,SPOT,0,2
699643894,40141588,,SPOT,0,2
258907681,40142295,,SPOT,0,2
258907686,40142297,,SPOT,0,2
466941356,40140125,,SPOT,0,2
258907701,40142303,,SPOT,0,2
258907706,40142305,,SPOT,0,2
260761266,40904127,,SPOT,0,2
258904546,40141650,,SPOT,0,2
258904686,40141686,,SPOT,0,2
699624095,40141518,,SPOT,0,2
258904246,40141578,,SPOT,0,2
258904787,40142285,,SPOT,0,2
260761246,40904115,,SPOT,0,2
699625097,40141582,,SPOT,0,2
258904486,40141632,,SPOT,0,2
258904404,40141624,,SPOT,0,2
699645957,40141648,,SPOT,0,2
260761346,40904179,,SPOT,0,2
258904409,40141610,,SPOT,0,2
699603855,40141490,,SPOT,0,2
263682001,40141712,,SPOT,0,2
258904164,40141558,,SPOT,0,2
260761221,40904095,,SPOT,0,2
260761166,40904063,,SPOT,0,2
260761226,40904099,,SPOT,0,2
258904169,40141560,,SPOT,0,2
258908467,40142445,,SPOT,0,2
258904048,40141522,,SPOT,0,2
637684626,40142335,,SPOT,0,2
258904326,40141600,,SPOT,0,2
258903963,40141506,,SPOT,0,2
261245658,41198489,,SPOT,0,2
258904140,40141556,,SPOT,0,2
258904281,40141590,,SPOT,0,2
260761281,40904139,,SPOT,0,2
260761201,40904083,,SPOT,0,2
261245653,41198485,,SPOT,0,2
260761206,40904087,,SPOT,0,2
258903841,40141672,,SPOT,0,2
258904301,40141594,,SPOT,0,2
258904384,40141604,,SPOT,0,2
260761301,40904151,,SPOT,0,2
258904123,40141550,,SPOT,0,2
699624857,40141508,,SPOT,0,2
258908363,40142429,,SPOT,0,2
258904003,40141526,,SPOT,0,2
263530750,40142343,,SPOT,0,2
258908428,40142441,,SPOT,0,2
704839483,40904143,,SPOT,0,2
258908248,40142401,,SPOT,0,2
258904103,40141544,,SPOT,0,2
258908064,40142377,,SPOT,0,2
699624835,40141510,,SPOT,0,2
260761181,40904071,,SPOT,0,2
258903928,40141500,,SPOT,0,2
260761186,40904075,,SPOT,0,2
258908487,40142447,,SPOT,0,2
260761104,40904027,,SPOT,0,2
258903886,40141496,,SPOT,0,2
471790416,40141666,,SPOT,0,2
263530732,40140153,,SPOT,0,2
471790415,165971719,,SPOT,0,2
258908223,40142405,,SPOT,0,2
258908408,40142437,,SPOT,0,2
259381734,40250065,,SPOT,0,2
699624910,40141570,,SPOT,0,2
258907862,40142341,,SPOT,0,2
261302054,41229423,,SPOT,0,2
258908042,40142373,,SPOT,0,2
699624817,40141512,,SPOT,0,2
258908049,40142375,,SPOT,0,2
258908283,40142409,,SPOT,0,2
617632322,40904079,,SPOT,0,2
258908328,40142419,,SPOT,0,2
258908206,40142397,,SPOT,0,2
263533235,40904871,,SPOT,0,2
258908148,40142393,,SPOT,0,2
263533055,40904059,,SPOT,0,2
258896645,40140155,,SPOT,0,2
617632389,40141638,,SPOT,0,2
617632388,40141636,,SPOT,0,2
258907943,40142361,,SPOT,0,2
258908388,40142433,,SPOT,0,2
263681965,40142423,,SPOT,0,2
263533217,40904167,,SPOT,0,2
258907827,40142337,,SPOT,0,2
263533037,40141528,,SPOT,0,2
258908005,40142369,,SPOT,0,2
258908084,40142381,,SPOT,0,2
258896564,40140133,,SPOT,0,2
258896447,40140123,,SPOT,0,2
258896442,40140121,,SPOT,0,2
263533136,40904103,,SPOT,0,2
263533010,40141548,,SPOT,0,2
263533091,40141606,,SPOT,0,2
258907884,40142347,,SPOT,0,2
716733239,40141670,,SPOT,0,2
258896366,40140111,,SPOT,0,2
258907980,40142363,,SPOT,0,2
263533190,40904175,,SPOT,0,2
716733234,40141662,,SPOT,0,2
263534370,40142415,,SPOT,0,2
258907909,40142355,,SPOT,0,2
263533118,40904123,,SPOT,0,2
263533199,40904163,,SPOT,0,2
263857514,41130753,,SPOT,0,2
263534379,40142407,,SPOT,0,2
258896520,40140127,,SPOT,0,2
258896408,40232269,,SPOT,0,2
627235800,40183660,,SPOT,0,2
263532974,40904015,,SPOT,0,2
699623269,40142287,,SPOT,0,2
258896581,40140139,,SPOT,0,2
263532857,40141692,,SPOT,0,2
627235905,40140141,,SPOT,0,2
258896287,40140103,,SPOT,0,2
274925126,40140147,,SPOT,0,2
263534297,40142331,,SPOT,0,2
263904553,41171761,,SPOT,0,2
399146169,40142421,,SPOT,0,2
263532839,40142309,,SPOT,0,2
263534397,40904895,,SPOT,0,2
263534315,40904875,,SPOT,0,2
258896388,40140113,,SPOT,0,2
263532893,40141656,,SPOT,0,2
263532938,40904039,,SPOT,0,2
263879215,41047404,,SPOT,0,2
263532992,40904011,,SPOT,0,2
263532911,40141630,,SPOT,0,2
699646124,40141644,,SPOT,0,2
699603587,40141504,,SPOT,0,2
258907671,40142291,,SPOT,0,2
699646024,40141658,,SPOT,0,2
258907775,40142321,,SPOT,0,2
699624267,40141538,,SPOT,0,2
258904671,40141682,,SPOT,0,2
258904676,40141684,,SPOT,0,2
699645148,40141664,,SPOT,0,2
261180494,41159815,,SPOT,0,2
258907750,40142315,,SPOT,0,2
258904654,40141678,,SPOT,0,2
258904659,40141680,,SPOT,0,2
699625681,40141572,,SPOT,0,2
258904750,40141704,,SPOT,0,2
699644088,40141598,,SPOT,0,2
263682370,40141702,,SPOT,0,2
258907696,40142301,,SPOT,0,2
630011497,370254458,,SPOT,0,2
258904454,40141622,,SPOT,0,2
258904459,40141626,,SPOT,0,2
258904730,40141696,,SPOT,0,2
258904271,40141586,,SPOT,0,2
699624124,40141520,,SPOT,0,2
258907711,40142307,,SPOT,0,2
258904735,40141698,,SPOT,0,2
258904551,40141652,,SPOT,0,2
258904556,40141654,,SPOT,0,2
699625382,40141616,,SPOT,0,2
258904434,40141618,,SPOT,0,2
699625126,40141576,,SPOT,0,2
258904439,40141620,,SPOT,0,2
260761271,40904131,,SPOT,0,2
615970337,40142323,,SPOT,0,2
260761276,40904135,,SPOT,0,2
258904078,40141536,,SPOT,0,2
258904353,40141628,,SPOT,0,2
258904491,40141634,,SPOT,0,2
699625108,40141574,,SPOT,0,2
258904414,40141612,,SPOT,0,2
258904419,40141614,,SPOT,0,2
260761251,40904119,,SPOT,0,2
615970396,40142327,,SPOT,0,2
615970395,40142325,,SPOT,0,2
258903876,40141498,,SPOT,0,2
258904179,40141566,,SPOT,0,2
258904516,40141642,,SPOT,0,2
258904058,40141530,,SPOT,0,2
260761074,40904007,,SPOT,0,2
258904331,40141602,,SPOT,0,2
258904291,40141592,,SPOT,0,2
263682010,40141514,,SPOT,0,2
260761236,40904107,,SPOT,0,2
258903851,40141494,,SPOT,0,2
258904159,40141562,,SPOT,0,2

[CUSTOMER LOADS]
FORMAT_CUSTOMERLOADS=SectionID,DeviceNumber,LoadType,CustomerNumber,CustomerType,ConnectionStatus,LockDuringLoadAllocation,Year,LoadModelID,NormalPriority,EmergencyPriority,ValueType,LoadPhase,Value1,Value2,ConnectedKVA,KWH,NumberOfCustomer,CenterTapPercent,CenterTapPercent2,LoadValue1N1,LoadValue1N2,LoadValue2N1,LoadValue2N2
258904311,40141596,SPOT,40141596,Residential,0,0,2014,1,0,0,0,B,16.985982,3.335972,50.000000,70.000000,7.000000,,,,,,
260761331,40904171,SPOT,40904171,Commercial,0,0,2014,1,0,0,0,A,59.837962,11.666028,167.000000,225.000000,35.000000,,,,,,
258904399,40141608,SPOT,40141608,Residential,0,0,2014,1,0,0,0,A,17.915557,3.492823,50.000000,45.000000,5.000000,,,,,,
258904130,40141552,SPOT,40141552,Commercial,0,0,2014,1,0,0,0,C,28.909161,6.680853,100.000000,62.520000,11.000000,,,,,,
258904135,40141554,SPOT,40141554,Residential,0,0,2014,1,0,0,0,B,33.971964,6.671944,100.000000,39.000000,5.000000,,,,,,
258908433,40142443,SPOT,40142443,Residential,0,0,2014,1,0,0,0,C,7.227290,1.670213,25.000000,45.000000,4.000000,,,,,,
260761151,40904051,SPOT,40904051,Commercial,0,0,2014,1,0,0,0,C,28.909161,6.680853,100.000000,66.010000,15.000000,,,,,,
260761156,40904055,SPOT,40904055,Residential,0,0,2014,1,0,0,0,C,28.909161,6.680853,100.000000,84.000000,16.000000,,,,,,
258904093,40141540,SPOT,40141540,Residential,0,0,2014,1,0,0,0,B,8.492991,1.667986,25.000000,57.000000,6.000000,,,,,,
260761296,40904147,SPOT,40904147,Commercial,0,0,2014,1,0,0,0,C,28.909161,6.680853,100.000000,96.000000,11.000000,,,,,,
258904013,40141524,SPOT,40141524,Residential,0,0,2014,1,0,0,0,B,8.492991,1.667986,25.000000,85.000000,7.000000,,,,,,
699645828,40141676,SPOT,40141676,Residential,0,0,2014,1,0,0,0,C,7.227290,1.670213,25.000000,43.000000,5.000000,,,,,,
263530741,40142349,SPOT,40142349,Residential,0,0,2014,1,0,0,0,C,7.227290,1.670213,25.000000,18.000000,2.000000,,,,,,
258908378,40142431,SPOT,40142431,Residential,0,0,2014,1,0,0,0,A,17.915557,3.492823,50.000000,114.000000,10.000000,,,,,,
258904018,40141516,SPOT,40141516,Residential,0,0,2014,1,0,0,0,B,16.985982,3.335972,50.000000,82.000000,7.000000,,,,,,
258904098,40141542,SPOT,40141542,Residential,0,0,2014,1,0,0,0,B,8.492991,1.667986,25.000000,44.000000,4.000000,,,,,,
699645908,40141646,SPOT,40141646,Commercial,0,0,2014,1,0,0,0,A,17.915557,3.492823,50.000000,94.520000,8.000000,,,,,,
260761311,40904159,SPOT,40904159,Commercial,0,0,2014,1,0,0,0,B,56.733180,11.142146,167.000000,70.000000,11.000000,,,,,,
258908074,40142379,SPOT,40142379,Residential,0,0,2014,1,0,0,0,A,17.915557,3.492823,50.000000,70.000000,8.000000,,,,,,
258908079,40142385,SPOT,40142385,Residential,0,0,2014,1,0,0,0,A,17.915557,3.492823,50.000000,118.000000,12.000000,,,,,,
260760191,40903387,SPOT,40903387,Commercial,0,1,2014,1,0,0,1,A,159.300000,85.000000,250.000000,159.300000,11.000000,,,,,,
260760191,40903387,SPOT,40903387,Commercial,0,1,2014,1,0,0,1,B,159.300000,85.000000,250.000000,159.300000,0.000000,,,,,,
260760191,40903387,SPOT,40903387,Commercial,0,1,2014,1,0,0,1,C,159.300000,85.000000,250.000000,159.300000,0.000000,,,,,,
261302049,41229419,SPOT,41229419,Commercial,0,0,2014,1,0,0,0,B,25.478973,5.003958,75.000000,114.000000,17.000000,,,,,,
263991396,40141688,SPOT,40141688,Residential,0,0,2014,1,0,0,0,C,7.227290,1.670213,25.000000,36.000000,4.000000,,,,,,
263530723,40903383,SPOT,40903383,Commercial,0,1,2014,1,0,0,1,A,36.930000,85.000000,166.700000,36.930000,2.000000,,,,,,
263530723,40903383,SPOT,40903383,Commercial,0,1,2014,1,0,0,1,B,36.930000,85.000000,166.700000,36.930000,0.000000,,,,,,
263530723,40903383,SPOT,40903383,Commercial,0,1,2014,1,0,0,1,C,36.930000,85.000000,166.700000,36.930000,0.000000,,,,,,
258908358,40142427,SPOT,40142427,Residential,0,0,2014,1,0,0,0,A,8.957779,1.746411,25.000000,24.000000,3.000000,,,,,,
258908418,40142439,SPOT,40142439,Residential,0,0,2014,1,0,0,0,C,7.227290,1.670213,25.000000,122.000000,11.000000,,,,,,
258903819,40141488,SPOT,40141488,Residential,0,0,2014,1,0,0,0,A,3.583111,0.698565,10.000000,0.000000,0.000000,,,,,,
260761094,40904019,SPOT,40904019,Residential,0,0,2014,1,0,0,0,A,59.837962,11.666028,167.000000,49.000000,7.000000,,,,,,
478673659,40142403,SPOT,40142403,Residential,0,0,2014,1,0,0,0,A,17.915557,3.492823,50.000000,35.000000,4.000000,,,,,,
263533244,40141706,SPOT,40141706,Residential,0,0,2014,1,0,0,0,B,16.985982,3.335972,50.000000,42.000000,4.000000,,,,,,
258908238,40142399,SPOT,40142399,Residential,0,0,2014,1,0,0,0,C,14.454581,3.340426,50.000000,89.000000,9.000000,,,,,,
263530687,40904879,SPOT,40904879,Commercial,0,0,2014,1,0,0,0,A,8.957779,1.746411,25.000000,75.000000,13.000000,,,,,,
260761119,40904035,SPOT,40904035,Residential,0,0,2014,1,0,0,0,C,28.909161,6.680853,100.000000,107.000000,12.000000,,,,,,
263533064,40141584,SPOT,40141584,Residential,0,0,2014,1,0,0,0,B,8.492991,1.667986,25.000000,51.000000,5.000000,,,,,,
258908059,40240971,SPOT,40240971,Commercial,0,0,2014,1,0,0,0,A,17.915557,3.492823,50.000000,24.800000,1.000000,,,,,,
258908059,40240971,SPOT,40240971,Commercial,0,0,2014,1,0,0,0,B,16.985982,3.335972,50.000000,24.800000,0.000000,,,,,,
258908059,40240971,SPOT,40240971,Commercial,0,0,2014,1,0,0,0,C,14.454581,3.340426,50.000000,24.800000,0.000000,,,,,,
617632356,40904091,SPOT,40904091,Residential,0,0,2014,1,0,0,0,B,16.985982,3.335972,50.000000,39.000000,5.000000,,,,,,
258908293,40142411,SPOT,40142411,Commercial,0,0,2014,1,0,0,0,B,16.985982,3.335972,50.000000,54.000000,7.000000,,,,,,
263533163,40141668,SPOT,40141668,Commercial,0,0,2014,1,0,0,0,C,7.227290,1.670213,25.000000,40.000000,7.000000,,,,,,
263530705,40903391,SPOT,40903391,Commercial,0,0,2014,1,0,0,0,A,17.915557,3.492823,50.000000,120.000000,18.000000,,,,,,
263533226,40141694,SPOT,40141694,Residential,0,0,2014,1,0,0,0,A,17.915557,3.492823,50.000000,20.000000,2.000000,,,,,,
263997299,41217642,SPOT,41217642,Commercial,0,0,2014,1,0,0,0,C,28.909161,6.680853,100.000000,180.000000,25.000000,,,,,,
258907852,40142339,SPOT,40142339,Residential,0,0,2014,1,0,0,0,A,5.374667,1.047847,15.000000,7.000000,1.000000,,,,,,
258908158,40142391,SPOT,40142391,Commercial,0,0,2014,1,0,0,0,B,8.492991,1.667986,25.000000,86.000000,7.000000,,,,,,
258908298,40142413,SPOT,40142413,Residential,0,0,2014,1,0,0,0,B,16.985982,3.335972,50.000000,78.000000,10.000000,,,,,,
263533046,40141564,SPOT,40141564,Residential,0,0,2014,1,0,0,0,A,35.831115,6.985646,100.000000,57.000000,6.000000,,,,,,
258908037,40142371,SPOT,40142371,Residential,0,0,2014,1,0,0,0,B,8.492991,1.667986,25.000000,113.000000,13.000000,,,,,,
258907953,40290923,SPOT,40290923,Commercial,0,0,2014,1,0,0,0,B,16.985982,3.335972,50.000000,3.000000,1.000000,,,,,,
258908318,40142417,SPOT,40142417,Commercial,0,0,2014,1,0,0,0,B,8.492991,1.667986,25.000000,102.000000,9.000000,,,,,,
258908398,40142435,SPOT,40142435,Residential,0,0,2014,1,0,0,0,A,8.957779,1.746411,25.000000,50.000000,5.000000,,,,,,
258908131,40142387,SPOT,40142387,Residential,0,0,2014,1,0,0,0,B,16.985982,3.335972,50.000000,123.000000,12.000000,,,,,,
258907832,40142333,SPOT,40142333,Residential,0,0,2014,1,0,0,0,B,16.985982,3.335972,50.000000,24.000000,3.000000,,,,,,
258908138,40142389,SPOT,40142389,Residential,0,0,2014,1,0,0,0,B,8.492991,1.667986,25.000000,38.000000,4.000000,,,,,,
263533208,40904155,SPOT,40904155,Commercial,0,0,2014,1,0,0,0,B,56.733180,11.142146,167.000000,103.000000,13.000000,,,,,,
258896576,40140135,SPOT,40140135,Residential,0,0,2014,1,0,0,0,A,3.583111,0.698565,10.000000,0.000000,0.000000,,,,,,
258896576,40140135,SPOT,40140135,Residential,0,0,2014,1,0,0,0,B,3.397196,0.667194,10.000000,0.000000,0.000000,,,,,,
258896576,40140135,SPOT,40140135,Residential,0,0,2014,1,0,0,0,C,2.890916,0.668085,10.000000,0.000000,0.000000,,,,,,
258908099,40142383,SPOT,40142383,Residential,0,0,2014,1,0,0,0,A,17.915557,3.492823,50.000000,180.000000,18.000000,,,,,,
258907933,40142359,SPOT,40142359,Commercial,0,0,2014,1,0,0,0,B,16.985982,3.335972,50.000000,84.000000,8.000000,,,,,,
258908191,40142395,SPOT,40142395,Residential,0,0,2014,1,0,0,0,A,8.957779,1.746411,25.000000,56.000000,6.000000,,,,,,
263533127,40904111,SPOT,40904111,Residential,0,0,2014,1,0,0,0,C,14.454581,3.340426,50.000000,25.000000,4.000000,,,,,,
258907812,40142329,SPOT,40142329,Residential,0,0,2014,1,0,0,0,A,17.915557,3.492823,50.000000,120.000000,11.000000,,,,,,
263533001,40904003,SPOT,40904003,Commercial,0,0,2014,1,0,0,0,B,56.733180,11.142146,167.000000,124.000000,17.000000,,,,,,
258907894,40142351,SPOT,40142351,Commercial,0,0,2014,1,0,0,0,C,14.454581,3.340426,50.000000,31.000000,3.000000,,,,,,
258907899,40142353,SPOT,40142353,Residential,0,0,2014,1,0,0,0,C,14.454581,3.340426,50.000000,39.000000,3.000000,,,,,,
258907990,40142365,SPOT,40142365,Residential,0,0,2014,1,0,0,0,B,8.492991,1.667986,25.000000,32.000000,3.000000,,,,,,
258907916,40142357,SPOT,40142357,Residential,0,0,2014,1,0,0,0,A,8.957779,1.746411,25.000000,38.000000,3.000000,,,,,,
263533100,40904047,SPOT,40904047,Commercial,0,1,2014,1,0,0,1,A,75.610000,85.000000,166.700000,75.610000,3.000000,,,,,,
263533100,40904047,SPOT,40904047,Commercial,0,1,2014,1,0,0,1,B,75.610000,85.000000,166.700000,75.610000,0.000000,,,,,,
263533100,40904047,SPOT,40904047,Commercial,0,1,2014,1,0,0,1,C,75.610000,85.000000,166.700000,75.610000,0.000000,,,,,,
258896435,40140119,SPOT,40140119,Commercial,0,0,2014,1,0,0,0,C,14.454581,3.340426,50.000000,38.000000,7.000000,,,,,,
258907995,40142367,SPOT,40142367,Residential,0,0,2014,1,0,0,0,B,8.492991,1.667986,25.000000,53.000000,6.000000,,,,,,
263533109,40904043,SPOT,40904043,Commercial,0,1,2014,1,0,0,1,A,26.670000,85.000000,100.000000,26.670000,2.000000,,,,,,
263533109,40904043,SPOT,40904043,Commercial,0,1,2014,1,0,0,1,B,26.670000,85.000000,100.000000,26.670000,0.000000,,,,,,
263533109,40904043,SPOT,40904043,Commercial,0,1,2014,1,0,0,1,C,26.670000,85.000000,100.000000,26.670000,0.000000,,,,,,
627235850,40140151,SPOT,40140151,Commercial,0,0,2014,1,0,0,0,B,8.492991,1.667986,25.000000,0.000000,2.000000,,,,,,
258896537,40140129,SPOT,40140129,Commercial,0,0,2014,1,0,0,0,A,26.873336,5.239234,75.000000,16.240000,3.000000,,,,,,
258896537,40140129,SPOT,40140129,Commercial,0,0,2014,1,0,0,0,B,25.478973,5.003958,75.000000,16.240000,0.000000,,,,,,
258896537,40140129,SPOT,40140129,Commercial,0,0,2014,1,0,0,0,C,21.681871,5.010640,75.000000,16.240000,0.000000,,,,,,
258896532,40140131,SPOT,40140131,Commercial,0,0,2014,1,0,0,0,A,17.915557,3.492823,50.000000,19.600000,1.000000,,,,,,
258896532,40140131,SPOT,40140131,Commercial,0,0,2014,1,0,0,0,B,16.985982,3.335972,50.000000,19.600000,0.000000,,,,,,
258896532,40140131,SPOT,40140131,Commercial,0,0,2014,1,0,0,0,C,14.454581,3.340426,50.000000,19.600000,0.000000,,,,,,
263534343,40904887,SPOT,40904887,Commercial,0,1,2014,1,0,0,1,A,182.000000,85.000000,250.000000,182.000000,1.000000,,,,,,
263534343,40904887,SPOT,40904887,Commercial,0,1,2014,1,0,0,1,B,182.000000,85.000000,250.000000,182.000000,0.000000,,,,,,
263534343,40904887,SPOT,40904887,Commercial,0,1,2014,1,0,0,1,C,182.000000,85.000000,250.000000,182.000000,0.000000,,,,,,
258896413,40140117,SPOT,40140117,Residential,0,0,2014,1,0,0,0,C,7.227290,1.670213,25.000000,86.000000,9.000000,,,,,,
263534406,40904891,SPOT,40904891,Commercial,0,0,2014,1,0,0,0,A,17.915557,3.492823,50.000000,9.733000,1.000000,,,,,,
263534406,40904891,SPOT,40904891,Commercial,0,0,2014,1,0,0,0,B,16.985982,3.335972,50.000000,9.733000,0.000000,,,,,,
263534406,40904891,SPOT,40904891,Commercial,0,0,2014,1,0,0,0,C,14.454581,3.340426,50.000000,9.733000,0.000000,,,,,,
263974100,40278353,SPOT,40278353,Residential,0,0,2014,1,0,0,0,C,21.681871,5.010640,75.000000,0.000000,0.000000,,,,,,
263532965,40904023,SPOT,40904023,Commercial,0,0,2014,1,0,0,0,B,56.733180,11.142146,167.000000,199.000000,25.000000,,,,,,
258896591,40140143,SPOT,40140143,Commercial,0,0,2014,1,0,0,0,A,3.583111,0.698565,10.000000,8.533000,1.000000,,,,,,
258896591,40140143,SPOT,40140143,Commercial,0,0,2014,1,0,0,0,B,3.397196,0.667194,10.000000,8.533000,0.000000,,,,,,
258896591,40140143,SPOT,40140143,Commercial,0,0,2014,1,0,0,0,C,2.890916,0.668085,10.000000,8.533000,0.000000,,,,,,
263532848,40142299,SPOT,40142299,Commercial,0,0,2014,1,0,0,0,C,14.454581,3.340426,50.000000,52.000000,6.000000,,,,,,
263681992,40142293,SPOT,40142293,Residential,0,0,2014,1,0,0,0,B,16.985982,3.335972,50.000000,52.000000,4.000000,,,,,,
263532947,40904031,SPOT,40904031,Commercial,0,0,2014,1,0,0,0,C,48.278300,11.157024,167.000000,96.790000,12.000000,,,,,,
258896299,40140105,SPOT,40140105,Commercial,0,0,2014,1,0,0,0,B,8.492991,1.667986,25.000000,89.000000,10.000000,,,,,,
258896393,40140115,SPOT,40140115,Residential,0,0,2014,1,0,0,0,B,8.492991,1.667986,25.000000,29.000000,5.000000,,,,,,
263534306,40142345,SPOT,40142345,Residential,0,0,2014,1,0,0,0,B,16.985982,3.335972,50.000000,70.000000,7.000000,,,,,,
263532920,40904067,SPOT,40904067,Commercial,0,0,2014,1,0,0,0,A,17.915557,3.492823,50.000000,45.000000,6.000000,,,,,,
263534388,40142425,SPOT,40142425,Residential,0,0,2014,1,0,0,0,A,8.957779,1.746411,25.000000,21.000000,3.000000,,,,,,
263532902,40298918,SPOT,40298918,Residential,0,0,2014,1,0,0,0,A,5.374667,1.047847,15.000000,12.000000,1.000000,,,,,,
263532983,40141502,SPOT,40141502,Commercial,0,0,2014,1,0,0,0,A,35.831115,6.985646,100.000000,61.000000,9.000000,,,,,,
699603610,40141568,SPOT,40141568,Residential,0,0,2014,1,0,0,0,B,8.492991,1.667986,25.000000,66.000000,5.000000,,,,,,
699624652,40141534,SPOT,40141534,Residential,0,0,2014,1,0,0,0,C,7.227290,1.670213,25.000000,32.000000,3.000000,,,,,,
699624738,40141532,SPOT,40141532,Residential,0,0,2014,1,0,0,0,C,14.454581,3.340426,50.000000,26.000000,2.000000,,,,,,
699623291,40142289,SPOT,40142289,Residential,0,0,2014,1,0,0,0,B,16.985982,3.335972,50.000000,22.000000,2.000000,,,,,,
699646219,40141640,SPOT,40141640,Residential,0,0,2014,1,0,0,0,C,7.227290,1.670213,25.000000,15.000000,1.000000,,,,,,
699623114,40141690,SPOT,40141690,Residential,0,0,2014,1,0,0,0,C,14.454581,3.340426,50.000000,30.000000,4.000000,,,,,,
699624374,40141546,SPOT,40141546,Residential,0,0,2014,1,0,0,0,B,16.985982,3.335972,50.000000,82.000000,9.000000,,,,,,
633960134,367231750,SPOT,367231750,Commercial,0,0,2014,1,0,0,0,A,26.873336,5.239234,75.000000,11.870000,1.000000,,,,,,
633960134,367231750,SPOT,367231750,Commercial,0,0,2014,1,0,0,0,B,25.478973,5.003958,75.000000,11.870000,0.000000,,,,,,
633960134,367231750,SPOT,367231750,Commercial,0,0,2014,1,0,0,0,C,21.681871,5.010640,75.000000,11.870000,0.000000,,,,,,
258907760,40142317,SPOT,40142317,Residential,0,0,2014,1,0,0,0,B,8.492991,1.667986,25.000000,31.000000,3.000000,,,,,,
258907765,40142319,SPOT,40142319,Residential,0,0,2014,1,0,0,0,B,8.492991,1.667986,25.000000,9.000000,1.000000,,,,,,
260762260,40904883,SPOT,40904883,Commercial,0,0,2014,1,0,0,0,A,17.915557,3.492823,50.000000,169.000000,26.000000,,,,,,
699625175,40141580,SPOT,40141580,Residential,0,0,2014,1,0,0,0,A,17.915557,3.492823,50.000000,105.000000,10.000000,,,,,,
258904760,40141708,SPOT,40141708,Residential,0,0,2014,1,0,0,0,B,16.985982,3.335972,50.000000,66.460000,7.000000,,,,,,
258907740,40142313,SPOT,40142313,Residential,0,0,2014,1,0,0,0,C,14.454581,3.340426,50.000000,59.000000,7.000000,,,,,,
258904765,40141710,SPOT,40141710,Residential,0,0,2014,1,0,0,0,B,16.985982,3.335972,50.000000,79.000000,7.000000,,,,,,
258904644,40141674,SPOT,40141674,Commercial,0,0,2014,1,0,0,0,C,14.454581,3.340426,50.000000,49.780000,6.000000,,,,,,
258904740,40141700,SPOT,40141700,Residential,0,0,2014,1,0,0,0,B,16.985982,3.335972,50.000000,54.000000,5.000000,,,,,,
258907723,40142311,SPOT,40142311,Commercial,0,0,2014,1,0,0,0,C,7.227290,1.670213,25.000000,52.000000,5.000000,,,,,,
699643894,40141588,SPOT,40141588,Residential,0,0,2014,1,0,0,0,B,16.985982,3.335972,50.000000,92.000000,10.000000,,,,,,
258907681,40142295,SPOT,40142295,Commercial,0,0,2014,1,0,0,0,B,16.985982,3.335972,50.000000,34.000000,5.000000,,,,,,
258907686,40142297,SPOT,40142297,Residential,0,0,2014,1,0,0,0,B,16.985982,3.335972,50.000000,43.000000,5.000000,,,,,,
466941356,40140125,SPOT,40140125,Residential,0,0,2014,1,0,0,0,A,8.957779,1.746411,25.000000,35.000000,3.000000,,,,,,
258907701,40142303,SPOT,40142303,Residential,0,0,2014,1,0,0,0,C,7.227290,1.670213,25.000000,49.000000,5.000000,,,,,,
258907706,40142305,SPOT,40142305,Residential,0,0,2014,1,0,0,0,C,7.227290,1.670213,25.000000,46.000000,5.000000,,,,,,
260761266,40904127,SPOT,40904127,Residential,0,0,2014,1,0,0,0,C,14.454581,3.340426,50.000000,60.000000,7.000000,,,,,,
258904546,40141650,SPOT,40141650,Residential,0,0,2014,1,0,0,0,A,8.957779,1.746411,25.000000,22.000000,2.000000,,,,,,
258904686,40141686,SPOT,40141686,Residential,0,0,2014,1,0,0,0,C,14.454581,3.340426,50.000000,40.000000,3.000000,,,,,,
699624095,40141518,SPOT,40141518,Residential,0,0,2014,1,0,0,0,B,16.985982,3.335972,50.000000,42.000000,4.000000,,,,,,
258904246,40141578,SPOT,40141578,Residential,0,0,2014,1,0,0,0,A,17.915557,3.492823,50.000000,95.000000,8.000000,,,,,,
258904787,40142285,SPOT,40142285,Residential,0,0,2014,1,0,0,0,B,16.985982,3.335972,50.000000,38.000000,3.000000,,,,,,
260761246,40904115,SPOT,40904115,Commercial,0,0,2014,1,0,0,0,C,14.454581,3.340426,50.000000,40.000000,5.000000,,,,,,
699625097,40141582,SPOT,40141582,Residential,0,0,2014,1,0,0,0,A,17.915557,3.492823,50.000000,80.000000,9.000000,,,,,,
258904486,40141632,SPOT,40141632,Residential,0,0,2014,1,0,0,0,C,7.227290,1.670213,25.000000,47.000000,3.000000,,,,,,
258904404,40141624,SPOT,40141624,Commercial,0,0,2014,1,0,0,0,A,17.915557,3.492823,50.000000,77.000000,8.000000,,,,,,
699645957,40141648,SPOT,40141648,Residential,0,0,2014,1,0,0,0,A,17.915557,3.492823,50.000000,28.000000,2.000000,,,,,,
260761346,40904179,SPOT,40904179,Commercial,0,0,2014,1,0,0,0,A,59.837962,11.666028,167.000000,292.000000,47.000000,,,,,,
258904409,40141610,SPOT,40141610,Commercial,0,0,2014,1,0,0,0,A,26.873336,5.239234,75.000000,179.000000,22.000000,,,,,,
699603855,40141490,SPOT,40141490,Commercial,0,0,2014,1,0,0,0,A,8.957779,1.746411,25.000000,26.270000,1.000000,,,,,,
699603855,40141490,SPOT,40141490,Commercial,0,0,2014,1,0,0,0,B,8.492991,1.667986,25.000000,26.270000,0.000000,,,,,,
699603855,40141490,SPOT,40141490,Commercial,0,0,2014,1,0,0,0,C,7.227290,1.670213,25.000000,26.270000,0.000000,,,,,,
263682001,40141712,SPOT,40141712,Residential,0,0,2014,1,0,0,0,B,8.492991,1.667986,25.000000,16.000000,2.000000,,,,,,
258904164,40141558,SPOT,40141558,Residential,0,0,2014,1,0,0,0,C,14.454581,3.340426,50.000000,87.000000,14.000000,,,,,,
260761221,40904095,SPOT,40904095,Residential,0,0,2014,1,0,0,0,B,16.985982,3.335972,50.000000,25.000000,4.000000,,,,,,
260761166,40904063,SPOT,40904063,Commercial,0,0,2014,1,0,0,0,B,33.971964,6.671944,100.000000,151.000000,20.000000,,,,,,
260761226,40904099,SPOT,40904099,Residential,0,0,2014,1,0,0,0,B,16.985982,3.335972,50.000000,29.000000,3.000000,,,,,,
258904169,40141560,SPOT,40141560,Residential,0,0,2014,1,0,0,0,C,14.454581,3.340426,50.000000,0.000000,0.000000,,,,,,
258908467,40142445,SPOT,40142445,Residential,0,0,2014,1,0,0,0,B,16.985982,3.335972,50.000000,0.000000,0.000000,,,,,,
258904048,40141522,SPOT,40141522,Residential,0,0,2014,1,0,0,0,B,16.985982,3.335972,50.000000,152.000000,9.000000,,,,,,
637684626,40142335,SPOT,40142335,Commercial,0,0,2014,1,0,0,0,B,25.478973,5.003958,75.000000,110.000000,10.000000,,,,,,
258904326,40141600,SPOT,40141600,Residential,0,0,2014,1,0,0,0,B,8.492991,1.667986,25.000000,22.000000,3.000000,,,,,,
258903963,40141506,SPOT,40141506,Commercial,0,0,2014,1,0,0,0,A,17.915557,3.492823,50.000000,9.813000,2.000000,,,,,,
258903963,40141506,SPOT,40141506,Commercial,0,0,2014,1,0,0,0,B,16.985982,3.335972,50.000000,9.813000,0.000000,,,,,,
258903963,40141506,SPOT,40141506,Commercial,0,0,2014,1,0,0,0,C,14.454581,3.340426,50.000000,9.813000,0.000000,,,,,,
261245658,41198489,SPOT,41198489,Commercial,0,0,2014,1,0,0,0,B,16.985982,3.335972,50.000000,80.000000,9.000000,,,,,,
258904140,40141556,SPOT,40141556,Residential,0,0,2014,1,0,0,0,C,48.278300,11.157024,167.000000,155.000000,22.000000,,,,,,
258904281,40141590,SPOT,40141590,Residential,0,0,2014,1,0,0,0,B,8.492991,1.667986,25.000000,50.000000,6.000000,,,,,,
260761281,40904139,SPOT,40904139,Commercial,0,0,2014,1,0,0,0,C,48.278300,11.157024,167.000000,87.000000,13.000000,,,,,,
260761201,40904083,SPOT,40904083,Residential,0,0,2014,1,0,0,0,B,16.985982,3.335972,50.000000,0.000000,0.000000,,,,,,
261245653,41198485,SPOT,41198485,Commercial,0,0,2014,1,0,0,0,B,16.985982,3.335972,50.000000,67.000000,10.000000,,,,,,
260761206,40904087,SPOT,40904087,Residential,0,0,2014,1,0,0,0,B,16.985982,3.335972,50.000000,60.000000,7.000000,,,,,,
258903841,40141672,SPOT,40141672,Commercial,0,0,2014,1,0,0,0,A,8.957779,1.746411,25.000000,13.360000,2.000000,,,,,,
258903841,40141672,SPOT,40141672,Commercial,0,0,2014,1,0,0,0,B,8.492991,1.667986,25.000000,13.360000,0.000000,,,,,,
258903841,40141672,SPOT,40141672,Commercial,0,0,2014,1,0,0,0,C,7.227290,1.670213,25.000000,13.360000,0.000000,,,,,,
258904301,40141594,SPOT,40141594,Residential,0,0,2014,1,0,0,0,B,16.985982,3.335972,50.000000,78.000000,6.000000,,,,,,
258904384,40141604,SPOT,40141604,Commercial,0,0,2014,1,0,0,0,B,33.971964,6.671944,100.000000,144.000000,15.000000,,,,,,
260761301,40904151,SPOT,40904151,Commercial,0,0,2014,1,0,0,0,C,48.278300,11.157024,167.000000,99.000000,14.000000,,,,,,
258904123,40141550,SPOT,40141550,Residential,0,0,2014,1,0,0,0,A,35.831115,6.985646,100.000000,76.000000,12.000000,,,,,,
699624857,40141508,SPOT,40141508,Residential,0,0,2014,1,0,0,0,C,14.454581,3.340426,50.000000,99.000000,8.000000,,,,,,
258908363,40142429,SPOT,40142429,Residential,0,0,2014,1,0,0,0,A,8.957779,1.746411,25.000000,41.000000,4.000000,,,,,,
258904003,40141526,SPOT,40141526,Residential,0,0,2014,1,0,0,0,A,3.583111,0.698565,10.000000,3.667000,1.000000,,,,,,
258904003,40141526,SPOT,40141526,Residential,0,0,2014,1,0,0,0,B,3.397196,0.667194,10.000000,3.667000,0.000000,,,,,,
258904003,40141526,SPOT,40141526,Residential,0,0,2014,1,0,0,0,C,2.890916,0.668085,10.000000,3.667000,0.000000,,,,,,
263530750,40142343,SPOT,40142343,Commercial,0,0,2014,1,0,0,0,A,17.915557,3.492823,50.000000,32.130000,1.000000,,,,,,
263530750,40142343,SPOT,40142343,Commercial,0,0,2014,1,0,0,0,B,16.985982,3.335972,50.000000,32.130000,0.000000,,,,,,
263530750,40142343,SPOT,40142343,Commercial,0,0,2014,1,0,0,0,C,14.454581,3.340426,50.000000,32.130000,0.000000,,,,,,
258908428,40142441,SPOT,40142441,Residential,0,0,2014,1,0,0,0,C,7.227290,1.670213,25.000000,25.000000,4.000000,,,,,,
704839483,40904143,SPOT,40904143,Commercial,0,0,2014,1,0,0,0,C,48.278300,11.157024,167.000000,220.000000,26.000000,,,,,,
258908248,40142401,SPOT,40142401,Commercial,0,0,2014,1,0,0,0,C,7.227290,1.670213,25.000000,33.000000,5.000000,,,,,,
258904103,40141544,SPOT,40141544,Residential,0,0,2014,1,0,0,0,B,8.492991,1.667986,25.000000,33.000000,3.000000,,,,,,
258908064,40142377,SPOT,40142377,Commercial,0,0,2014,1,0,0,0,B,3.397196,0.667194,10.000000,0.000000,0.000000,,,,,,
699624835,40141510,SPOT,40141510,Residential,0,0,2014,1,0,0,0,C,14.454581,3.340426,50.000000,76.000000,7.000000,,,,,,
260761181,40904071,SPOT,40904071,Commercial,0,0,2014,1,0,0,0,A,17.915557,3.492823,50.000000,59.000000,7.000000,,,,,,
258903928,40141500,SPOT,40141500,Commercial,0,0,2014,1,0,0,0,C,7.227290,1.670213,25.000000,3.000000,3.000000,,,,,,
260761186,40904075,SPOT,40904075,Commercial,0,0,2014,1,0,0,0,A,17.915557,3.492823,50.000000,14.200000,1.000000,,,,,,
258908487,40142447,SPOT,40142447,Residential,0,0,2014,1,0,0,0,B,8.492991,1.667986,25.000000,17.000000,2.000000,,,,,,
260761104,40904027,SPOT,40904027,Residential,0,0,2014,1,0,0,0,B,56.733180,11.142146,167.000000,206.000000,27.000000,,,,,,
258903886,40141496,SPOT,40141496,Commercial,0,0,2014,1,0,0,0,A,26.873336,5.239234,75.000000,27.070000,2.000000,,,,,,
258903886,40141496,SPOT,40141496,Commercial,0,0,2014,1,0,0,0,B,25.478973,5.003958,75.000000,27.070000,0.000000,,,,,,
258903886,40141496,SPOT,40141496,Commercial,0,0,2014,1,0,0,0,C,21.681871,5.010640,75.000000,27.070000,0.000000,,,,,,
471790416,40141666,SPOT,40141666,Commercial,0,0,2014,1,0,0,0,A,8.957779,1.746411,25.000000,20.670000,1.000000,,,,,,
471790416,40141666,SPOT,40141666,Commercial,0,0,2014,1,0,0,0,B,8.492991,1.667986,25.000000,20.670000,0.000000,,,,,,
471790416,40141666,SPOT,40141666,Commercial,0,0,2014,1,0,0,0,C,7.227290,1.670213,25.000000,20.670000,0.000000,,,,,,
263530732,40140153,SPOT,40140153,Commercial,0,0,2014,1,0,0,0,A,8.957779,1.746411,25.000000,4.213000,2.000000,,,,,,
263530732,40140153,SPOT,40140153,Commercial,0,0,2014,1,0,0,0,B,8.492991,1.667986,25.000000,4.213000,0.000000,,,,,,
263530732,40140153,SPOT,40140153,Commercial,0,0,2014,1,0,0,0,C,7.227290,1.670213,25.000000,4.213000,0.000000,,,,,,
471790415,165971719,SPOT,165971719,Commercial,0,0,2014,1,0,0,0,A,8.957779,1.746411,25.000000,8.533000,1.000000,,,,,,
471790415,165971719,SPOT,165971719,Commercial,0,0,2014,1,0,0,0,B,8.492991,1.667986,25.000000,8.533000,0.000000,,,,,,
471790415,165971719,SPOT,165971719,Commercial,0,0,2014,1,0,0,0,C,7.227290,1.670213,25.000000,8.533000,0.000000,,,,,,
258908223,40142405,SPOT,40142405,Commercial,0,0,2014,1,0,0,0,A,8.957779,1.746411,25.000000,29.000000,3.000000,,,,,,
258908408,40142437,SPOT,40142437,Residential,0,0,2014,1,0,0,0,A,17.915557,3.492823,50.000000,20.000000,3.000000,,,,,,
259381734,40250065,SPOT,40250065,Residential,0,0,2014,1,0,0,0,A,5.374667,1.047847,15.000000,0.000000,0.000000,,,,,,
699624910,40141570,SPOT,40141570,Commercial,0,0,2014,1,0,0,0,B,8.492991,1.667986,25.000000,35.000000,4.000000,,,,,,
258907862,40142341,SPOT,40142341,Residential,0,0,2014,1,0,0,0,A,17.915557,3.492823,50.000000,124.000000,12.000000,,,,,,
261302054,41229423,SPOT,41229423,Commercial,0,0,2014,1,0,0,0,B,25.478973,5.003958,75.000000,121.000000,17.000000,,,,,,
258908042,40142373,SPOT,40142373,Commercial,0,0,2014,1,0,0,0,B,8.492991,1.667986,25.000000,2.000000,1.000000,,,,,,
699624817,40141512,SPOT,40141512,Residential,0,0,2014,1,0,0,0,C,14.454581,3.340426,50.000000,72.000000,7.000000,,,,,,
258908049,40142375,SPOT,40142375,Commercial,0,0,2014,1,0,0,0,A,17.915557,3.492823,50.000000,0.000000,0.000000,,,,,,
258908283,40142409,SPOT,40142409,Residential,0,0,2014,1,0,0,0,B,16.985982,3.335972,50.000000,59.000000,8.000000,,,,,,
617632322,40904079,SPOT,40904079,Residential,0,0,2014,1,0,0,0,B,16.985982,3.335972,50.000000,12.000000,2.000000,,,,,,
258908328,40142419,SPOT,40142419,Residential,0,0,2014,1,0,0,0,B,16.985982,3.335972,50.000000,117.000000,11.000000,,,,,,
258908206,40142397,SPOT,40142397,Residential,0,0,2014,1,0,0,0,C,14.454581,3.340426,50.000000,80.000000,8.000000,,,,,,
263533235,40904871,SPOT,40904871,Commercial,0,0,2014,1,0,0,0,A,17.915557,3.492823,50.000000,26.670000,1.000000,,,,,,
263533235,40904871,SPOT,40904871,Commercial,0,0,2014,1,0,0,0,B,16.985982,3.335972,50.000000,26.670000,0.000000,,,,,,
263533235,40904871,SPOT,40904871,Commercial,0,0,2014,1,0,0,0,C,14.454581,3.340426,50.000000,26.670000,0.000000,,,,,,
258908148,40142393,SPOT,40142393,Residential,0,0,2014,1,0,0,0,B,16.985982,3.335972,50.000000,74.000000,9.000000,,,,,,
263533055,40904059,SPOT,40904059,Commercial,0,0,2014,1,0,0,0,B,33.971964,6.671944,100.000000,89.840000,18.000000,,,,,,
258896645,40140155,SPOT,40140155,Residential,0,0,2014,1,0,0,0,A,17.915557,3.492823,50.000000,0.000000,0.000000,,,,,,
617632389,40141638,SPOT,40141638,Residential,0,0,2014,1,0,0,0,C,7.227290,1.670213,25.000000,22.000000,2.000000,,,,,,
617632388,40141636,SPOT,40141636,Residential,0,0,2014,1,0,0,0,C,7.227290,1.670213,25.000000,14.000000,2.000000,,,,,,
258907943,40142361,SPOT,40142361,Residential,0,0,2014,1,0,0,0,C,7.227290,1.670213,25.000000,82.000000,9.000000,,,,,,
258908388,40142433,SPOT,40142433,Residential,0,0,2014,1,0,0,0,A,8.957779,1.746411,25.000000,45.000000,4.000000,,,,,,
263681965,40142423,SPOT,40142423,Residential,0,0,2014,1,0,0,0,A,17.915557,3.492823,50.000000,42.000000,3.000000,,,,,,
263533217,40904167,SPOT,40904167,Residential,0,0,2014,1,0,0,0,A,59.837962,11.666028,167.000000,0.000000,0.000000,,,,,,
258907827,40142337,SPOT,40142337,Residential,0,0,2014,1,0,0,0,A,5.374667,1.047847,15.000000,6.000000,1.000000,,,,,,
263533037,40141528,SPOT,40141528,Commercial,0,0,2014,1,0,0,0,C,14.454581,3.340426,50.000000,94.050000,8.000000,,,,,,
258908005,40142369,SPOT,40142369,Residential,0,0,2014,1,0,0,0,B,16.985982,3.335972,50.000000,92.000000,9.000000,,,,,,
258908084,40142381,SPOT,40142381,Residential,0,0,2014,1,0,0,0,A,8.957779,1.746411,25.000000,33.000000,3.000000,,,,,,
258896564,40140133,SPOT,40140133,Commercial,0,0,2014,1,0,0,0,A,17.915557,3.492823,50.000000,46.270000,2.000000,,,,,,
258896564,40140133,SPOT,40140133,Commercial,0,0,2014,1,0,0,0,B,16.985982,3.335972,50.000000,46.270000,0.000000,,,,,,
258896564,40140133,SPOT,40140133,Commercial,0,0,2014,1,0,0,0,C,14.454581,3.340426,50.000000,46.270000,0.000000,,,,,,
258896447,40140123,SPOT,40140123,Residential,0,0,2014,1,0,0,0,C,14.454581,3.340426,50.000000,71.000000,6.000000,,,,,,
258896442,40140121,SPOT,40140121,Residential,0,0,2014,1,0,0,0,C,14.454581,3.340426,50.000000,98.000000,11.000000,,,,,,
263533136,40904103,SPOT,40904103,Residential,0,0,2014,1,0,0,0,A,17.915557,3.492823,50.000000,29.000000,3.000000,,,,,,
263533010,40141548,SPOT,40141548,Residential,0,0,2014,1,0,0,0,A,35.831115,6.985646,100.000000,26.000000,4.000000,,,,,,
263533091,40141606,SPOT,40141606,Residential,0,0,2014,1,0,0,0,A,8.957779,1.746411,25.000000,69.000000,9.000000,,,,,,
258907884,40142347,SPOT,40142347,Commercial,0,0,2014,1,0,0,0,B,16.985982,3.335972,50.000000,70.000000,8.000000,,,,,,
716733239,40141670,SPOT,40141670,Commercial,0,0,2014,1,0,0,0,A,26.873336,5.239234,75.000000,80.580000,5.000000,,,,,,
716733239,40141670,SPOT,40141670,Commercial,0,0,2014,1,0,0,0,B,25.478973,5.003958,75.000000,80.580000,0.000000,,,,,,
716733239,40141670,SPOT,40141670,Commercial,0,0,2014,1,0,0,0,C,21.681871,5.010640,75.000000,80.580000,0.000000,,,,,,
258896366,40140111,SPOT,40140111,Commercial,0,0,2014,1,0,0,0,C,14.454581,3.340426,50.000000,44.180000,5.000000,,,,,,
258907980,40142363,SPOT,40142363,Residential,0,0,2014,1,0,0,0,B,8.492991,1.667986,25.000000,48.000000,6.000000,,,,,,
263533190,40904175,SPOT,40904175,Commercial,0,0,2014,1,0,0,0,A,59.837962,11.666028,167.000000,66.000000,8.000000,,,,,,
716733234,40141662,SPOT,40141662,Commercial,0,0,2014,1,0,0,0,A,17.915557,3.492823,50.000000,28.160000,1.000000,,,,,,
263534370,40142415,SPOT,40142415,Commercial,0,0,2014,1,0,0,0,B,16.985982,3.335972,50.000000,76.000000,9.000000,,,,,,
258907909,40142355,SPOT,40142355,Residential,0,0,2014,1,0,0,0,B,16.985982,3.335972,50.000000,138.000000,13.000000,,,,,,
263533118,40904123,SPOT,40904123,Residential,0,0,2014,1,0,0,0,C,14.454581,3.340426,50.000000,49.000000,6.000000,,,,,,
263533199,40904163,SPOT,40904163,Commercial,0,0,2014,1,0,0,0,B,56.733180,11.142146,167.000000,103.000000,17.000000,,,,,,
263857514,41130753,SPOT,41130753,Residential,0,0,2014,1,0,0,0,C,48.278300,11.157024,167.000000,74.000000,8.000000,,,,,,
263534379,40142407,SPOT,40142407,Residential,0,0,2014,1,0,0,0,B,8.492991,1.667986,25.000000,72.000000,7.000000,,,,,,
258896520,40140127,SPOT,40140127,Commercial,0,0,2014,1,0,0,0,A,8.957779,1.746411,25.000000,10.400000,4.000000,,,,,,
258896408,40232269,SPOT,40232269,Residential,0,0,2014,1,0,0,0,A,17.915557,3.492823,50.000000,30.000000,2.000000,,,,,,
627235800,40183660,SPOT,40183660,Commercial,0,0,2014,1,0,0,0,A,8.957779,1.746411,25.000000,22.220000,2.000000,,,,,,
627235800,40183660,SPOT,40183660,Commercial,0,0,2014,1,0,0,0,B,8.492991,1.667986,25.000000,22.220000,0.000000,,,,,,
627235800,40183660,SPOT,40183660,Commercial,0,0,2014,1,0,0,0,C,7.227290,1.670213,25.000000,22.220000,0.000000,,,,,,
263532974,40904015,SPOT,40904015,Commercial,0,0,2014,1,0,0,0,A,59.837962,11.666028,167.000000,89.000000,13.000000,,,,,,
699623269,40142287,SPOT,40142287,Residential,0,0,2014,1,0,0,0,B,16.985982,3.335972,50.000000,27.000000,2.000000,,,,,,
258896581,40140139,SPOT,40140139,Commercial,0,0,2014,1,0,0,0,C,14.454581,3.340426,50.000000,24.000000,1.000000,,,,,,
263532857,40141692,SPOT,40141692,Commercial,0,0,2014,1,0,0,0,A,3.583111,0.698565,10.000000,6.667000,1.000000,,,,,,
263532857,40141692,SPOT,40141692,Commercial,0,0,2014,1,0,0,0,B,3.397196,0.667194,10.000000,6.667000,0.000000,,,,,,
263532857,40141692,SPOT,40141692,Commercial,0,0,2014,1,0,0,0,C,2.890916,0.668085,10.000000,6.667000,0.000000,,,,,,
627235905,40140141,SPOT,40140141,Commercial,0,0,2014,1,0,0,0,B,16.985982,3.335972,50.000000,20.000000,1.000000,,,,,,
258896287,40140103,SPOT,40140103,Commercial,0,0,2014,1,0,0,0,B,8.492991,1.667986,25.000000,65.000000,5.000000,,,,,,
274925126,40140147,SPOT,40140147,Commercial,0,0,2014,1,0,0,0,A,8.957779,1.746411,25.000000,4.180000,1.000000,,,,,,
274925126,40140147,SPOT,40140147,Commercial,0,0,2014,1,0,0,0,B,8.492991,1.667986,25.000000,4.180000,0.000000,,,,,,
274925126,40140147,SPOT,40140147,Commercial,0,0,2014,1,0,0,0,C,7.227290,1.670213,25.000000,4.180000,0.000000,,,,,,
263534297,40142331,SPOT,40142331,Residential,0,0,2014,1,0,0,0,A,8.957779,1.746411,25.000000,60.000000,5.000000,,,,,,
263904553,41171761,SPOT,41171761,Commercial,0,0,2014,1,0,0,0,B,16.985982,3.335972,50.000000,85.000000,12.000000,,,,,,
399146169,40142421,SPOT,40142421,Commercial,0,0,2014,1,0,0,0,B,16.985982,3.335972,50.000000,53.000000,5.000000,,,,,,
263532839,40142309,SPOT,40142309,Commercial,0,0,2014,1,0,0,0,A,8.957779,1.746411,25.000000,46.000000,5.000000,,,,,,
263534397,40904895,SPOT,40904895,Commercial,0,1,2014,1,0,0,1,A,95.360000,85.000000,333.300000,95.360000,1.000000,,,,,,
263534397,40904895,SPOT,40904895,Commercial,0,1,2014,1,0,0,1,B,95.360000,85.000000,333.300000,95.360000,0.000000,,,,,,
263534397,40904895,SPOT,40904895,Commercial,0,1,2014,1,0,0,1,C,95.360000,85.000000,333.300000,95.360000,0.000000,,,,,,
263534315,40904875,SPOT,40904875,Commercial,0,0,2014,1,0,0,0,A,26.873336,5.239234,75.000000,55.870000,2.000000,,,,,,
263534315,40904875,SPOT,40904875,Commercial,0,0,2014,1,0,0,0,B,25.478973,5.003958,75.000000,55.870000,0.000000,,,,,,
263534315,40904875,SPOT,40904875,Commercial,0,0,2014,1,0,0,0,C,21.681871,5.010640,75.000000,55.870000,0.000000,,,,,,
258896388,40140113,SPOT,40140113,Commercial,0,0,2014,1,0,0,0,C,14.454581,3.340426,50.000000,51.000000,6.000000,,,,,,
263532893,40141656,SPOT,40141656,Commercial,0,0,2014,1,0,0,0,A,17.915557,3.492823,50.000000,17.000000,8.000000,,,,,,
263532938,40904039,SPOT,40904039,Residential,0,0,2014,1,0,0,0,C,48.278300,11.157024,167.000000,118.000000,12.000000,,,,,,
263879215,41047404,SPOT,41047404,Residential,0,0,2014,1,0,0,0,C,28.909161,6.680853,100.000000,163.000000,22.000000,,,,,,
263532992,40904011,SPOT,40904011,Commercial,0,0,2014,1,0,0,0,A,59.837962,11.666028,167.000000,135.900000,19.000000,,,,,,
263532911,40141630,SPOT,40141630,Residential,0,0,2014,1,0,0,0,B,8.492991,1.667986,25.000000,14.000000,1.000000,,,,,,
699646124,40141644,SPOT,40141644,Commercial,0,0,2014,1,0,0,0,A,8.957779,1.746411,25.000000,16.940000,2.000000,,,,,,
699646124,40141644,SPOT,40141644,Commercial,0,0,2014,1,0,0,0,B,8.492991,1.667986,25.000000,16.940000,0.000000,,,,,,
699646124,40141644,SPOT,40141644,Commercial,0,0,2014,1,0,0,0,C,7.227290,1.670213,25.000000,16.940000,0.000000,,,,,,
699603587,40141504,SPOT,40141504,Commercial,0,0,2014,1,0,0,0,A,8.957779,1.746411,25.000000,28.350000,4.000000,,,,,,
699603587,40141504,SPOT,40141504,Commercial,0,0,2014,1,0,0,0,B,8.492991,1.667986,25.000000,28.350000,0.000000,,,,,,
699603587,40141504,SPOT,40141504,Commercial,0,0,2014,1,0,0,0,C,7.227290,1.670213,25.000000,28.350000,0.000000,,,,,,
258907671,40142291,SPOT,40142291,Residential,0,0,2014,1,0,0,0,B,16.985982,3.335972,50.000000,39.000000,4.000000,,,,,,
699646024,40141658,SPOT,40141658,Commercial,0,0,2014,1,0,0,0,A,17.915557,3.492823,50.000000,46.000000,11.000000,,,,,,
258907775,40142321,SPOT,40142321,Commercial,0,0,2014,1,0,0,0,B,8.492991,1.667986,25.000000,40.000000,4.000000,,,,,,
699624267,40141538,SPOT,40141538,Residential,0,0,2014,1,0,0,0,B,16.985982,3.335972,50.000000,95.000000,9.000000,,,,,,
258904671,40141682,SPOT,40141682,Residential,0,0,2014,1,0,0,0,C,7.227290,1.670213,25.000000,15.000000,1.000000,,,,,,
258904676,40141684,SPOT,40141684,Residential,0,0,2014,1,0,0,0,C,7.227290,1.670213,25.000000,23.000000,1.000000,,,,,,
699645148,40141664,SPOT,40141664,Commercial,0,0,2014,1,0,0,0,A,8.957779,1.746411,25.000000,16.530000,2.000000,,,,,,
699645148,40141664,SPOT,40141664,Commercial,0,0,2014,1,0,0,0,B,8.492991,1.667986,25.000000,16.530000,0.000000,,,,,,
699645148,40141664,SPOT,40141664,Commercial,0,0,2014,1,0,0,0,C,7.227290,1.670213,25.000000,16.530000,0.000000,,,,,,
261180494,41159815,SPOT,41159815,Commercial,0,0,2014,1,0,0,0,B,16.985982,3.335972,50.000000,80.000000,12.000000,,,,,,
258907750,40142315,SPOT,40142315,Residential,0,0,2014,1,0,0,0,B,8.492991,1.667986,25.000000,26.000000,2.000000,,,,,,
258904654,40141678,SPOT,40141678,Residential,0,0,2014,1,0,0,0,C,7.227290,1.670213,25.000000,33.000000,3.000000,,,,,,
258904659,40141680,SPOT,40141680,Residential,0,0,2014,1,0,0,0,C,7.227290,1.670213,25.000000,29.000000,3.000000,,,,,,
699625681,40141572,SPOT,40141572,Commercial,0,0,2014,1,0,0,0,B,8.492991,1.667986,25.000000,16.000000,2.000000,,,,,,
258904750,40141704,SPOT,40141704,Commercial,0,0,2014,1,0,0,0,A,3.583111,0.698565,10.000000,6.667000,3.000000,,,,,,
258904750,40141704,SPOT,40141704,Commercial,0,0,2014,1,0,0,0,B,3.397196,0.667194,10.000000,6.667000,0.000000,,,,,,
258904750,40141704,SPOT,40141704,Commercial,0,0,2014,1,0,0,0,C,2.890916,0.668085,10.000000,6.667000,0.000000,,,,,,
699644088,40141598,SPOT,40141598,Residential,0,0,2014,1,0,0,0,B,16.985982,3.335972,50.000000,35.000000,3.000000,,,,,,
263682370,40141702,SPOT,40141702,Commercial,0,0,2014,1,0,0,0,B,8.492991,1.667986,25.000000,50.000000,5.000000,,,,,,
258907696,40142301,SPOT,40142301,Residential,0,0,2014,1,0,0,0,C,14.454581,3.340426,50.000000,60.000000,7.000000,,,,,,
630011497,370254458,SPOT,370254458,Commercial,0,0,2014,1,0,0,0,A,59.837962,11.666028,167.000000,146.000000,15.000000,,,,,,
258904454,40141622,SPOT,40141622,Residential,0,0,2014,1,0,0,0,A,8.957779,1.746411,25.000000,8.000000,2.000000,,,,,,
258904459,40141626,SPOT,40141626,Residential,0,0,2014,1,0,0,0,A,17.915557,3.492823,50.000000,89.000000,10.000000,,,,,,
258904730,40141696,SPOT,40141696,Residential,0,0,2014,1,0,0,0,A,17.915557,3.492823,50.000000,50.000000,4.000000,,,,,,
258904271,40141586,SPOT,40141586,Residential,0,0,2014,1,0,0,0,B,16.985982,3.335972,50.000000,112.000000,12.000000,,,,,,
699624124,40141520,SPOT,40141520,Residential,0,0,2014,1,0,0,0,B,8.492991,1.667986,25.000000,83.000000,6.000000,,,,,,
258907711,40142307,SPOT,40142307,Residential,0,0,2014,1,0,0,0,C,14.454581,3.340426,50.000000,58.000000,7.000000,,,,,,
258904735,40141698,SPOT,40141698,Residential,0,0,2014,1,0,0,0,B,16.985982,3.335972,50.000000,53.000000,4.000000,,,,,,
258904551,40141652,SPOT,40141652,Commercial,0,0,2014,1,0,0,0,A,8.957779,1.746411,25.000000,26.000000,2.000000,,,,,,
258904556,40141654,SPOT,40141654,Commercial,0,0,2014,1,0,0,0,A,8.957779,1.746411,25.000000,19.000000,3.000000,,,,,,
699625382,40141616,SPOT,40141616,Residential,0,0,2014,1,0,0,0,A,17.915557,3.492823,50.000000,113.000000,11.000000,,,,,,
258904434,40141618,SPOT,40141618,Residential,0,0,2014,1,0,0,0,A,17.915557,3.492823,50.000000,62.000000,7.000000,,,,,,
699625126,40141576,SPOT,40141576,Residential,0,0,2014,1,0,0,0,A,8.957779,1.746411,25.000000,38.000000,3.000000,,,,,,
258904439,40141620,SPOT,40141620,Residential,0,0,2014,1,0,0,0,A,17.915557,3.492823,50.000000,63.000000,6.000000,,,,,,
260761271,40904131,SPOT,40904131,Residential,0,0,2014,1,0,0,0,C,14.454581,3.340426,50.000000,26.000000,4.000000,,,,,,
615970337,40142323,SPOT,40142323,Residential,0,0,2014,1,0,0,0,A,8.957779,1.746411,25.000000,34.000000,3.000000,,,,,,
260761276,40904135,SPOT,40904135,Commercial,0,0,2014,1,0,0,0,C,48.278300,11.157024,167.000000,104.000000,12.000000,,,,,,
258904078,40141536,SPOT,40141536,Commercial,0,0,2014,1,0,0,0,B,16.985982,3.335972,50.000000,91.000000,9.000000,,,,,,
258904353,40141628,SPOT,40141628,Commercial,0,0,2014,1,0,0,0,A,17.915557,3.492823,50.000000,10.230000,2.000000,,,,,,
258904353,40141628,SPOT,40141628,Commercial,0,0,2014,1,0,0,0,B,16.985982,3.335972,50.000000,10.230000,0.000000,,,,,,
258904353,40141628,SPOT,40141628,Commercial,0,0,2014,1,0,0,0,C,14.454581,3.340426,50.000000,10.230000,0.000000,,,,,,
258904491,40141634,SPOT,40141634,Residential,0,0,2014,1,0,0,0,C,7.227290,1.670213,25.000000,0.000000,0.000000,,,,,,
699625108,40141574,SPOT,40141574,Residential,0,0,2014,1,0,0,0,A,8.957779,1.746411,25.000000,37.000000,4.000000,,,,,,
258904414,40141612,SPOT,40141612,Residential,0,0,2014,1,0,0,0,A,17.915557,3.492823,50.000000,89.000000,11.000000,,,,,,
258904419,40141614,SPOT,40141614,Residential,0,0,2014,1,0,0,0,A,17.915557,3.492823,50.000000,146.000000,17.000000,,,,,,
260761251,40904119,SPOT,40904119,Residential,0,0,2014,1,0,0,0,C,14.454581,3.340426,50.000000,50.000000,6.000000,,,,,,
615970396,40142327,SPOT,40142327,Residential,0,0,2014,1,0,0,0,C,7.227290,1.670213,25.000000,19.000000,2.000000,,,,,,
615970395,40142325,SPOT,40142325,Commercial,0,0,2014,1,0,0,0,A,8.957779,1.746411,25.000000,29.330000,1.000000,,,,,,
615970395,40142325,SPOT,40142325,Commercial,0,0,2014,1,0,0,0,B,8.492991,1.667986,25.000000,29.330000,0.000000,,,,,,
615970395,40142325,SPOT,40142325,Commercial,0,0,2014,1,0,0,0,C,7.227290,1.670213,25.000000,29.330000,0.000000,,,,,,
258903876,40141498,SPOT,40141498,Commercial,0,0,2014,1,0,0,0,C,7.227290,1.670213,25.000000,24.000000,3.000000,,,,,,
258904179,40141566,SPOT,40141566,Commercial,0,0,2014,1,0,0,0,A,35.831115,6.985646,100.000000,127.000000,16.000000,,,,,,
258904516,40141642,SPOT,40141642,Commercial,0,0,2014,1,0,0,0,C,7.227290,1.670213,25.000000,0.000000,0.000000,,,,,,
258904058,40141530,SPOT,40141530,Residential,0,0,2014,1,0,0,0,C,14.454581,3.340426,50.000000,83.000000,6.000000,,,,,,
260761074,40904007,SPOT,40904007,Commercial,0,0,2014,1,0,0,0,B,56.733180,11.142146,167.000000,325.000000,45.000000,,,,,,
258904331,40141602,SPOT,40141602,Residential,0,0,2014,1,0,0,0,B,8.492991,1.667986,25.000000,52.000000,5.000000,,,,,,
258904291,40141592,SPOT,40141592,Residential,0,0,2014,1,0,0,0,B,8.492991,1.667986,25.000000,50.000000,5.000000,,,,,,
263682010,40141514,SPOT,40141514,Residential,0,0,2014,1,0,0,0,C,14.454581,3.340426,50.000000,57.410000,7.000000,,,,,,
260761236,40904107,SPOT,40904107,Residential,0,0,2014,1,0,0,0,A,17.915557,3.492823,50.000000,27.000000,3.000000,,,,,,
258903851,40141494,SPOT,40141494,Commercial,0,0,2014,1,0,0,0,A,8.957779,1.746411,25.000000,4.000000,2.000000,,,,,,
258904159,40141562,SPOT,40141562,Commercial,0,0,2014,1,0,0,0,C,28.909161,6.680853,100.000000,15.200000,1.000000,,,,,,

[LOAD MODEL INFORMATION]
FORMAT_LOADMODELINFORMATION=ID,Name
1,DEFAULT

