
SYMMETRICAL COMPONENT VOLTAGES BY BUS (for 3-phase buses)

Bus                            Mag:   V1 (kV)    p.u.     V2 (kV)   %V2/V1    V0 (kV)    %V0/V1

commonwealth_ret_01311205         7.379      1.025  1.112E-005  0.0001507 1.035E-005 0.0001403
commonwealth_ret_01311205_reg     7.379      1.025  1.201E-005  0.0001627 1.123E-005 0.0001523
260762272                         7.379      1.025  1.624E-005  0.0002201 3.299E-005 0.0004471
264256884                         7.379      1.025  1.624E-005  0.0002201 3.299E-005 0.0004471
263962000                         7.379      1.025          0          0         0         0
261302041                         7.379      1.025          0          0         0         0
260761328                         7.379      1.025          0          0         0         0
260761333                         7.379      1.025          0          0         0         0
260762277                         7.379      1.025  1.624E-005  0.0002201 3.299E-005 0.0004471
260761148                         7.379      1.025          0          0         0         0
260761153                         7.379      1.025          0          0         0         0
260761158                         7.379      1.025          0          0         0         0
260761293                         7.379      1.025          0          0         0         0
260761298                         7.379      1.025          0          0         0         0
260761308                         7.379      1.025          0          0         0         0
260761313                         7.379      1.025          0          0         0         0
260760188                         7.379      1.025  2.595E-005  0.0003517 6.05E-005 0.0008198
260760193                         7.379      1.025  2.595E-005  0.0003517 6.05E-005 0.0008198
261302051                         7.379      1.025          0          0         0         0
263530720                         7.379      1.025  2.595E-005  0.0003517 6.05E-005 0.0008198
260761091                         7.379      1.025          0          0         0         0
260761086                         7.379      1.025          0          0         0         0
261302045                         7.379      1.025          0          0         0         0
261245654                         7.379      1.025          0          0         0         0
258896517                         7.379      1.025  2.568E-005  0.0003481 5.866E-005  0.000795
263530684                         7.379      1.025          0          0         0         0
260762257                         7.379      1.025          0          0         0         0
260761116                         7.379      1.025          0          0         0         0
260761121                         7.379      1.025          0          0         0         0
260761081                         7.379      1.025          0          0         0         0
264308701                         7.379      1.025          0          0         0         0
617632353                         7.379      1.025          0          0         0         0
260761218                         7.379      1.025          0          0         0         0
258896544                         7.379      1.025  2.595E-005  0.0003517 6.049E-005 0.0008197
263530702                         7.379      1.025          0          0         0         0
258908474                         7.379      1.025  1.245E-005  0.0001687 1.872E-005 0.0002537
263997296                         7.379      1.025          0          0         0         0
258904493                         7.379      1.025  3.444E-005  0.0004667 8.838E-005  0.001198
260760205                         7.379      1.025          0          0         0         0
261282305                         7.379      1.025          0          0         0         0
258896551                         7.379      1.025  2.595E-005  0.0003517 6.049E-005 0.0008198
263530711                         7.379      1.025  2.595E-005  0.0003517 6.049E-005 0.0008198
258904693                         7.379      1.025  3.099E-005  0.0004199 7.988E-005  0.001083
263533205                         7.379      1.025          0          0         0         0
258904498                         7.379      1.025  3.449E-005  0.0004673 8.849E-005  0.001199
617632319                         7.379      1.025          0          0         0         0
258904478                         7.379      1.025  3.428E-005  0.0004646 8.806E-005  0.001193
263533124                         7.379      1.025          0          0         0         0
260761243                         7.379      1.025          0          0         0         0
263533079                         7.379      1.025          0          0         0         0
263532998                         7.379      1.025          0          0         0         0
260761071                         7.379      1.025          0          0         0         0
263533097                         7.379      1.025  3.544E-005  0.0004802 9.028E-005  0.001223
260761141                         7.379      1.025  3.544E-005  0.0004802 9.028E-005  0.001223
258904391                         7.379      1.025  3.544E-005  0.0004803 9.029E-005  0.001224
263533106                         7.379      1.025  3.544E-005  0.0004803 9.029E-005  0.001224
258904666                         7.379      1.025  3.096E-005  0.0004196 7.984E-005  0.001082
263533187                         7.379      1.025          0          0         0         0
260761136                         7.379      1.025  3.544E-005  0.0004803 9.029E-005  0.001224
259365163                         7.379      1.025          0          0         0         0
263857511                         7.379      1.025          0          0         0         0
263534340                         7.379      1.025  2.676E-005  0.0003627 5.69E-005 0.0007712
260762267                         7.379      1.025  2.676E-005  0.0003627 5.69E-005 0.0007712
258908457                         7.379      1.025  1.624E-005  0.0002201 3.299E-005 0.0004471
263534403                         7.379      1.025  1.624E-005  0.0002201 3.299E-005 0.0004471
258903935                         7.379      1.025  3.498E-005  0.0004741 9.101E-005  0.001233
263532962                         7.379      1.025          0          0         0         0
260761101                         7.379      1.025          0          0         0         0
263532971                         7.379      1.025          0          0         0         0
264256776                         7.379      1.025          0          0         0         0
258903925                         7.379      1.025  3.49E-005  0.0004729 9.059E-005  0.001228
263532944                         7.379      1.025          0          0         0         0
260761288                         7.379      1.025          0          0         0         0
264256758                         7.379      1.025          0          0         0         0
258908479                         7.379      1.025  1.25E-005  0.0001694 1.881E-005 0.0002549
263904550                         7.379      1.025          0          0         0         0
260761188                         7.379      1.025          0          0         0         0
264256749                         7.379      1.025          0          0         0         0
264256632                         7.379      1.025  2.595E-005  0.0003517 6.049E-005 0.0008198
263532917                         7.379      1.025          0          0         0         0
260761178                         7.379      1.025          0          0         0         0
264256731                         7.379      1.025          0          0         0         0
260761168                         7.379      1.025          0          0         0         0
258903945                         7.379      1.025  3.502E-005  0.0004746 9.117E-005  0.001235
263532989                         7.379      1.025          0          0         0         0
633960130                         7.379      1.025  2.636E-005  0.0003572 6.321E-005 0.0008566
633960111                         7.379      1.025  2.636E-005  0.0003572 6.321E-005 0.0008566
261180496                         7.379      1.025          0          0         0         0
264331249                         7.379      1.025          0          0         0         0
260760210                         7.379      1.025          0          0         0         0
260761263                         7.379      1.025          0          0         0         0
260761268                         7.379      1.025          0          0         0         0
704839763                         7.379      1.025          0          0         0         0
263533214                         7.379      1.025          0          0         0         0
258904683                         7.379      1.025          0          0         0         0
260761248                         7.379      1.025          0          0         0         0
260761343                         7.379      1.025          0          0         0         0
260761338                         7.379      1.025          0          0         0         0
260761223                         7.379      1.025          0          0         0         0
260761163                         7.379      1.025          0          0         0         0
260761213                         7.379      1.025          0          0         0         0
261245655                         7.379      1.025          0          0         0         0
261245650                         7.379      1.025          0          0         0         0
260761278                         7.379      1.025          0          0         0         0
260761283                         7.379      1.025          0          0         0         0
260761198                         7.379      1.025          0          0         0         0
260761203                         7.379      1.025          0          0         0         0
260761208                         7.379      1.025          0          0         0         0
704839480                         7.379      1.025          0          0         0         0
260761183                         7.379      1.025          0          0         0         0
260761106                         7.379      1.025          0          0         0         0
260761258                         7.379      1.025          0          0         0         0
264308692                         7.379      1.025          0          0         0         0
260761253                         7.379      1.025          0          0         0         0
258904350                         7.379      1.025  3.542E-005    0.00048 9.023E-005  0.001223
264308710                         7.379      1.025          0          0         0         0
258904747                         7.379      1.025  3.039E-005  0.0004118 7.804E-005  0.001058
263533232                         7.379      1.025  3.039E-005  0.0004118 7.804E-005  0.001058
258896556                         7.379      1.025  2.595E-005  0.0003517 6.05E-005 0.0008198
260762245                         7.379      1.025  3.039E-005  0.0004118 7.804E-005  0.001058
258904206                         7.379      1.025  3.505E-005   0.000475 8.982E-005  0.001217
263533052                         7.379      1.025          0          0         0         0
258904488                         7.379      1.025  3.44E-005  0.0004662 8.831E-005  0.001197
263533133                         7.379      1.025          0          0         0         0
260761233                         7.379      1.025          0          0         0         0
264281556                         7.379      1.025          0          0         0         0
258904379                         7.379      1.025  3.544E-005  0.0004802 9.028E-005  0.001223
258904471                         7.379      1.025  3.426E-005  0.0004643 8.802E-005  0.001193
263533115                         7.379      1.025          0          0         0         0
263533196                         7.379      1.025          0          0         0         0
260761318                         7.379      1.025          0          0         0         0
261131003                         7.379      1.025          0          0         0         0
264256767                         7.379      1.025          0          0         0         0
264256740                         7.379      1.025          0          0         0         0
258908056                         7.379      1.025  2.676E-005  0.0003627 5.69E-005 0.0007712
261180495                         7.379      1.025          0          0         0         0
260761126                         7.379      1.025          0          0         0         0
264256722                         7.379      1.025          0          0         0         0
258908452                         7.379      1.025  1.624E-005  0.0002201 3.299E-005 0.0004471
263534394                         7.379      1.025  1.624E-005  0.0002201 3.299E-005 0.0004471
258896603                         7.379      1.025  2.708E-005  0.0003669  6.8E-005 0.0009215
263534312                         7.379      1.025  2.708E-005  0.0003669  6.8E-005 0.0009215
260762252                         7.379      1.025  2.708E-005  0.0003669  6.8E-005 0.0009215
258908484                         7.379      1.025  1.252E-005  0.0001697 1.884E-005 0.0002554
259562756                         7.379      1.025          0          0         0         0
263532935                         7.379      1.025          0          0         0         0
263879212                         7.379      1.025          0          0         0         0
260984962                         7.379      1.025          0          0         0         0
258908462                         7.379      1.025  1.232E-005  0.0001669 1.854E-005 0.0002512
258903915                         7.379      1.025  3.47E-005  0.0004702 8.946E-005  0.001212
633960094                         7.379      1.025  2.636E-005  0.0003572 6.321E-005 0.0008566
630011493                         7.379      1.025          0          0         0         0
630011474                         7.379      1.025          0          0         0         0
630011445                         7.379      1.025          0          0         0         0
258903848                         7.379      1.025          0          0         0         0
260761076                         7.379      1.025          0          0         0         0
258903833                         7.379      1.025          0          0         0         0
260761193                         7.379      1.025          0          0         0         0
258908270                         7.379      1.025          0          0         0         0
258908275                         7.379      1.025          0          0         0         0
258904308                         7.379      1.025          0          0         0         0
258904313                         7.379      1.025          0          0         0         0
258908280                         7.379      1.025          0          0         0         0
699603823                         7.379      1.025  3.137E-005  0.0004251 8.071E-005  0.001094
258903826                         7.379      1.025  3.148E-005  0.0004265 8.095E-005  0.001097
258904396                         7.379      1.025          0          0         0         0
258904401                         7.379      1.025          0          0         0         0
258904125                         7.379      1.025  3.559E-005  0.0004823 9.191E-005  0.001246
258904132                         7.379      1.025  3.558E-005  0.0004821 9.189E-005  0.001245
258903821                         7.379      1.025  3.125E-005  0.0004235 8.047E-005  0.001091
263642063                         7.379      1.025  1.625E-005  0.0002202 3.298E-005 0.0004469
258896333                         7.379      1.025  1.624E-005  0.0002201 3.298E-005  0.000447
258904137                         7.379      1.025  3.556E-005  0.0004819 9.187E-005  0.001245
258908370                         7.379      1.025          0          0         0         0
258908375                         7.379      1.025          0          0         0         0
258908430                         7.379      1.025          0          0         0         0
258908435                         7.379      1.025          0          0         0         0
258904090                         7.379      1.025          0          0         0         0
258904095                         7.379      1.025          0          0         0         0
258904010                         7.379      1.025          0          0         0         0
258904015                         7.379      1.025          0          0         0         0
258896328                         7.379      1.025  1.625E-005  0.0002202 3.298E-005 0.0004469
699645825                         7.379      1.025          0          0         0         0
258904651                         7.379      1.025          0          0         0         0
263530738                         7.379      1.025          0          0         0         0
258907891                         7.379      1.025          0          0         0         0
258908380                         7.379      1.025          0          0         0         0
258908440                         7.379      1.025  1.624E-005  0.0002201 3.298E-005  0.000447
258904646                         7.379      1.025          0          0         0         0
258904020                         7.379      1.025          0          0         0         0
258896640                         7.379      1.025  2.798E-005  0.0003792 7.275E-005 0.0009859
263530747                         7.379      1.025  2.798E-005  0.0003792 7.275E-005  0.000986
258904100                         7.379      1.025          0          0         0         0
699645905                         7.379      1.025          0          0         0         0
258904528                         7.379      1.025          0          0         0         0
258903930                         7.379      1.025  3.495E-005  0.0004737 9.086E-005  0.001231
699645894                         7.379      1.025          0          0         0         0
263532863                         7.379      1.025  3.095E-005  0.0004194 7.982E-005  0.001082
699603805                         7.379      1.025  3.095E-005  0.0004194 7.982E-005  0.001082
258904110                         7.379      1.025          0          0         0         0
258904115                         7.379      1.025          0          0         0         0
699603882                         7.379      1.025  3.268E-005  0.0004428 8.374E-005  0.001135
258903863                         7.379      1.025  3.287E-005  0.0004454 8.421E-005  0.001141
258903858                         7.379      1.025  3.252E-005  0.0004407 8.336E-005   0.00113
258908071                         7.379      1.025          0          0         0         0
258908076                         7.379      1.025          0          0         0         0
258903807                         7.379      1.025  3.041E-005  0.0004121 7.875E-005  0.001067
258903814                         7.379      1.025  3.095E-005  0.0004194 7.982E-005  0.001082
258903940                         7.379      1.025  3.501E-005  0.0004744 9.113E-005  0.001235
258908350                         7.379      1.025          0          0         0         0
258908355                         7.379      1.025          0          0         0         0
258903878                         7.379      1.025  3.358E-005   0.000455 8.596E-005  0.001165
258903893                         7.379      1.025  3.378E-005  0.0004577 8.65E-005  0.001172
258908081                         7.379      1.025          0          0         0         0
258904698                         7.379      1.025  3.097E-005  0.0004197 7.984E-005  0.001082
263991393                         7.379      1.025          0          0         0         0
258904703                         7.379      1.025          0          0         0         0
455183901                         7.379      1.025  2.475E-005  0.0003354 5.301E-005 0.0007184
258896476                         7.379      1.025  2.477E-005  0.0003357 5.31E-005 0.0007196
258904030                         7.379      1.025          0          0         0         0
704839528                         7.379      1.025          0          0         0         0
258904035                         7.379      1.025          0          0         0         0
258908230                         7.379      1.025  2.524E-005  0.0003421 5.391E-005 0.0007306
258908235                         7.379      1.025  2.525E-005  0.0003422 5.391E-005 0.0007306
258908360                         7.379      1.025          0          0         0         0
258908415                         7.379      1.025          0          0         0         0
258908420                         7.379      1.025          0          0         0         0
258903900                         7.379      1.025   3.4E-005  0.0004608 8.723E-005  0.001182
258896623                         7.379      1.025  2.756E-005  0.0003735 7.121E-005  0.000965
263530729                         7.379      1.025  2.756E-005  0.0003735 7.121E-005  0.000965
258908250                         7.379      1.025  2.525E-005  0.0003422 5.392E-005 0.0007307
258908260                         7.379      1.025  2.525E-005  0.0003422 5.392E-005 0.0007307
263533241                         7.379      1.025          0          0         0         0
258904757                         7.379      1.025          0          0         0         0
258903910                         7.379      1.025  3.456E-005  0.0004684 8.902E-005  0.001206
258908240                         7.379      1.025  2.525E-005  0.0003422 5.391E-005 0.0007306
258908181                         7.379      1.025  2.479E-005  0.0003359 5.317E-005 0.0007206
258907869                         7.379      1.025   2.8E-005  0.0003794 7.279E-005 0.0009864
258907876                         7.379      1.025          0          0         0         0
258908055                         7.379      1.025  2.676E-005  0.0003626 5.69E-005 0.0007711
263533061                         7.379      1.025          0          0         0         0
258904263                         7.379      1.025          0          0         0         0
258903919                         7.379      1.025  3.476E-005   0.000471 8.983E-005  0.001217
258903920                         7.379      1.025  3.48E-005  0.0004717 9.009E-005  0.001221
258904231                         7.379      1.025  3.565E-005  0.0004832 9.051E-005  0.001227
263533070                         7.379      1.025          0          0         0         0
258903995                         7.379      1.025  3.695E-005  0.0005008 9.386E-005  0.001272
258904000                         7.379      1.025  3.701E-005  0.0005016 9.393E-005  0.001273
258908061                         7.379      1.025  2.678E-005  0.0003629 5.692E-005 0.0007714
258904191                         7.379      1.025          0          0         0         0
699624907                         7.379      1.025          0          0         0         0
258907965                         7.379      1.025  2.695E-005  0.0003653 5.709E-005 0.0007737
258907972                         7.379      1.025  2.716E-005  0.0003681 5.728E-005 0.0007763
258908290                         7.379      1.025          0          0         0         0
258908295                         7.379      1.025          0          0         0         0
258908145                         7.379      1.025  2.519E-005  0.0003414 5.503E-005 0.0007457
258908155                         7.379      1.025  2.519E-005  0.0003414 5.503E-005 0.0007457
258908208                         7.379      1.025  2.518E-005  0.0003413 5.382E-005 0.0007294
258908215                         7.379      1.025  2.524E-005  0.0003421 5.391E-005 0.0007306
258896459                         7.379      1.025          0          0         0         0
258908340                         7.379      1.025          0          0         0         0
263533160                         7.379      1.025          0          0         0         0
258904615                         7.379      1.025          0          0         0         0
258904718                         7.379      1.025  3.046E-005  0.0004128 7.886E-005  0.001069
263533223                         7.379      1.025          0          0         0         0
258907977                         7.379      1.025          0          0         0         0
258904725                         7.379      1.025          0          0         0         0
258903838                         7.379      1.025  3.201E-005  0.0004338 8.214E-005  0.001113
263533169                         7.379      1.025          0          0         0         0
258907849                         7.379      1.025          0          0         0         0
258907854                         7.379      1.025          0          0         0         0
258908029                         7.379      1.025          0          0         0         0
258908034                         7.379      1.025          0          0         0         0
258908160                         7.379      1.025  2.519E-005  0.0003414 5.503E-005 0.0007458
258908220                         7.379      1.025          0          0         0         0
258907859                         7.379      1.025          0          0         0         0
258908300                         7.379      1.025          0          0         0         0
258904147                         7.379      1.025  3.551E-005  0.0004812 9.178E-005  0.001244
263533043                         7.379      1.025          0          0         0         0
258904176                         7.379      1.025          0          0         0         0
258908039                         7.379      1.025          0          0         0         0
258903795                         7.379      1.025  2.974E-005  0.0004031 7.739E-005  0.001049
258903806                         7.379      1.025  3.009E-005  0.0004077 7.809E-005  0.001058
258908390                         7.379      1.025          0          0         0         0
258908395                         7.379      1.025          0          0         0         0
258908310                         7.379      1.025          0          0         0         0
258908315                         7.379      1.025          0          0         0         0
258896647                         7.379      1.025  2.803E-005  0.0003799 7.29E-005  0.000988
258896652                         7.379      1.025  2.816E-005  0.0003816 7.323E-005 0.0009925
258907950                         7.379      1.025  2.675E-005  0.0003625 5.691E-005 0.0007712
258907955                         7.379      1.025  2.675E-005  0.0003625 5.689E-005 0.0007709
258908320                         7.379      1.025          0          0         0         0
258908400                         7.379      1.025          0          0         0         0
258908126                         7.379      1.025  2.515E-005  0.0003408 5.499E-005 0.0007452
258908133                         7.379      1.025  2.517E-005  0.0003411 5.501E-005 0.0007454
264491247                         7.379      1.025  3.502E-005  0.0004746 9.117E-005  0.001235
258680605                             0          0          0          0         0         0
258907824                         7.379      1.025          0          0         0         0
258907834                         7.379      1.025          0          0         0         0
258908140                         7.379      1.025  2.518E-005  0.0003413 5.502E-005 0.0007456
263533025                         7.379      1.025          0          0         0         0
258908007                         7.379      1.025          0          0         0         0
258908012                         7.379      1.025          0          0         0         0
258896469                         7.379      1.025  2.475E-005  0.0003353  5.3E-005 0.0007183
258896481                         7.379      1.025  2.482E-005  0.0003364 5.343E-005 0.0007241
258908017                         7.379      1.025          0          0         0         0
258908091                         7.379      1.025          0          0         0         0
258908096                         7.379      1.025          0          0         0         0
258896573                         7.379      1.025  2.636E-005  0.0003572 6.32E-005 0.0008565
258896578                         7.379      1.025  2.651E-005  0.0003593 6.422E-005 0.0008703
258908101                         7.379      1.025          0          0         0         0
258896566                         7.379      1.025  2.615E-005  0.0003545 6.181E-005 0.0008377
258907928                         7.379      1.025  2.577E-005  0.0003493 5.607E-005 0.0007599
258907935                         7.379      1.025  2.589E-005  0.0003509 5.627E-005 0.0007626
258908188                         7.379      1.025  2.481E-005  0.0003362 5.325E-005 0.0007216
258908193                         7.379      1.025  2.494E-005  0.0003379 5.345E-005 0.0007243
258896449                         7.379      1.025  2.315E-005  0.0003138 4.937E-005 0.0006691
258896454                         7.379      1.025  2.422E-005  0.0003282 5.173E-005  0.000701
258896639                         7.379      1.025  2.778E-005  0.0003765 7.221E-005 0.0009786
258908198                         7.379      1.025  2.502E-005  0.0003391 5.358E-005 0.0007261
258896628                         7.379      1.025  2.766E-005  0.0003748 7.187E-005  0.000974
258907804                         7.379      1.025  2.94E-005  0.0003985 7.616E-005  0.001032
258907814                         7.379      1.025          0          0         0         0
258907940                         7.379      1.025          0          0         0         0
258907809                         7.379      1.025          0          0         0         0
258907819                         7.379      1.025          0          0         0         0
258908116                         7.379      1.025  2.512E-005  0.0003405 5.497E-005 0.0007449
258908121                         7.379      1.025  2.513E-005  0.0003406 5.497E-005  0.000745
258907896                         7.379      1.025          0          0         0         0
258904367                         7.379      1.025  3.543E-005  0.0004801 9.028E-005  0.001223
263533088                         7.379      1.025          0          0         0         0
258907901                         7.379      1.025          0          0         0         0
258903970                         7.379      1.025  3.561E-005  0.0004826 9.194E-005  0.001246
263533007                         7.379      1.025  3.561E-005  0.0004826 9.194E-005  0.001246
716733231                         7.379      1.025  3.252E-005  0.0004407 8.335E-005   0.00113
258896373                         7.379      1.025  1.755E-005  0.0002379 3.634E-005 0.0004925
258896378                         7.379      1.025  1.773E-005  0.0002403 3.679E-005 0.0004985
258907987                         7.379      1.025          0          0         0         0
258907992                         7.379      1.025          0          0         0         0
258907911                         7.379      1.025  2.531E-005   0.000343 5.529E-005 0.0007493
258907918                         7.379      1.025  2.545E-005  0.0003449 5.553E-005 0.0007526
263533178                         7.379      1.025  3.199E-005  0.0004336 8.211E-005  0.001113
258904634                         7.379      1.025  3.197E-005  0.0004332 8.205E-005  0.001112
258896432                         7.379      1.025  2.116E-005  0.0002868 4.489E-005 0.0006083
258896437                         7.379      1.025  2.138E-005  0.0002897 4.538E-005  0.000615
258907997                         7.379      1.025          0          0         0         0
258903843                         7.379      1.025   3.2E-005  0.0004336 8.211E-005  0.001113
258896427                         7.379      1.025  2.09E-005  0.0002833 4.429E-005 0.0006003
258896534                         7.379      1.025  2.602E-005  0.0003526 6.088E-005  0.000825
258896561                         7.379      1.025  2.608E-005  0.0003535 6.132E-005  0.000831
263534358                         7.379      1.025  2.479E-005  0.0003359 5.318E-005 0.0007207
258896368                         7.379      1.025  1.742E-005   0.000236  3.6E-005 0.0004879
263534367                         7.379      1.025          0          0         0         0
258896598                         7.379      1.025  2.707E-005  0.0003669  6.8E-005 0.0009215
258896613                         7.379      1.025  2.719E-005  0.0003685 6.878E-005 0.0009321
258896538                         7.379      1.025  2.595E-005  0.0003517 6.044E-005 0.0008191
258896539                         7.379      1.025  2.595E-005  0.0003517 6.048E-005 0.0008196
258896529                         7.379      1.025  2.595E-005  0.0003517 6.043E-005 0.0008189
258896353                         7.379      1.025  1.697E-005    0.00023 3.487E-005 0.0004725
258896358                         7.379      1.025  1.697E-005    0.00023 3.487E-005 0.0004725
258896486                         7.379      1.025  2.509E-005    0.00034 5.487E-005 0.0007436
258896498                         7.379      1.025  2.51E-005  0.0003401 5.491E-005 0.0007441
258896410                         7.379      1.025  1.955E-005   0.000265 4.117E-005 0.0005579
258896415                         7.379      1.025  1.981E-005  0.0002685 4.178E-005 0.0005662
258896493                         7.379      1.025  2.509E-005    0.00034 5.487E-005 0.0007436
263534349                         7.379      1.025          0          0         0         0
263974097                         7.379      1.025          0          0         0         0
259500718                         7.379      1.025          0          0         0         0
258896593                         7.379      1.025  2.683E-005  0.0003636 6.638E-005 0.0008996
258896510                         7.379      1.025  2.553E-005   0.000346 5.769E-005 0.0007819
258903785                         7.379      1.025  2.892E-005  0.0003919 7.525E-005   0.00102
263532845                         7.379      1.025          0          0         0         0
258896592                         7.379      1.025  2.675E-005  0.0003625 6.584E-005 0.0008923
258896338                         7.379      1.025  1.642E-005  0.0002226 3.345E-005 0.0004533
258904783                         7.379      1.025          0          0         0         0
263681998                         7.379      1.025          0          0         0         0
258904772                         7.379      1.025          0          0         0         0
258907693                         7.379      1.025          0          0         0         0
258907906                         7.379      1.025  2.511E-005  0.0003403 5.496E-005 0.0007449
263534322                         7.379      1.025  2.511E-005  0.0003404 5.496E-005 0.0007449
263681989                         7.379      1.025          0          0         0         0
258904779                         7.379      1.025          0          0         0         0
264495346                         7.379      1.025  2.817E-005  0.0003817 7.326E-005 0.0009929
258896289                         7.379      1.025  1.209E-005  0.0001639 1.748E-005 0.0002369
258896296                         7.379      1.025  1.224E-005  0.0001658 1.845E-005   0.00025
263534331                         7.379      1.025  2.675E-005  0.0003626 5.691E-005 0.0007713
264495220                         7.379      1.025  1.361E-005  0.0001844 2.498E-005 0.0003385
258896316                         7.379      1.025  1.381E-005  0.0001872 2.57E-005 0.0003483
258903780                         7.379      1.025  2.873E-005  0.0003893 7.477E-005  0.001013
258896301                         7.379      1.025  1.272E-005  0.0001724 2.127E-005 0.0002883
258908345                         7.379      1.025          0          0         0         0
263534385                         7.379      1.025          0          0         0         0
258896390                         7.379      1.025  1.805E-005  0.0002446 3.757E-005 0.0005091
258896395                         7.379      1.025  1.871E-005  0.0002536 3.918E-005  0.000531
263534303                         7.379      1.025          0          0         0         0
258907881                         7.379      1.025          0          0         0         0
263532926                         7.379      1.025  3.471E-005  0.0004703 8.947E-005  0.001212
699603637                         7.379      1.025  3.49E-005   0.000473 8.967E-005  0.001215
258896321                         7.379      1.025  1.471E-005  0.0001994 2.864E-005 0.0003882
258896306                         7.379      1.025  1.315E-005  0.0001782 2.318E-005 0.0003142
264495211                         7.379      1.025  1.315E-005  0.0001783 2.322E-005 0.0003147
263532890                         7.379      1.025          0          0         0         0
458944739                         7.379      1.025   1.9E-005  0.0002575 3.987E-005 0.0005403
258896400                         7.379      1.025  1.917E-005  0.0002599 4.028E-005 0.0005459
263532899                         7.379      1.025          0          0         0         0
258904527                         7.379      1.025          0          0         0         0
263532980                         7.379      1.025  3.501E-005  0.0004745 9.114E-005  0.001235
258903955                         7.379      1.025  3.517E-005  0.0004766 9.134E-005  0.001238
258903905                         7.379      1.025  3.426E-005  0.0004642 8.805E-005  0.001193
263532908                         7.379      1.025  3.426E-005  0.0004642 8.805E-005  0.001193
699603607                         7.379      1.025          0          0         0         0
258904186                         7.379      1.025          0          0         0         0
699624649                         7.379      1.025          0          0         0         0
258904070                         7.379      1.025          0          0         0         0
258904065                         7.379      1.025          0          0         0         0
699624735                         7.379      1.025          0          0         0         0
258904060                         7.379      1.025          0          0         0         0
699623288                         7.379      1.025          0          0         0         0
258907668                         7.379      1.025          0          0         0         0
258904508                         7.379      1.025  3.45E-005  0.0004675 8.85E-005  0.001199
699646216                         7.379      1.025  3.45E-005  0.0004676 8.85E-005  0.001199
258907663                         7.379      1.025          0          0         0         0
258904513                         7.379      1.025  3.45E-005  0.0004676 8.85E-005  0.001199
699623034                         7.379      1.025  3.096E-005  0.0004195 7.984E-005  0.001082
699623111                         7.379      1.025          0          0         0         0
258904708                         7.379      1.025          0          0         0         0
699624371                         7.379      1.025          0          0         0         0
258904105                         7.379      1.025          0          0         0         0
258903790                         7.379      1.025  2.938E-005  0.0003982 7.645E-005  0.001036
264003739                         7.379      1.025          0          0         0         0
699624161                         7.379      1.025          0          0         0         0
699624172                         7.379      1.025          0          0         0         0
258907752                         7.379      1.025          0          0         0         0
258907762                         7.379      1.025          0          0         0         0
258907767                         7.379      1.025          0          0         0         0
699624236                         7.379      1.025          0          0         0         0
699624251                         7.379      1.025          0          0         0         0
699625159                         7.379      1.025          0          0         0         0
699625172                         7.379      1.025          0          0         0         0
258904253                         7.379      1.025          0          0         0         0
258904762                         7.379      1.025          0          0         0         0
258907732                         7.379      1.025          0          0         0         0
258907742                         7.379      1.025          0          0         0         0
258904767                         7.379      1.025          0          0         0         0
258904080                         7.379      1.025          0          0         0         0
258904386                         7.379      1.025  3.544E-005  0.0004803 9.028E-005  0.001224
699625512                         7.379      1.025  3.544E-005  0.0004803 9.028E-005  0.001224
263682367                         7.379      1.025  2.975E-005  0.0004032 7.74E-005  0.001049
264379697                         7.379      1.025  2.51E-005  0.0003402 5.492E-005 0.0007442
258904641                         7.379      1.025          0          0         0         0
264381917                         7.379      1.025  3.009E-005  0.0004078 7.811E-005  0.001059
470868498                         7.379      1.025  3.31E-005  0.0004486 8.479E-005  0.001149
258904466                         7.379      1.025  3.426E-005  0.0004643 8.804E-005  0.001193
258904737                         7.379      1.025          0          0         0         0
258904742                         7.379      1.025          0          0         0         0
258907718                         7.379      1.025  2.912E-005  0.0003946 7.538E-005  0.001022
258907725                         7.379      1.025          0          0         0         0
258904248                         7.379      1.025          0          0         0         0
699625148                         7.379      1.025          0          0         0         0
258903800                         7.379      1.025  3.013E-005  0.0004083 7.778E-005  0.001054
699643891                         7.379      1.025          0          0         0         0
258904278                         7.379      1.025          0          0         0         0
258904273                         7.379      1.025          0          0         0         0
699645087                         7.379      1.025          0          0         0         0
258904268                         7.379      1.025          0          0         0         0
258907683                         7.379      1.025          0          0         0         0
258907688                         7.379      1.025          0          0         0         0
258896464                         7.379      1.025  2.448E-005  0.0003317 5.236E-005 0.0007096
466941352                         7.379      1.025  2.449E-005   0.000332 5.24E-005 0.0007101
258904441                         7.379      1.025          0          0         0         0
258904446                         7.379      1.025          0          0         0         0
258904451                         7.379      1.025          0          0         0         0
258904025                         7.379      1.025          0          0         0         0
699624110                         7.379      1.025          0          0         0         0
258907698                         7.379      1.025          0          0         0         0
258907703                         7.379      1.025          0          0         0         0
258907777                         7.379      1.025          0          0         0         0
258907782                         7.379      1.025          0          0         0         0
258907708                         7.379      1.025          0          0         0         0
258904678                         7.379      1.025  3.098E-005  0.0004198 7.987E-005  0.001082
258904533                         7.379      1.025          0          0         0         0
258904543                         7.379      1.025          0          0         0         0
258904548                         7.379      1.025          0          0         0         0
258904688                         7.379      1.025  3.099E-005  0.0004199 7.988E-005  0.001082
258896348                         7.379      1.025  1.66E-005  0.0002249 3.391E-005 0.0004595
466941334                         7.379      1.025  1.661E-005  0.0002251 3.394E-005   0.00046
699624092                         7.379      1.025          0          0         0         0
258904362                         7.379      1.025  3.542E-005    0.00048 9.026E-005  0.001223
258904426                         7.379      1.025          0          0         0         0
258904431                         7.379      1.025          0          0         0         0
258904243                         7.379      1.025          0          0         0         0
258904784                         7.379      1.025          0          0         0         0
258904789                         7.379      1.025          0          0         0         0
699625094                         7.379      1.025          0          0         0         0
258904258                         7.379      1.025          0          0         0         0
258904483                         7.379      1.025  3.438E-005  0.0004659 8.825E-005  0.001196
258904406                         7.379      1.025          0          0         0         0
699645954                         7.379      1.025          0          0         0         0
258904343                         7.379      1.025  3.543E-005  0.0004801 9.022E-005  0.001223
258903994                         7.379      1.025  3.687E-005  0.0004997 9.376E-005  0.001271
263682007                         7.379      1.025  3.687E-005  0.0004997 9.376E-005  0.001271
699603841                         7.379      1.025  3.163E-005  0.0004287 8.13E-005  0.001102
699603852                         7.379      1.025  3.182E-005  0.0004312 8.171E-005  0.001107
258904411                         7.379      1.025          0          0         0         0
258904154                         7.379      1.025  3.548E-005  0.0004809 9.173E-005  0.001243
258904166                         7.379      1.025          0          0         0         0
258904216                         7.379      1.025  3.546E-005  0.0004805 9.021E-005  0.001222
258904226                         7.379      1.025  3.555E-005  0.0004818 9.035E-005  0.001224
258904040                         7.379      1.025          0          0         0         0
258904045                         7.379      1.025          0          0         0         0
258904171                         7.379      1.025          0          0         0         0
258908469                         7.379      1.025  1.238E-005  0.0001678 1.863E-005 0.0002525
258904503                         7.379      1.025  3.449E-005  0.0004674 8.849E-005  0.001199
258908167                         7.379      1.025  2.509E-005    0.00034 5.487E-005 0.0007436
275423537                         7.379      1.025  2.509E-005    0.00034 5.487E-005 0.0007436
258904050                         7.379      1.025          0          0         0         0
637684623                         7.379      1.025          0          0         0         0
258907839                         7.379      1.025          0          0         0         0
258904323                         7.379      1.025          0          0         0         0
258904328                         7.379      1.025          0          0         0         0
263530675                         7.379      1.025          0          0         0         0
258903960                         7.379      1.025  3.53E-005  0.0004784 9.153E-005   0.00124
258903965                         7.379      1.025  3.542E-005    0.00048 9.169E-005  0.001243
258904142                         7.379      1.025  3.554E-005  0.0004817 9.184E-005  0.001245
258904283                         7.379      1.025          0          0         0         0
258904288                         7.379      1.025          0          0         0         0
699624869                         7.379      1.025  3.578E-005  0.0004849 9.218E-005  0.001249
699624854                         7.379      1.025  3.591E-005  0.0004867 9.238E-005  0.001252
258904211                         7.379      1.025  3.525E-005  0.0004777 9.001E-005   0.00122
258908447                         7.379      1.025  1.624E-005  0.0002201 3.299E-005  0.000447
258908265                         7.379      1.025          0          0         0         0
258904298                         7.379      1.025          0          0         0         0
258904303                         7.379      1.025          0          0         0         0
258904120                         7.379      1.025  3.56E-005  0.0004825 9.193E-005  0.001246
258903975                         7.379      1.025  3.603E-005  0.0004883 9.254E-005  0.001254
258908365                         7.379      1.025          0          0         0         0
258908425                         7.379      1.025          0          0         0         0
637684705                         7.379      1.025          0          0         0         0
258907747                         7.379      1.025          0          0         0         0
258904005                         7.379      1.025  3.697E-005   0.000501 9.383E-005  0.001272
258907737                         7.379      1.025          0          0         0         0
258908245                         7.379      1.025  2.525E-005  0.0003422 5.391E-005 0.0007307
258904085                         7.379      1.025          0          0         0         0
258908066                         7.379      1.025          0          0         0         0
699624832                         7.379      1.025  3.623E-005  0.0004909 9.283E-005  0.001258
258903980                         7.379      1.025  3.64E-005  0.0004933 9.308E-005  0.001261
258908405                         7.379      1.025          0          0         0         0
258908489                         7.379      1.025          0          0         0         0
258903883                         7.379      1.025  3.332E-005  0.0004515 8.531E-005  0.001156
258903888                         7.379      1.025  3.332E-005  0.0004515 8.531E-005  0.001156
471790414                         7.379      1.025  3.246E-005  0.0004399 8.319E-005  0.001127
258904610                         7.379      1.025  3.246E-005  0.0004398 8.317E-005  0.001127
258896633                         7.379      1.025  2.756E-005  0.0003735 7.121E-005  0.000965
258904605                         7.379      1.025  3.248E-005  0.0004401 8.322E-005  0.001128
258908225                         7.379      1.025          0          0         0         0
258908410                         7.379      1.025          0          0         0         0
258908051                         7.379      1.025  2.676E-005  0.0003626 5.689E-005  0.000771
258904196                         7.379      1.025          0          0         0         0
258907864                         7.379      1.025          0          0         0         0
263530693                         7.379      1.025  2.595E-005  0.0003517 6.043E-005 0.0008189
258908044                         7.379      1.025  2.675E-005  0.0003625 5.688E-005 0.0007708
699624814                         7.379      1.025  3.656E-005  0.0004954 9.331E-005  0.001264
258903985                         7.379      1.025  3.671E-005  0.0004975 9.353E-005  0.001268
699624889                         7.379      1.025          0          0         0         0
258904201                         7.379      1.025          0          0         0         0
258908325                         7.379      1.025          0          0         0         0
258903990                         7.379      1.025  3.686E-005  0.0004995 9.374E-005   0.00127
258907960                         7.379      1.025  2.687E-005  0.0003641 5.701E-005 0.0007726
258908285                         7.379      1.025          0          0         0         0
258908330                         7.379      1.025          0          0         0         0
258908203                         7.379      1.025  2.508E-005  0.0003399 5.368E-005 0.0007274
258907829                         7.379      1.025          0          0         0         0
258907844                         7.379      1.025          0          0         0         0
258908150                         7.379      1.025          0          0         0         0
258908022                         7.379      1.025          0          0         0         0
258904752                         7.379      1.025  3.056E-005  0.0004142 7.821E-005   0.00106
258908385                         7.379      1.025          0          0         0         0
617632386                         7.379      1.025  3.45E-005  0.0004675 8.849E-005  0.001199
258907945                         7.379      1.025  2.654E-005  0.0003596 5.675E-005 0.0007691
258908305                         7.379      1.025          0          0         0         0
263681962                         7.379      1.025          0          0         0         0
263533034                         7.379      1.025          0          0         0         0
258908002                         7.379      1.025          0          0         0         0
258904055                         7.379      1.025          0          0         0         0
258908086                         7.379      1.025          0          0         0         0
716733211                         7.379      1.025  3.311E-005  0.0004487 8.481E-005  0.001149
716733250                         7.379      1.025  3.321E-005    0.00045 8.504E-005  0.001153
258903873                         7.379      1.025  3.332E-005  0.0004515 8.531E-005  0.001156
258907923                         7.379      1.025  2.555E-005  0.0003463 5.57E-005 0.0007548
258896444                         7.379      1.025  2.265E-005   0.000307 4.825E-005  0.000654
258907799                         7.379      1.025  2.935E-005  0.0003977 7.601E-005   0.00103
258908106                         7.379      1.025          0          0         0         0
258908111                         7.379      1.025          0          0         0         0
258907886                         7.379      1.025          0          0         0         0
263533016                         7.379      1.025          0          0         0         0
258904583                         7.379      1.025  3.251E-005  0.0004406 8.332E-005  0.001129
258904627                         7.379      1.025  3.251E-005  0.0004406 8.332E-005  0.001129
258907982                         7.379      1.025          0          0         0         0
258896422                         7.379      1.025  2.043E-005  0.0002769 4.321E-005 0.0005855
258896363                         7.379      1.025  1.697E-005    0.00023 3.487E-005 0.0004725
263534376                         7.379      1.025          0          0         0         0
258896522                         7.379      1.025  2.585E-005  0.0003503 5.975E-005 0.0008098
258896405                         7.379      1.025  1.94E-005  0.0002629 4.082E-005 0.0005532
258896343                         7.379      1.025  1.642E-005  0.0002226 3.345E-005 0.0004533
627235805                         7.379      1.025  2.733E-005  0.0003704 6.972E-005 0.0009448
258896618                         7.379      1.025  2.742E-005  0.0003716 7.03E-005 0.0009527
699645763                         7.379      1.025  3.249E-005  0.0004403 8.326E-005  0.001128
258904620                         7.379      1.025  3.249E-005  0.0004404 8.326E-005  0.001128
627235797                         7.379      1.025  2.742E-005  0.0003717 7.033E-005 0.0009531
627235688                         7.379      1.025  2.744E-005  0.0003719 7.044E-005 0.0009547
258904600                         7.379      1.025  3.249E-005  0.0004403 8.326E-005  0.001128
699623266                         7.379      1.025          0          0         0         0
263532854                         7.379      1.025  3.041E-005  0.0004121 7.875E-005  0.001067
258896505                         7.379      1.025  2.515E-005  0.0003408 5.527E-005  0.000749
258896583                         7.379      1.025  2.662E-005  0.0003607 6.495E-005 0.0008802
258896288                         7.379      1.025  1.185E-005  0.0001607 1.546E-005 0.0002095
263534294                         7.379      1.025          0          0         0         0
263682376                         7.379      1.025  2.707E-005  0.0003669  6.8E-005 0.0009215
274925125                         7.379      1.025  2.707E-005  0.0003669  6.8E-005 0.0009215
399146165                         7.379      1.025          0          0         0         0
263532953                         7.379      1.025          0          0         0         0
699646163                         7.379      1.025  3.433E-005  0.0004652 8.816E-005  0.001195
258908335                         7.379      1.025          0          0         0         0
263532836                         7.379      1.025  2.873E-005  0.0003894 7.478E-005  0.001013
716733192                         7.379      1.025  3.332E-005  0.0004515 8.531E-005  0.001156
258896385                         7.379      1.025  1.802E-005  0.0002442 3.75E-005 0.0005082
258896311                         7.379      1.025  1.36E-005  0.0001843 2.494E-005  0.000338
258904563                         7.379      1.025          0          0         0         0
258907713                         7.379      1.025          0          0         0         0
259355404                         7.379      1.025  1.193E-005  0.0001616 1.316E-005 0.0001783
699646121                         7.379      1.025  3.451E-005  0.0004676 8.85E-005  0.001199
258904523                         7.379      1.025  3.451E-005  0.0004676 8.85E-005  0.001199
258904518                         7.379      1.025  3.451E-005  0.0004676 8.85E-005  0.001199
699603584                         7.379      1.025  3.525E-005  0.0004777 9.146E-005  0.001239
258907673                         7.379      1.025          0          0         0         0
258907678                         7.379      1.025          0          0         0         0
699646021                         7.379      1.025          0          0         0         0
258904568                         7.379      1.025          0          0         0         0
258904221                         7.379      1.025  3.545E-005  0.0004804 9.021E-005  0.001222
699625642                         7.379      1.025  3.544E-005  0.0004802 9.022E-005  0.001223
258907757                         7.379      1.025          0          0         0         0
258907772                         7.379      1.025          0          0         0         0
699624264                         7.379      1.025          0          0         0         0
258904673                         7.379      1.025  3.097E-005  0.0004196 7.985E-005  0.001082
699645145                         7.379      1.025  3.249E-005  0.0004403 8.325E-005  0.001128
258904595                         7.379      1.025  3.249E-005  0.0004403 8.326E-005  0.001128
258904656                         7.379      1.025          0          0         0         0
258904661                         7.379      1.025          0          0         0         0
699625678                         7.379      1.025  3.536E-005  0.0004792 9.011E-005  0.001221
699622944                         7.379      1.025  3.473E-005  0.0004706 8.965E-005  0.001215
699625418                         7.379      1.025  3.542E-005    0.00048 9.024E-005  0.001223
699644085                         7.379      1.025          0          0         0         0
258904318                         7.379      1.025          0          0         0         0
699625238                         7.379      1.025          0          0         0         0
258904456                         7.379      1.025          0          0         0         0
258904461                         7.379      1.025          0          0         0         0
258904732                         7.379      1.025          0          0         0         0
699624121                         7.379      1.025          0          0         0         0
699625479                         7.379      1.025  3.543E-005  0.0004802 9.028E-005  0.001223
258904374                         7.379      1.025  3.543E-005  0.0004802 9.028E-005  0.001223
258907787                         7.379      1.025  2.92E-005  0.0003957 7.56E-005  0.001025
258907794                         7.379      1.025  2.925E-005  0.0003964 7.575E-005  0.001027
699622919                         7.379      1.025  3.448E-005  0.0004672 8.875E-005  0.001203
699624203                         7.379      1.025          0          0         0         0
258904075                         7.379      1.025          0          0         0         0
258904553                         7.379      1.025          0          0         0         0
258904538                         7.379      1.025          0          0         0         0
258904558                         7.379      1.025          0          0         0         0
699625379                         7.379      1.025          0          0         0         0
258904421                         7.379      1.025          0          0         0         0
258904436                         7.379      1.025          0          0         0         0
699625123                         7.379      1.025          0          0         0         0
258904238                         7.379      1.025          0          0         0         0
258904713                         7.379      1.025          0          0         0         0
615970333                         7.379      1.025  2.912E-005  0.0003946 7.539E-005  0.001022
258904355                         7.379      1.025  3.542E-005    0.00048 9.023E-005  0.001223
264505719                         7.379      1.025          0          0         0         0
699625105                         7.379      1.025          0          0         0         0
258904416                         7.379      1.025          0          0         0         0
615970394                         7.379      1.025  2.93E-005   0.000397 7.587E-005  0.001028
258904181                         7.379      1.025          0          0         0         0
258904333                         7.379      1.025          0          0         0         0
258904338                         7.379      1.025          0          0         0         0
263530666                         7.379      1.025  1.224E-005  0.0001658 1.845E-005 0.0002501
258904293                         7.379      1.025          0          0         0         0
258903853                         7.379      1.025  3.212E-005  0.0004353 8.242E-005  0.001117
258904161                         7.379      1.025          0          0         0         0
