0
0
0
0
0
0
0
0
0
0
0
0
0
0
0
0
0
0
0
0
0
0
0
0
0
0
0
0
0
0
0
0
0
0
0
0
0
0
0
0
0
0
0
0
0
0
0
0
0
0
0
0
0
0
0
0
0
0
0
0
0
0
0
0
0
0
0
0
0
0
0
0
0
0
0
0
0
0
0
0
0
0
0
0
0
0
0
0
0
0
0
0
0
0
0
0
0
0
0
0
0
0
0
0
0
0
0
0
0
0
0
0
0
0
0
0
0
0
0
0
0
0
0
0
0
0
0
0
0
0
0
0
0
0
0
0
0
0
0
0
0
0
0
0
0
0
0
0
0
0
0
0
0
0
0
0
0
0
0
0
0
0
0
0
0
0
0
0
0
0
0
0
0
0
0
0
0
0
0
0
0
0
0
0
0
0
0
0
0
0
0
0
0
0
0
0
0
0
0
0
0
0
0
0
0
0
0
0
0
0
0
0
0
0
0
0
0
0
0
0
0
0
0
0
0
0
0
0
0
0
0
0
0
0
0
0
0
0
0
0
0
0
0
0
0
0
0
0
0
0
0
0
0
0
0
0
0
0
0
0
0
0
0
0
0
0
0
0
0
0
0
0
0
0
0
0
0
0
0
0
0
0
0
0
0
0
0
0
0
0
0
0
0
0
0
0
0
0
0
0
0
0
0
0
0
0
0
0
0
0
0
0
0
0
0
0
0
0
0
0
0
0
0
0
0
0
0
0
0
0
0
0
0
0
0
0
0
0
0
0
0
0
0
0
0
0
0
0
0
0
0
0
0
0
0
0
0
0
0
0
0
0
0
0
0
0
0
0
0
0
0
0
0
0
0
0
0
0
0
0
0
0
0
0
0
0
0
0
0
0
0
0
0
0
0
0
0
0
0
0
0
0
0
0
0
0
0
0
0
0
0
0
0
0
0
0
0
0
0
0
0
0
0
0
0
0
0
0
0
0
0
0
0
0
0
0
0
0
0
0
0
0
0
0
0
0
0
0
0
0
0
0
0
0
0
0
0
0
0
0
0
0
0
0
0
0
0
0
0
0
0
0
0
0
0
0
0
0
0
0
0
0
0
0
0
0.007836
0.018343
0.022132
0.023651
0.024042
0.024434
0.024825
0.025217
0.025608
0.025548
0.025487
0.027196
0.028905
0.030614
0.032323
0.032964
0.033604
0.036965
0.040326
0.043687
0.042986
0.042286
0.041586
0.040885
0.039488
0.04201
0.044532
0.050282
0.065458
0.061359
0.064953
0.059237
0.06395
0.056827
0.063344
0.054734
0.052766
0.056826
0.058536
0.064664
0.10004
0.088778
0.23931
0.2404
0.24543
0.25045
0.2624
0.26534
0.26026
0.28955
0.29187
0.31597
0.3323
0.28711
0.34056
0.18853
0.082015
0.35089
0.082712
0.07749
0.36548
0.38209
0.081476
0.074899
0.078489
0.39148
0.07537
0.082026
0.10985
0.31894
0.12217
0.12957
0.14221
0.54027
0.53572
0.43646
0.46414
0.4615
0.19361
0.15215
0.26282
0.17239
0.31593
0.38038
0.37949
0.22693
0.45976
0.53712
0.54424
0.21322
0.19242
0.19659
0.27984
0.46835
0.38385
0.43805
0.40194
0.20743
0.1606
0.16763
0.15281
0.31834
0.4587
0.24658
0.18105
0.17394
0.15537
0.1557
0.11775
0.11557
0.13403
0.14366
0.12837
0.12344
0.12498
0.12653
0.14773
0.54748
0.4612
0.57449
0.2416
0.21529
0.17058
0.16332
0.22917
0.36862
0.58257
0.36135
0.36095
0.14653
0.12614
0.10931
0.10188
0.10448
0.11191
0.12971
0.61268
0.26999
0.13076
0.1211
0.11869
0.1281
0.34496
0.36265
0.17299
0.15227
0.12054
0.11949
0.37128
0.69817
0.67679
0.185
0.15138
0.33843
0.49718
0.7136
0.16562
0.22703
0.17629
0.16299
0.20638
0.1674
0.126
0.12324
0.13045
0.69091
0.70379
0.56821
0.61346
0.71361
0.644
0.69378
0.68948
0.48765
0.6159
0.68326
0.67886
0.6718
0.53481
0.6687
0.67431
0.67568
0.67706
0.67717
0.67728
0.68114
0.685
0.69379
0.69776
0.70566
0.70764
0.70405
0.70047
0.69527
0.69237
0.69603
0.69968
0.70334
0.70509
0.70381
0.7064
0.69962
0.69285
0.69676
0.68176
0.70018
0.69905
0.70526
0.71147
0.58702
0.3139
0.5031
0.31179
0.49543
0.80686
0.59389
0.72141
0.27819
0.26722
0.25624
0.22742
0.52068
0.22673
0.26242
0.26721
0.23143
0.23041
0.29037
0.23207
0.2226
0.21982
0.20527
0.21704
0.2288
0.21429
0.1886
0.21949
0.2052
0.20273
0.2106
0.21846
0.41265
0.41864
0.3133
0.27371
0.25959
0.28286
0.45118
0.35693
0.33984
0.35419
0.55297
0.38993
0.69307
0.75239
0.3762
0.81857
0.81865
0.83001
0.81688
0.79177
0.77597
0.75043
0.72938
0.7196
0.71874
0.70201
0.69822
0.69444
0.68988
0.68532
0.6876
0.69527
0.70937
0.71694
0.71793
0.73312
0.68771
0.41821
0.55478
0.52779
0.3558
0.401
0.8028
0.73832
0.74792
0.63943
0.70705
0.38302
0.29671
0.30697
0.33203
0.35272
0.33217
0.31457
0.2824
0.25729
0.24576
0.24895
0.24849
0.22771
0.21191
0.20226
0.1926
0.18622
0.17784
0.15895
0.14506
0.13698
0.13239
0.12449
0.11989
0.11944
0.12489
0.13772
0.15609
0.17042
0.21411
0.37061
0.36806
0.24415
0.23942
0.2428
0.24618
0.24449
0.2428
0.26395
0.33504
0.30237
0.26302
0.22935
0.21049
0.20346
0.19643
0.19275
0.19188
0.19102
0.19578
0.19834
0.19339
0.18843
0.18151
0.16693
0.14661
0.13118
0.12284
0.12343
0.13016
0.1369
0.13319
0.12641
0.11962
0.11626
0.118
0.11975
0.1215
0.12324
0.12027
0.11517
0.11006
0.10739
0.10759
0.12392
0.22837
0.15258
0.14254
0.13249
0.10323
0.073967
0.05935
0.049393
0.043967
0.043651
0.046887
0.05301
0.059134
0.065257
0.066633
0.068009
0.069385
0.070737
0.072088
0.07344
0.078638
0.091188
0.10997
0.12349
0.12588
0.12113
0.11639
0.116
0.12047
0.12217
0.11961
0.11472
0.10983
0.10494
0.097404
0.089869
0.087796
0.093159
0.10261
0.11206
0.11148
0.10432
0.097163
0.085117
0.07307
0.069958
0.074052
0.084504
0.10112
0.11774
0.13114
0.1377
0.13793
0.13263
0.12733
0.12204
0.11631
0.11057
0.10782
0.10728
0.10674
0.1062
0.10566
0.10513
0.10613
0.10714
0.10274
0.098335
0.093933
0.089531
0.090387
0.091242
0.096404
0.10157
0.10673
0.11402
0.11826
0.12485
0.12865
0.13244
0.13624
0.1351
0.13396
0.1364
0.14339
0.15039
0.15436
0.15371
0.14943
0.14259
0.13401
0.12543
0.11685
0.11183
0.1103
0.11669
0.12512
0.13834
0.14661
0.13385
0.14429
0.16162
0.17405
0.18348
0.20746
0.23596
0.34604
0.46843
0.16988
0.15948
0.44962
0.26751
0.53485
0.58715
0.67931
0.55482
0.48571
0.36878
0.20233
0.39142
0.14835
0.19233
0.14762
0.13693
0.1469
0.13143
0.12391
0.1164
0.17715
0.1213
0.087975
0.073138
0.070351
0.067563
0.070946
0.074329
0.07915
0.086712
0.097237
0.20178
0.4119
0.21249
0.27483
0.14724
0.29121
0.46501
0.38839
0.30605
0.12344
0.15122
0.15122
0.3723
0.21202
0.41496
0.41413
0.41331
0.40253
0.38018
0.38018
0.36363
0.34956
0.32038
0.32038
0.30898
0.29757
0.27563
0.26624
0.25684
0.24932
0.22261
0.21239
0.20218
0.19343
0.17082
0.16302
0.15522
0.14742
0.12553
0.11922
0.1129
0.10714
0.094789
0.082435
0.077535
0.072635
0.067735
0.062835
0.04915
0.045427
0.041704
0.037981
0.037981
0.025592
0.022391
0.019191
0.01599
0.014382
0.010735
0.0093934
0.0080518
0.0067101
0.0053685
0.0040269
0.0026852
0.0013436
2e-06
0
0
0
0
0
0
0
0
0
0
0
0
0
0
0
0
0
0
0
0
0
0
0
0
0
0
0
0
0
0
0
0
0
0
0
0
0
0
0
0
0
0
0
0
0
0
0
0
0
0
0
0
0
0
0
0
0
0
0
0
0
0
0
0
0
0
0
0
0
0
0
0
0
0
0
0
0
0
0
0
0
0
0
0
0
0
0
0
0
0
0
0
0
0
0
0
0
0
0
0
0
0
0
0
0
0
0
0
0
0
0
0
0
0
0
0
0
0
0
0
0
0
0
0
0
0
0
0
0
0
0
0
0
0
0
0
0
0
0
0
0
0
0
0
0
0
0
0
0
0
0
0
0
0
0
0
0
0
0
0
0
0
0
0
0
0
0
0
0
0
0
0
0
0
0
0
0
0
0
0
0
0
0
0
0
0
0
0
0
0
0
0
0
0
0
0
0
0
0
0
0
0
0
0
0
0
0
0
0
0
0
0
0
0
0
0
0
0
0
0
0
0
0
0
0
0
0
0
0
0
0
0
0
0
0
0
0
0
0
0
0
0
0
0
0
0
0
0
0
0
0
0
0
0
0
0
0
0
0
0
0
0
0
0
0
0
0
0
0
0
0
0
0
0
0
0
0
0
0
0
0
0
0
0
0
0
0
0
0
0
0
0
0
0
0
0
0
0
0
0
0
0
0
0
0
0
0
0
0
0
0
0
0
0
0
0
0
0
0
0
0
0
0
0
0
0
0
0
0
0
0
0
0
0
0
0
0
0
0
0
0
0
0
0
0
0
0
0
0
0
0
0
0
0
0
0
0
0
0
0
0
0
0
0
0
0
0
0
0
0
0
0
0
0
0
0
0
0
0
0
0
0
0
0
0
0
