0.66482
0.66562
0.66651
0.66748
0.66853
0.66965
0.67082
0.67202
0.67321
0.67438
0.67549
0.67642
0.67723
0.6779
0.67839
0.67869
0.67877
0.67863
0.67825
0.67764
0.67678
0.67544
0.67392
0.67225
0.67048
0.66867
0.66687
0.66514
0.66351
0.66203
0.66075
0.65981
0.6591
0.65865
0.65845
0.65849
0.65877
0.65927
0.65998
0.66088
0.66195
0.66267
0.66357
0.66467
0.666
0.66757
0.6694
0.67149
0.67383
0.6764
0.67917
0.68257
0.68604
0.68946
0.69274
0.69577
0.69845
0.70068
0.70238
0.70349
0.70398
0.70292
0.70131
0.69923
0.69682
0.6942
0.69151
0.68888
0.68643
0.68427
0.6825
0.68184
0.68162
0.68179
0.68229
0.68304
0.68395
0.6849
0.6858
0.68652
0.68697
0.68639
0.68544
0.68409
0.68236
0.68028
0.67789
0.67522
0.67234
0.66932
0.66622
0.66315
0.66013
0.65722
0.65447
0.65194
0.64966
0.64766
0.64595
0.64454
0.64342
0.64251
0.64185
0.64141
0.64114
0.64101
0.64095
0.64091
0.64083
0.64066
0.64034
0.63974
0.63891
0.63783
0.63648
0.63485
0.63296
0.63082
0.62847
0.62597
0.62336
0.62016
0.61705
0.61416
0.61161
0.60954
0.60804
0.60722
0.60713
0.60784
0.60935
0.61241
0.61616
0.62048
0.62521
0.6302
0.63527
0.64027
0.64504
0.64944
0.65335
0.65541
0.65695
0.65804
0.65878
0.65929
0.65968
0.6601
0.66064
0.66143
0.66253
0.66506
0.66791
0.671
0.67421
0.67743
0.68051
0.68333
0.68573
0.6876
0.68883
0.68821
0.68688
0.68492
0.68239
0.67939
0.67603
0.67242
0.66867
0.66491
0.66123
0.65832
0.65561
0.6531
0.6508
0.64869
0.64673
0.64489
0.64312
0.6414
0.63967
0.63735
0.63502
0.6327
0.63043
0.62824
0.62618
0.6243
0.62264
0.62125
0.62017
0.61953
0.61927
0.61941
0.61995
0.62091
0.62228
0.62406
0.62623
0.62876
0.63163
0.63462
0.6379
0.64145
0.64525
0.64926
0.65345
0.65778
0.66221
0.6667
0.67121
0.67552
0.67976
0.6839
0.68789
0.6917
0.6953
0.69864
0.70168
0.7044
0.70676
0.70866
0.71015
0.71119
0.71179
0.71192
0.71158
0.71078
0.70953
0.70784
0.70575
0.70336
0.70065
0.69764
0.69441
0.69101
0.68751
0.68398
0.68053
0.67723
0.67418
0.67025
0.66685
0.66418
0.6624
0.66164
0.66201
0.66356
0.66629
0.67016
0.67505
0.68315
0.6917
0.70024
0.7083
0.71543
0.72118
0.72517
0.72709
0.7267
0.72389
0.71486
0.7038
0.69125
0.67781
0.66411
0.65082
0.63859
0.62804
0.6197
0.61402
0.61512
0.61909
0.62567
0.63451
0.64515
0.6571
0.66978
0.68264
0.69511
0.70667
0.71357
0.719
0.72291
0.72534
0.72642
0.72629
0.72517
0.72329
0.72092
0.71831
0.71735
0.71648
0.71576
0.71522
0.71488
0.71472
0.71471
0.7148
0.71494
0.71506
0.71445
0.71376
0.71298
0.71211
0.71118
0.71018
0.70916
0.70814
0.70717
0.70628
0.70509
0.70412
0.70347
0.70322
0.70345
0.70423
0.7056
0.70759
0.71021
0.71345
0.71787
0.72274
0.72793
0.73329
0.73864
0.74383
0.7487
0.75308
0.75685
0.75989
0.76115
0.76161
0.76134
0.76041
0.75891
0.75695
0.75466
0.75215
0.74955
0.74695
0.74506
0.74329
0.74168
0.7402
0.73885
0.73757
0.73634
0.7351
0.7338
0.73237
0.73024
0.72793
0.72547
0.72287
0.72015
0.71733
0.71444
0.71151
0.70858
