0.66499
0.66512
0.66511
0.66498
0.66476
0.66447
0.66415
0.66381
0.66351
0.66325
0.66307
0.66297
0.66299
0.66313
0.66341
0.66383
0.66438
0.66504
0.66579
0.66661
0.66746
0.66826
0.66903
0.66974
0.67034
0.67081
0.67112
0.67124
0.67115
0.67084
0.6703
0.6693
0.66812
0.66678
0.66533
0.66384
0.66235
0.66092
0.6596
0.65844
0.65751
0.65667
0.65613
0.65595
0.65616
0.65676
0.65777
0.65917
0.66094
0.66305
0.66543
0.6683
0.67129
0.67429
0.67719
0.67989
0.68229
0.68429
0.68583
0.68684
0.68728
0.68637
0.68496
0.68314
0.68103
0.67875
0.67642
0.67417
0.67212
0.67038
0.66902
0.66861
0.66866
0.66913
0.66996
0.67108
0.67241
0.67384
0.67526
0.67655
0.6776
0.67796
0.67789
0.67736
0.67632
0.67475
0.67264
0.67
0.66685
0.66325
0.65926
0.65456
0.64966
0.64469
0.63978
0.63505
0.63065
0.62666
0.6232
0.62032
0.61809
0.61688
0.6163
0.61631
0.61682
0.61773
0.61894
0.62032
0.62175
0.62309
0.62423
0.62478
0.62495
0.62468
0.62395
0.62275
0.62109
0.619
0.61653
0.61376
0.61079
0.60708
0.60344
0.60006
0.59712
0.59478
0.5932
0.5925
0.59279
0.59411
0.59649
0.601
0.60639
0.61246
0.619
0.62576
0.6325
0.63897
0.64495
0.65024
0.65467
0.65646
0.65732
0.65736
0.65671
0.65554
0.65403
0.65238
0.65078
0.6494
0.6484
0.64914
0.65037
0.65206
0.65411
0.65642
0.65888
0.66133
0.66363
0.66564
0.66722
0.66726
0.66674
0.66565
0.664
0.66186
0.65926
0.65628
0.65299
0.6495
0.64588
0.64237
0.63889
0.63553
0.63234
0.62937
0.62667
0.62427
0.62218
0.62041
0.61897
0.61794
0.61717
0.61664
0.61628
0.61606
0.61592
0.61582
0.61573
0.61562
0.61547
0.61465
0.61387
0.61318
0.61269
0.61248
0.61264
0.61324
0.61437
0.61607
0.6184
0.62185
0.62591
0.63051
0.63559
0.64104
0.64677
0.65267
0.65862
0.6645
0.67021
0.67494
0.67938
0.68349
0.68727
0.69071
0.69383
0.69663
0.69912
0.70131
0.70321
0.70518
0.70683
0.70812
0.70901
0.70946
0.70945
0.70894
0.70791
0.70635
0.70426
0.7014
0.69809
0.69438
0.69037
0.68614
0.6818
0.67746
0.67322
0.66922
0.66556
0.6615
0.65806
0.6554
0.65367
0.65295
0.65333
0.65483
0.65743
0.66105
0.66557
0.67274
0.68028
0.68778
0.69484
0.70105
0.70603
0.70944
0.71103
0.71059
0.70802
0.70001
0.69024
0.67918
0.66736
0.65533
0.6437
0.63302
0.62382
0.61658
0.61168
0.61286
0.61653
0.62243
0.63023
0.63952
0.64983
0.66066
0.67152
0.6819
0.69135
0.69622
0.69974
0.70195
0.70296
0.70292
0.70205
0.70058
0.69875
0.69683
0.69505
0.69567
0.69665
0.69796
0.69953
0.70128
0.70308
0.70483
0.70638
0.70761
0.7084
0.70739
0.7059
0.70397
0.70169
0.69916
0.6965
0.69384
0.6913
0.68901
0.6871
0.68586
0.68519
0.68517
0.68584
0.68722
0.68933
0.69213
0.69559
0.69963
0.70417
0.70928
0.71464
0.72011
0.72553
0.73074
0.73559
0.73994
0.74366
0.74665
0.74883
0.74946
0.74925
0.74827
0.74659
0.74433
0.74159
0.73851
0.73522
0.73184
0.72851
0.72564
0.72299
0.72061
0.71854
0.7168
0.71537
0.71424
0.71338
0.71273
0.71224
0.71168
0.71116
0.71061
0.70999
0.70923
0.70827
0.70709
0.70563
0.70389
