
SYMMETRICAL COMPONENT VOLTAGES BY BUS (for 3-phase buses)

Bus                    Mag:   V1 (kV)    p.u.     V2 (kV)   %V2/V1    V0 (kV)    %V0/V1

flay_ret_16271201         7.222      1.003    0.02875     0.3981   0.01381    0.1913
flay_ret_16271201_reg     7.446      1.034     0.0299     0.4015   0.01449    0.1946
259478708                 6.969      0.968          0          0         0         0
263960229                 6.969      0.968          0          0         0         0
260005788                 7.083     0.9839          0          0         0         0
261061097                 7.083     0.9838          0          0         0         0
258426039                 7.018     0.9747        0.1      1.425    0.1248     1.778
263395453                 7.031     0.9766          0          0         0         0
260663880                 7.031     0.9766          0          0         0         0
260664691                 7.111     0.9877          0          0         0         0
260664696                 7.111     0.9877          0          0         0         0
260662951                 6.923     0.9615          0          0         0         0
260662956                 6.922     0.9615          0          0         0         0
260663855                 7.108     0.9873          0          0         0         0
260663845                 7.108     0.9873          0          0         0         0
263395327                 7.109     0.9875          0          0         0         0
260663835                 7.109     0.9874          0          0         0         0
259577429                  7.12     0.9889    0.05436     0.7636     0.107     1.503
264148864                 7.124     0.9894          0          0         0         0
261434126                 7.122     0.9892          0          0         0         0
260663850                 7.109     0.9874          0          0         0         0
263395210                 7.103     0.9866          0          0         0         0
260663820                 7.103     0.9866          0          0         0         0
258425187                 7.103     0.9866          0          0         0         0
263395219                 7.103     0.9866          0          0         0         0
260663840                 7.109     0.9874          0          0         0         0
258425792                 7.104     0.9867    0.08691      1.224     0.118     1.661
263395399                 7.104     0.9867    0.08691      1.224     0.118     1.661
260662896                 7.119     0.9889          0          0         0         0
260662901                 7.119     0.9888          0          0         0         0
259577439                 7.118     0.9887    0.05459     0.7669    0.1056     1.483
264148846                 7.042     0.9782          0          0         0         0
261433681                 7.122     0.9892          0          0         0         0
261434117                 7.122     0.9892          0          0         0         0
261433676                 7.122     0.9892          0          0         0         0
261434092                 7.042     0.9781          0          0         0         0
263399247                 6.893     0.9574          0          0         0         0
260664721                 6.888     0.9568          0          0         0         0
258425177                 7.105     0.9869          0          0         0         0
263395201                 7.105     0.9869          0          0         0         0
260663810                 7.099     0.9861          0          0         0         0
260663790                 7.099      0.986          0          0         0         0
263399355                  6.91     0.9598          0          0         0         0
260664776                  6.91     0.9598          0          0         0         0
261433687                 7.043     0.9782          0          0         0         0
261433671                 7.042     0.9781          0          0         0         0
261434097                 7.042     0.9781          0          0         0         0
261433666                 7.042     0.9781          0          0         0         0
258443981                  6.91     0.9598          0          0         0         0
263399175                 7.113     0.9879          0          0         0         0
260664681                 7.112     0.9878          0          0         0         0
258443424                 6.975     0.9688     0.1059      1.518    0.1157     1.658
258443539                 6.893     0.9574          0          0         0         0
263399238                 6.893     0.9574          0          0         0         0
617401567                 7.125     0.9896          0          0         0         0
617401556                 7.124     0.9895          0          0         0         0
258443386                 6.994     0.9714     0.1036      1.481     0.124     1.773
263702144                 6.862      0.953          0          0         0         0
258443524                 6.945     0.9646      0.114      1.641    0.1083     1.559
263399220                 6.839       0.95          0          0         0         0
263399328                 6.924     0.9617          0          0         0         0
260664771                 6.924     0.9617          0          0         0         0
260972735                 6.861     0.9529          0          0         0         0
264353610                 7.122     0.9892          0          0         0         0
263399310                 6.926      0.962          0          0         0         0
260664766                 6.926      0.962          0          0         0         0
263399391                 7.193     0.9991          0          0         0         0
260664781                 7.193     0.9991          0          0         0         0
258443464                 6.962      0.967     0.1091      1.568     0.112     1.609
263399193                 6.934      0.963          0          0         0         0
260664716                 6.933      0.963          0          0         0         0
264353601                 7.042     0.9781          0          0         0         0
261433667                 7.042     0.9781          0          0         0         0
263981657                 6.997     0.9719          0          0         0         0
261266937                 6.997     0.9719          0          0         0         0
450041331                  6.88     0.9557          0          0         0         0
450041303                  6.88     0.9557          0          0         0         0
384331459                 6.873     0.9546          0          0         0         0
384331487                 6.873     0.9546          0          0         0         0
258425699                 7.206      1.001    0.06317     0.8767   0.09165     1.272
264146153                 7.245      1.006          0          0         0         0
261430842                 7.245      1.006          0          0         0         0
258406218                 7.041     0.9779          0          0         0         0
263391463                 7.041     0.9779          0          0         0         0
260662916                  7.04     0.9779          0          0         0         0
620861418                 6.996     0.9717    0.05444     0.7782    0.1397     1.997
620861448                 6.972     0.9684          0          0         0         0
258406550                 6.924     0.9617          0          0         0         0
263391562                 6.924     0.9617          0          0         0         0
260662946                 6.923     0.9616          0          0         0         0
263782338                 7.067     0.9816          0          0         0         0
261052096                 7.067     0.9816          0          0         0         0
259418041                 6.881     0.9558          0          0         0         0
263909231                 6.881     0.9558          0          0         0         0
384502983                  6.88     0.9556          0          0         0         0
384503022                  6.88     0.9556          0          0         0         0
260981170                  6.95     0.9654          0          0         0         0
260981164                  6.95     0.9653          0          0         0         0
260663780                 7.105     0.9868          0          0         0         0
260663785                 7.104     0.9868          0          0         0         0
384502996                  6.88     0.9556          0          0         0         0
258425926                 7.046     0.9786    0.09743      1.383    0.1262     1.791
263782329                 7.067     0.9816          0          0         0         0
258406123                 7.178      0.997          0          0         0         0
263391427                 7.178      0.997          0          0         0         0
263391517                 7.191     0.9989          0          0         0         0
260662941                 7.191     0.9988          0          0         0         0
263391346                 7.388      1.026          0          0         0         0
260662881                 7.388      1.026          0          0         0         0
258443763                 6.906     0.9593          0          0         0         0
263997744                 6.906     0.9593          0          0         0         0
261282710                 6.906     0.9592          0          0         0         0
258405714                 7.388      1.026          0          0         0         0
263391481                 7.109     0.9875          0          0         0         0
260664746                  6.89     0.9571          0          0         0         0
260664736                  6.89      0.957          0          0         0         0
260664741                 6.891     0.9572          0          0         0         0
263663375                 6.915     0.9605          0          0         0         0
260881911                 6.915     0.9605          0          0         0         0
258406338                 7.192     0.9989          0          0         0         0
263391508                 7.192     0.9989          0          0         0         0
259142547                 6.915     0.9605          0          0         0         0
260664726                 6.888     0.9567          0          0         0         0
260664731                 6.887     0.9566          0          0         0         0
261061098                 7.083     0.9838          0          0         0         0
264338255                 7.104     0.9868          0          0         0         0
260664686                 7.111     0.9877          0          0         0         0
258425363                 6.978     0.9693          0          0         0         0
263395264                 6.978     0.9693          0          0         0         0
261243331                 6.969     0.9679          0          0         0         0
260663825                 6.978     0.9693          0          0         0         0
258405938                 7.153     0.9935    0.05294     0.7401    0.1045     1.461
263391382                 7.158     0.9942          0          0         0         0
260662886                 7.158     0.9942          0          0         0         0
263395426                 7.106      0.987          0          0         0         0
260663875                 7.106     0.9869          0          0         0         0
260664701                 7.112     0.9878          0          0         0         0
260664706                 7.112     0.9878          0          0         0         0
258425882                 7.106      0.987          0          0         0         0
263395345                 7.266      1.009          0          0         0         0
260663865                 7.266      1.009          0          0         0         0
260663870                 7.103     0.9866    0.08691      1.224    0.1179      1.66
258405818                 7.266      1.009          0          0         0         0
259446919                 6.907     0.9594          0          0         0         0
261213173                 6.907     0.9594          0          0         0         0
260663795                 7.103     0.9865          0          0         0         0
258406233                 7.113     0.9879    0.05387     0.7573    0.1139     1.601
258425468                 6.997     0.9719          0          0         0         0
263395282                 6.997     0.9719          0          0         0         0
260663830                 6.997     0.9719          0          0         0         0
264310933                 7.112     0.9878          0          0         0         0
260662926                 7.114     0.9881          0          0         0         0
260662931                 7.113      0.988          0          0         0         0
260662921                 7.114     0.9881          0          0         0         0
264148873                 7.043     0.9782          0          0         0         0
260662906                 7.119     0.9888          0          0         0         0
260662911                 7.119     0.9888          0          0         0         0
260663805                   7.1     0.9862          0          0         0         0
264148855                 7.124     0.9895          0          0         0         0
260663800                 7.101     0.9862          0          0         0         0
261434112                 7.122     0.9892          0          0         0         0
260664761                 6.839     0.9499          0          0         0         0
258406032                 7.118     0.9886    0.05476     0.7694    0.1045     1.469
620695940                 7.031     0.9767          0          0         0         0
620695957                 7.031     0.9766          0          0         0         0
258443856                 6.924     0.9617          0          0         0         0
258443724                 6.881     0.9557          0          0         0         0
263399283                 6.881     0.9557          0          0         0         0
260664756                 6.881     0.9557          0          0         0         0
258443831                 6.926      0.962          0          0         0         0
258444254                 7.193     0.9991          0          0         0         0
258443429                 6.974     0.9687     0.1061      1.521    0.1153     1.654
263399184                 7.112     0.9879          0          0         0         0
264357162                 7.113      0.988          0          0         0         0
450041290                  6.88     0.9557          0          0         0         0
384331483                 6.873     0.9546          0          0         0         0
264245362                 6.887     0.9566          0          0         0         0
258425463                 6.997     0.9719          0          0         0         0
260972736                  6.86     0.9529          0          0         0         0
264276847                 7.109     0.9874          0          0         0         0
258406228                 7.116     0.9884     0.0538     0.7561    0.1127     1.584
263391472                 7.114     0.9881          0          0         0         0
260981165                 6.949     0.9652          0          0         0         0
620861437                 6.972     0.9684          0          0         0         0
263391571                 6.922     0.9615          0          0         0         0
260662961                 6.922     0.9615          0          0         0         0
261184167                 6.881     0.9558          0          0         0         0
261433677                 7.122     0.9892          0          0         0         0
258406013                 7.121     0.9891    0.05382     0.7557    0.1113     1.563
263391454                  7.12      0.989          0          0         0         0
259217100                 6.951     0.9655          0          0         0         0
263709233                 6.951     0.9655          0          0         0         0
261052101                 7.067     0.9816          0          0         0         0
260662891                 7.178      0.997          0          0         0         0
259374992                 6.974     0.9687          0          0         0         0
261140529                 6.974     0.9686          0          0         0         0
261052090                 7.065     0.9813          0          0         0         0
261052091                 7.065     0.9813          0          0         0         0
261052106                 7.066     0.9814          0          0         0         0
260662936                 7.192     0.9989          0          0         0         0
258406348                 7.191     0.9989          0          0         0         0
259529045                 7.175     0.9966          0          0         0         0
259529050                 7.175     0.9966          0          0         0         0
258425092                 6.996     0.9717     0.0547     0.7818    0.1397     1.997
258425097                 6.996     0.9717    0.05462     0.7808    0.1397     1.997
258406465                 7.053     0.9797    0.05364     0.7606    0.1389     1.969
384399848                 7.053     0.9797    0.05364     0.7605    0.1389     1.969
258425010                 6.906     0.9592          0          0         0         0
258425015                 6.906     0.9592          0          0         0         0
258425080                 6.996     0.9718    0.05485      0.784    0.1398     1.998
258406113                 7.179     0.9971          0          0         0         0
258406118                 7.179     0.9971          0          0         0         0
258406193                 7.042     0.9781          0          0         0         0
258406198                 7.041      0.978          0          0         0         0
258425020                 6.906     0.9592          0          0         0         0
258406188                 7.042     0.9781          0          0         0         0
258406108                 7.179     0.9971          0          0         0         0
258425075                 6.996     0.9717    0.05516     0.7884    0.1388     1.985
620861398                 7.107     0.9872          0          0         0         0
258406033                 7.117     0.9886    0.05497     0.7723    0.1036     1.455
263391400                 7.187     0.9982          0          0         0         0
258425192                  7.05     0.9792    0.05384     0.7636    0.1396     1.979
258425197                  7.05     0.9792    0.05384     0.7636    0.1396     1.979
258425112                 6.972     0.9684          0          0         0         0
258425117                 6.972     0.9684          0          0         0         0
258425102                 6.973     0.9685          0          0         0         0
258425393                  6.97     0.9682          0          0         0         0
263395273                  6.97     0.9682          0          0         0         0
258425427                  6.97     0.9681          0          0         0         0
263391391                 7.125     0.9896    0.05381     0.7553    0.1099     1.542
258406018                 7.124     0.9895    0.05393      0.757    0.1092     1.534
263395435                 6.939     0.9638          0          0         0         0
258425902                 6.939     0.9638          0          0         0         0
258425640                 7.227      1.004    0.05859     0.8108   0.08632     1.194
263395381                 7.266      1.009          0          0         0         0
258405593                 7.436      1.033    0.03069     0.4127   0.01862    0.2504
290683468                 7.431      1.032    0.03113     0.4189   0.02016    0.2713
258425892                 7.071     0.9821    0.09319      1.318    0.1249     1.767
258425635                 7.236      1.005    0.05657     0.7818   0.08405     1.161
263395372                 7.156      0.994          0          0         0         0
263395255                 7.039     0.9777    0.04947     0.7027    0.1488     2.113
258425316                 7.039     0.9777    0.04946     0.7027    0.1488     2.113
258425645                 7.156     0.9939          0          0         0         0
258425306                 7.039     0.9777    0.04947     0.7027    0.1488     2.113
258425443                 6.974     0.9687          0          0         0         0
263866165                 6.974     0.9687          0          0         0         0
258425772                 7.125     0.9897    0.08379      1.176    0.1095     1.537
258425776                 7.121     0.9891    0.08435      1.184     0.111     1.559
263733246                  7.04     0.9779          0          0         0         0
258406223                  7.04     0.9778          0          0         0         0
258424969                 7.002     0.9726    0.05622     0.8029    0.1445     2.064
258424974                 7.002     0.9726    0.05624     0.8032    0.1446     2.065
258425872                 7.106      0.987          0          0         0         0
258425877                 7.106     0.9869          0          0         0         0
258443861                 6.921     0.9613          0          0         0         0
258443865                 6.917     0.9608          0          0         0         0
258405784                 7.275       1.01    0.04813     0.6616   0.07603     1.045
263395354                  7.21      1.001          0          0         0         0
263755757                  7.04     0.9779    0.05045     0.7166    0.1486      2.11
258425294                  7.04     0.9778    0.04968     0.7058    0.1487     2.112
263733237                 7.154     0.9936          0          0         0         0
258405853                 7.154     0.9936          0          0         0         0
258425871                 7.106      0.987          0          0         0         0
263395408                 7.117     0.9885          0          0         0         0
258425832                 7.117     0.9885          0          0         0         0
258425588                  7.21      1.001          0          0         0         0
258406178                 7.119     0.9888    0.05381      0.756     0.112     1.574
258424981                 7.002     0.9726    0.05628     0.8038    0.1448     2.068
258425852                 7.079     0.9832      0.092        1.3    0.1249     1.764
263395417                  7.11     0.9876          0          0         0         0
426195270                 6.996     0.9718          0          0         0         0
259316804                 6.996     0.9718          0          0         0         0
263733345                 6.946     0.9647          0          0         0         0
258443781                 6.942     0.9642          0          0         0         0
263395228                  7.05     0.9793    0.05383     0.7636    0.1395     1.979
263998651                 6.948      0.965          0          0         0         0
259552831                 6.947      0.965          0          0         0         0
258425254                 7.044     0.9784    0.05141     0.7299    0.1454     2.065
263395237                 6.961     0.9669          0          0         0         0
258425972                 7.021     0.9752     0.1002      1.428    0.1264     1.801
258425977                  7.02     0.9751     0.1003      1.428    0.1264     1.801
258443774                 7.082     0.9836    0.09188      1.297    0.1287     1.817
258424954                 7.003     0.9727     0.0562     0.8026    0.1445     2.064
258424959                 7.002     0.9726    0.05618     0.8022    0.1444     2.062
258424939                 7.003     0.9727    0.05622     0.8027    0.1446     2.065
263395336                 7.049     0.9791          0          0         0         0
258425558                 7.049      0.979          0          0         0         0
258425857                 7.077      0.983    0.09222      1.303    0.1249     1.765
258425827                  7.08     0.9834    0.09176      1.296    0.1249     1.764
258405801                 7.253      1.007    0.04877     0.6724   0.08193      1.13
263733228                 7.186     0.9981          0          0         0         0
258425478                 6.964     0.9673          0          0         0         0
263395300                 6.964     0.9673          0          0         0         0
258406003                 7.049     0.9791          0          0         0         0
258425473                 6.965     0.9674          0          0         0         0
258425477                 6.964     0.9673          0          0         0         0
263395291                 6.967     0.9676          0          0         0         0
259471071                 7.204      1.001          0          0         0         0
259471076                 7.204      1.001          0          0         0         0
258425942                 7.052     0.9796    0.09626      1.365    0.1257     1.783
258424934                 7.004     0.9728    0.05626     0.8033    0.1449     2.069
615922930                 6.923     0.9616          0          0         0         0
615922967                 6.923     0.9616          0          0         0         0
263733291                 6.982     0.9698          0          0         0         0
263733318                 7.257      1.008          0          0         0         0
258444066                 7.257      1.008          0          0         0         0
615922924                 6.922     0.9615          0          0         0         0
258425946                 7.029     0.9763     0.0994      1.414    0.1263     1.797
258425952                 7.046     0.9787          0          0         0         0
258424929                 7.005      0.973    0.05632      0.804    0.1452     2.073
258443639                 7.079     0.9833          0          0         0         0
263399274                 7.079     0.9833          0          0         0         0
258425730                 7.162     0.9948    0.07585      1.059   0.09919     1.385
263733327                 7.193      0.999          0          0         0         0
258425837                 7.116     0.9884          0          0         0         0
263395309                 6.958     0.9665          0          0         0         0
258425518                 6.958     0.9664          0          0         0         0
263395390                 7.138     0.9914    0.08203      1.149    0.1047     1.467
258425760                 7.138     0.9914    0.08206       1.15    0.1047     1.467
258406580                  7.02      0.975     0.0564     0.8034    0.1456     2.075
258443654                 7.079     0.9833          0          0         0         0
263733282                 7.124     0.9895          0          0         0         0
258425503                 6.958     0.9665          0          0         0         0
263395318                 6.958     0.9665          0          0         0         0
258424949                 7.124     0.9895          0          0         0         0
258405873                 7.209      1.001    0.05078     0.7044   0.09183     1.274
258405878                 7.205      1.001    0.05093     0.7069   0.09265     1.286
258426034                 7.018     0.9747        0.1      1.425    0.1248     1.779
620695968                 7.031     0.9767          0          0         0         0
258443664                 7.078     0.9832          0          0         0         0
258443669                 7.078     0.9831          0          0         0         0
259596203                 7.247      1.007    0.04565     0.6299   0.07311     1.009
259596204                 7.247      1.007    0.04568     0.6302   0.07315     1.009
258405868                 7.213      1.002    0.05062     0.7018   0.09101     1.262
258425932                 7.062     0.9809     0.0946       1.34    0.1252     1.773
258425937                 7.059     0.9804    0.09527       1.35    0.1254     1.776
259577434                 7.119     0.9888    0.05446      0.765    0.1064     1.494
258444093                 7.271       1.01    0.04749     0.6532   0.07566     1.041
263399373                 7.293      1.013          0          0         0         0
263399256                 6.883     0.9561          0          0         0         0
258443719                 6.883     0.9561          0          0         0         0
258444103                 7.292      1.013          0          0         0         0
258406078                  7.18     0.9973          0          0         0         0
259259891                  7.18     0.9973          0          0         0         0
258425922                 7.065     0.9813    0.09416      1.333    0.1251     1.771
258424993                  6.98     0.9695          0          0         0         0
258443634                 6.933      0.963     0.1122      1.618    0.1006     1.451
258443643                 6.933      0.963     0.1121      1.617    0.1004     1.448
258443759                 6.907     0.9593          0          0         0         0
258405973                 7.075     0.9828          0          0         0         0
258405978                 7.075     0.9828          0          0         0         0
259474274                 6.935     0.9632          0          0         0         0
259474279                 6.934     0.9632          0          0         0         0
258425897                  7.07      0.982    0.09338      1.321     0.125     1.768
258425812                 7.093     0.9852    0.08921      1.258    0.1218     1.717
258425817                 7.084     0.9839     0.0912      1.287     0.125     1.765
259474269                 6.935     0.9632          0          0         0         0
258443764                 6.906     0.9592          0          0         0         0
258443569                 6.936     0.9635     0.1141      1.644    0.1048     1.511
258425887                 7.075     0.9827    0.09252      1.308    0.1249     1.765
258405968                 7.075     0.9828          0          0         0         0
258425000                 6.907     0.9593          0          0         0         0
258405848                 7.225      1.003    0.05013     0.6939   0.08851     1.225
258405858                 7.217      1.002    0.05048     0.6995   0.09023      1.25
258443644                 6.933      0.963     0.1121      1.616    0.1004     1.448
258126280                 6.933      0.963     0.1121      1.616    0.1004     1.448
258425045                 6.999     0.9721    0.05553     0.7935    0.1419     2.027
263395192                 6.908     0.9595          0          0         0         0
259149287                  6.91     0.9598          0          0         0         0
259281208                 6.909     0.9597          0          0         0         0
258425994                 7.019      0.975     0.1002      1.428    0.1259     1.794
258425999                 7.019     0.9749     0.1002      1.427    0.1258     1.792
258425055                 6.908     0.9595          0          0         0         0
258443469                 6.961     0.9668     0.1094      1.572    0.1118     1.606
258425917                 7.068     0.9817     0.0937      1.326     0.125     1.769
258425987                 7.019      0.975     0.1002      1.428    0.1261     1.796
258443459                 6.963     0.9672     0.1087      1.561    0.1124     1.615
258425907                 6.939     0.9638          0          0         0         0
258425912                 6.939     0.9638          0          0         0         0
263399229                 6.893     0.9574          0          0         0         0
258405953                 7.076     0.9828          0          0         0         0
258405958                 7.076     0.9828          0          0         0         0
258406520                 7.031     0.9766     0.0558     0.7936    0.1441     2.049
258406524                  7.03     0.9764     0.0559     0.7952    0.1443     2.053
258443744                  6.91     0.9597          0          0         0         0
258443749                 6.909     0.9597          0          0         0         0
491242316                 7.284      1.012          0          0         0         0
491242313                 7.283      1.012          0          0         0         0
491242302                 7.283      1.012          0          0         0         0
491242318                 7.284      1.012          0          0         0         0
491242317                 7.284      1.012          0          0         0         0
258443739                  6.91     0.9598          0          0         0         0
258444159                 7.258      1.008    0.04606     0.6345   0.07427     1.023
258444163                 7.256      1.008    0.04591     0.6328   0.07409     1.021
491242319                 7.284      1.012          0          0         0         0
258405948                 7.076     0.9828          0          0         0         0
258405828                 7.231      1.004    0.04986     0.6896   0.08719     1.206
258405838                 7.227      1.004    0.05001      0.692   0.08792     1.216
258443584                 6.935     0.9632     0.1132      1.632    0.1027     1.481
258443629                 6.881     0.9558          0          0         0         0
258443559                 6.939     0.9638     0.1142      1.647     0.106     1.528
258443564                 6.937     0.9636     0.1141      1.645    0.1053     1.518
258443614                 6.834     0.9492          0          0         0         0
258443624                 6.834     0.9492          0          0         0         0
491242397                 7.284      1.012          0          0         0         0
258405833                  7.16     0.9945          0          0         0         0
258444139                 7.264      1.009    0.04661     0.6417   0.07473     1.029
263954351                 7.204      1.001          0          0         0         0
258443444                 6.968     0.9678     0.1076      1.544    0.1136      1.63
258443449                 6.946     0.9648          0          0         0         0
258443811                 6.928     0.9622          0          0         0         0
263399301                 6.928     0.9622          0          0         0         0
258443439                 6.971     0.9682     0.1068      1.532    0.1144     1.641
258443871                 6.916     0.9606          0          0         0         0
263399337                 6.916     0.9606          0          0         0         0
491242301                 7.265      1.009     0.0467     0.6428   0.07485      1.03
258405933                 7.156     0.9939    0.05282     0.7382    0.1038     1.451
258443729                 6.881     0.9557          0          0         0         0
258425927                 6.912       0.96          0          0         0         0
263399292                 6.912       0.96          0          0         0         0
258444132                 7.266      1.009    0.04677     0.6438   0.07494     1.031
263399211                 7.104     0.9868          0          0         0         0
258443504                 7.104     0.9868          0          0         0         0
258405928                 7.163      0.995    0.05253     0.7333    0.1021     1.426
258405806                 7.248      1.007    0.04904     0.6766   0.08325     1.149
258443674                 7.078     0.9831          0          0         0         0
258443689                 7.078     0.9831          0          0         0         0
258405893                  7.19     0.9987    0.05152     0.7166   0.09605     1.336
258405898                 7.186     0.9981    0.05172     0.7197   0.09717     1.352
258443544                 6.941     0.9641     0.1143      1.646    0.1069      1.54
258443549                  6.94     0.9639     0.1143      1.647    0.1064     1.533
258443604                 6.834     0.9492          0          0         0         0
258443609                 6.834     0.9492          0          0         0         0
264487409                 6.937     0.9636     0.1141      1.645    0.1053     1.518
258443534                 6.942     0.9642     0.1143      1.646    0.1074     1.547
258443599                 6.835     0.9493          0          0         0         0
258443684                 7.077      0.983          0          0         0         0
258405888                 7.197     0.9996    0.05128     0.7125    0.0946     1.314
258443866                 6.917     0.9607          0          0         0         0
258443870                 6.916     0.9607          0          0         0         0
258425583                 7.263      1.009    0.05071     0.6982   0.07823     1.077
264487228                 7.263      1.009    0.05073     0.6984   0.07825     1.077
258443352                 6.861     0.9529          0          0         0         0
258443367                  6.86     0.9528          0          0         0         0
258443419                 6.977     0.9691     0.1056      1.514    0.1166     1.671
258443826                 6.925     0.9618          0          0         0         0
263399319                 6.925     0.9618          0          0         0         0
264487219                 6.989     0.9707          0          0         0         0
258425328                 6.987     0.9705          0          0         0         0
258443362                 6.861     0.9529          0          0         0         0
258406677                 6.908     0.9595          0          0         0         0
259987105                 6.908     0.9595          0          0         0         0
258405913                 7.181     0.9975    0.05188     0.7225   0.09817     1.367
258405918                 7.176     0.9967    0.05209      0.726   0.09941     1.385
258405997                 7.131     0.9905    0.05362     0.7519    0.1087     1.525
258405998                 7.127     0.9899    0.05376     0.7543    0.1095     1.537
258443709                 7.077     0.9829          0          0         0         0
258443786                 6.938     0.9637          0          0         0         0
258443694                 7.078     0.9831          0          0         0         0
258443704                 7.078     0.9831          0          0         0         0
258406383                 7.082     0.9837    0.05492     0.7754    0.1275     1.801
426195252                 6.997     0.9719          0          0         0         0
258405983                 7.141     0.9919    0.05332     0.7467    0.1068     1.496
258405993                 7.136     0.9911    0.05348     0.7495    0.1079     1.512
258425166                 6.996     0.9717    0.05516     0.7884    0.1388     1.985
263834523                 7.141     0.9919          0          0         0         0
259335543                 7.141     0.9918          0          0         0         0
258406028                 7.122     0.9892    0.05414     0.7603    0.1081     1.518
259491970                 7.121     0.9891    0.05424     0.7617    0.1076     1.512
258443529                 6.943     0.9644     0.1143      1.647    0.1079     1.554
258425402                  6.97     0.9682          0          0         0         0
259400478                  6.97     0.9681          0          0         0         0
258443519                 6.948      0.965     0.1131      1.628    0.1089     1.567
258443791                 6.937     0.9635          0          0         0         0
258443479                 6.958     0.9665     0.1101      1.582    0.1112     1.598
258443489                 6.956     0.9662     0.1107      1.591    0.1108     1.593
258426156                 6.863     0.9532          0          0         0         0
258443347                 6.861      0.953          0          0         0         0
258443402                 6.985     0.9702     0.1047      1.499      0.12     1.717
258443407                 6.983     0.9699      0.105      1.503    0.1191     1.706
258443397                 6.987     0.9704     0.1045      1.496    0.1208     1.729
258405744                 7.315      1.016    0.04332     0.5922   0.06172    0.8437
699613275                 7.297      1.014    0.04534     0.6213   0.06852     0.939
255192292                 6.996     0.9717    0.05516     0.7884    0.1388     1.985
264487210                 6.996     0.9717    0.05516     0.7884    0.1388     1.985
258405662                 7.386      1.026    0.03556     0.4815   0.03546    0.4802
699613181                 7.406      1.029          0          0         0         0
258443509                 7.104     0.9868          0          0         0         0
258405791                 7.279      1.011    0.04749     0.6525   0.07576     1.041
264377257                 7.279      1.011     0.0475     0.6526   0.07579     1.041
258443579                 6.936     0.9633     0.1137       1.64    0.1041     1.502
258425603                 7.257      1.008    0.05194     0.7157   0.07935     1.093
264377421                 7.257      1.008    0.05196      0.716   0.07936     1.094
258425700                 7.203      1.001    0.06391     0.8872   0.09204     1.278
258425704                   7.2          1    0.06472     0.8989    0.0925     1.285
258406368                 7.096     0.9857    0.05467     0.7704    0.1208     1.702
264487010                 7.096     0.9857    0.05468     0.7705    0.1208     1.702
259259896                  7.18     0.9972          0          0         0         0
699613233                  7.37      1.024          0          0         0         0
699613227                  7.37      1.024          0          0         0         0
258443387                  6.99     0.9708     0.1041       1.49    0.1221     1.746
264377511                 7.273       1.01    0.04786      0.658   0.07583     1.043
258444083                 7.273       1.01    0.04779     0.6572   0.07581     1.042
258426146                 6.996     0.9718     0.1032      1.475    0.1246     1.781
258443382                 7.127     0.9899          0          0         0         0
258405702                 7.349      1.021    0.03958     0.5386   0.04915    0.6688
258405687                 7.376      1.025    0.03659      0.496   0.03898    0.5284
258405691                 7.372      1.024    0.03712     0.5036   0.04081    0.5537
258425562                 7.048      0.979          0          0         0         0
699613135                 7.388      1.026          0          0         0         0
699613129                 7.388      1.026          0          0         0         0
258405692                 7.368      1.023    0.03755     0.5096   0.04227    0.5738
258406652                 6.984       0.97          0          0         0         0
258406667                 6.984       0.97          0          0         0         0
258406657                 6.909     0.9597          0          0         0         0
258406662                 6.909     0.9597          0          0         0         0
258425660                 7.265      1.009          0          0         0         0
258425665                 7.264      1.009          0          0         0         0
258444244                 7.258      1.008          0          0         0         0
258444249                 7.258      1.008          0          0         0         0
258425670                 7.264      1.009          0          0         0         0
258444239                 7.258      1.008          0          0         0         0
260007367                 7.037     0.9774    0.09851        1.4    0.1262     1.793
263855871                 7.056       0.98          0          0         0         0
258425767                 7.138     0.9914    0.08207       1.15    0.1047     1.467
615922786                 6.985     0.9702          0          0         0         0
258406647                 6.984     0.9701          0          0         0         0
259589130                 6.937     0.9635     0.1142      1.646    0.1053     1.518
259589131                 6.937     0.9635     0.1142      1.646    0.1053     1.518
258406455                 7.056       0.98    0.05385     0.7632     0.138     1.956
258425578                 7.275       1.01    0.04806     0.6607   0.07597     1.044
258444071                 7.274       1.01    0.04798     0.6597   0.07589     1.043
258425967                 7.021     0.9752     0.1002      1.428    0.1264     1.801
258426069                 7.017     0.9747     0.1006      1.434    0.1265     1.803
258444164                 7.253      1.007    0.04574     0.6306    0.0738     1.017
258444169                 7.251      1.007    0.04564     0.6295   0.07354     1.014
258444224                  7.26      1.008          0          0         0         0
258444229                 7.259      1.008          0          0         0         0
258426059                 7.138     0.9915          0          0         0         0
258426064                 7.138     0.9915          0          0         0         0
258425650                 7.215      1.002    0.06091     0.8442   0.08936     1.238
258444219                 7.247      1.007    0.04518     0.6235   0.07318      1.01
258425279                 6.999     0.9721          0          0         0         0
259149277                  6.97     0.9681          0          0         0         0
258444041                 6.924     0.9618          0          0         0         0
258444046                 6.924     0.9618          0          0         0         0
258425740                 7.158     0.9943    0.07694      1.075   0.09989     1.395
258425745                 7.144     0.9922    0.08123      1.137    0.1026     1.436
258406620                 7.007     0.9733    0.05643     0.8054    0.1459     2.082
258406625                 7.006     0.9732    0.05638     0.8047    0.1456     2.078
258425563                 7.048      0.979          0          0         0         0
258425568                 7.048      0.979          0          0         0         0
258426019                 7.018     0.9748     0.1001      1.426    0.1251     1.783
258426033                 7.018     0.9748        0.1      1.426    0.1249      1.78
258425749                 7.142      0.992    0.08148      1.141    0.1032     1.446
258425750                 7.138     0.9914    0.08203      1.149    0.1047     1.467
258406530                 7.026     0.9759    0.05625     0.8006    0.1453     2.068
258406570                 7.025     0.9758    0.05627      0.801    0.1453     2.069
258406263                 7.192      0.999          0          0         0         0
258406268                 7.192     0.9989          0          0         0         0
258426044                 7.017     0.9747    0.09994      1.424    0.1246     1.776
258426049                 7.017     0.9747    0.09988      1.423    0.1246     1.775
258443961                  6.91     0.9598          0          0         0         0
258443966                  6.91     0.9598          0          0         0         0
258406595                 6.922     0.9615          0          0         0         0
258444149                 7.262      1.009    0.04637     0.6385   0.07455     1.027
258444208                 7.247      1.007    0.04564     0.6297   0.07309     1.009
258444209                 7.288      1.012          0          0         0         0
258425807                 7.098     0.9859    0.08812      1.242      0.12     1.691
290021056                 7.098     0.9859    0.08815      1.242      0.12     1.691
258405667                 7.381      1.025    0.03611     0.4893   0.03735     0.506
258425625                 7.285      1.012          0          0         0         0
258425630                 7.285      1.012          0          0         0         0
258406438                  7.06     0.9806      0.054      0.765    0.1363     1.931
258406450                 7.058     0.9804    0.05395     0.7643    0.1369      1.94
258444144                 7.306      1.015          0          0         0         0
258444199                 7.248      1.007    0.04552      0.628   0.07325     1.011
258444204                 7.248      1.007    0.04546     0.6272   0.07325     1.011
258405657                 7.391      1.027    0.03503      0.474   0.03356     0.454
258425373                 6.974     0.9687          0          0         0         0
258426111                 6.874     0.9548          0          0         0         0
259228581                 6.874     0.9547          0          0         0         0
258406258                 7.192      0.999          0          0         0         0
263391445                 7.043     0.9782          0          0         0         0
258406183                 7.042     0.9781          0          0         0         0
258425259                 7.043     0.9783    0.05117     0.7265    0.1462     2.075
258425269                 7.043     0.9782    0.05097     0.7237    0.1468     2.085
258443841                 6.925     0.9618          0          0         0         0
258443846                 6.925     0.9618          0          0         0         0
258443372                  6.86     0.9528          0          0         0         0
258443376                  6.86     0.9528          0          0         0         0
258444021                 6.925     0.9619          0          0         0         0
258444026                 6.925     0.9618          0          0         0         0
258425720                 7.172     0.9961    0.07302      1.018   0.09746     1.359
258425725                 7.165     0.9953    0.07483      1.044   0.09858     1.376
258443971                  6.91     0.9598          0          0         0         0
258406540                 6.925     0.9618          0          0         0         0
258406545                 6.924     0.9617          0          0         0         0
258406682                 6.983     0.9699          0          0         0         0
258406445                  7.06     0.9806    0.05401      0.765    0.1362      1.93
258425548                  7.06     0.9806    0.05401      0.765    0.1362      1.93
258406248                   7.1     0.9861    0.05454     0.7682    0.1192     1.679
258406423                 7.078     0.9831     0.0547     0.7728    0.1293     1.827
258406428                 7.077     0.9829    0.05465     0.7723    0.1297     1.833
258405764                 7.315      1.016          0          0         0         0
258405769                 7.315      1.016          0          0         0         0
258426136                 6.999     0.9722     0.1029       1.47    0.1254     1.792
258425680                 7.264      1.009          0          0         0         0
258425685                 7.264      1.009          0          0         0         0
258443836                 6.924     0.9617          0          0         0         0
258443851                 6.923     0.9617          0          0         0         0
258425527                 6.957     0.9663          0          0         0         0
258425543                 6.957     0.9663          0          0         0         0
258425598                  7.26      1.008    0.05137     0.7076   0.07883     1.086
258406358                 7.191     0.9988          0          0         0         0
258406363                 7.191     0.9988          0          0         0         0
258406388                  7.08     0.9834    0.05481     0.7741    0.1284     1.814
258444031                 6.924     0.9618          0          0         0         0
258425368                 6.975     0.9688          0          0         0         0
258425428                 6.969      0.968          0          0         0         0
258406243                 7.104     0.9868    0.05433     0.7647    0.1168     1.644
258426024                 7.032     0.9768          0          0         0         0
258426029                 7.032     0.9767          0          0         0         0
258443941                 6.911     0.9599          0          0         0         0
258443946                  6.91     0.9598          0          0         0         0
699612980                 7.424      1.031          0          0         0         0
258405647                 7.424      1.031          0          0         0         0
258425690                 7.264      1.009          0          0         0         0
258406525                 7.027      0.976    0.05622     0.8001    0.1452     2.066
263391544                 7.005     0.9729          0          0         0         0
258425353                  6.98     0.9694          0          0         0         0
258425418                 6.968     0.9678          0          0         0         0
258425423                 6.968     0.9678          0          0         0         0
258444115                 7.292      1.013          0          0         0         0
258444125                 7.292      1.013          0          0         0         0
258406238                 7.109     0.9874    0.05408     0.7608    0.1152     1.621
258406063                 7.184     0.9979          0          0         0         0
258406068                 7.183     0.9976          0          0         0         0
258443821                 6.926      0.962          0          0         0         0
258425782                 7.104     0.9867    0.08691      1.223     0.118     1.661
258425787                   7.1     0.9862    0.08765      1.234    0.1192     1.679
258406565                 7.005     0.9729          0          0         0         0
258425246                 7.046     0.9787    0.05183     0.7356    0.1441     2.045
258425247                 7.045     0.9786    0.05171     0.7339    0.1445     2.051
258444088                 7.272       1.01     0.0477     0.6559   0.07577     1.042
258444001                 6.911     0.9599          0          0         0         0
258444006                 6.911     0.9599          0          0         0         0
258425152                 6.996     0.9717    0.05445     0.7783    0.1397     1.997
258425705                 7.195     0.9993    0.06634     0.9221   0.09345     1.299
258443951                 6.911     0.9599          0          0         0         0
263782320                 7.021     0.9752     0.1002      1.428    0.1264     1.801
258425157                 6.996     0.9717    0.05444     0.7782    0.1397     1.997
258425237                 7.051     0.9793    0.05295      0.751    0.1406     1.993
258425242                  7.05     0.9792    0.05268     0.7472    0.1413     2.005
263391364                 7.201          1          0          0         0         0
258425777                 7.119     0.9887    0.08475      1.191    0.1122     1.575
258425070                 6.996     0.9718    0.05499     0.7859    0.1398     1.998
620861248                 6.996     0.9718    0.05498     0.7859    0.1398     1.998
258406038                 7.185     0.9979          0          0         0         0
258425528                 6.957     0.9663          0          0         0         0
263391418                 7.182     0.9976          0          0         0         0
258406082                 7.182     0.9975          0          0         0         0
258406343                 7.191     0.9989          0          0         0         0
258426121                  7.01     0.9736     0.1016      1.449    0.1262       1.8
258426126                 7.006     0.9731      0.102      1.456    0.1259     1.797
258444194                 7.249      1.007    0.04555     0.6285   0.07335     1.012
258444198                 7.248      1.007    0.04554     0.6283   0.07331     1.011
258405903                 7.201          1          0          0         0         0
258405739                  7.32      1.017    0.04281     0.5849   0.06002    0.8199
258406480                 7.052     0.9795    0.05371     0.7616    0.1391     1.973
258406485                  7.05     0.9793    0.05383     0.7635    0.1395     1.979
258425710                 7.186     0.9981    0.06885     0.9581   0.09494     1.321
258425522                 6.958     0.9664          0          0         0         0
258425523                 6.957     0.9664          0          0         0         0
426195246                 6.997     0.9718          0          0         0         0
258406403                 6.996     0.9718          0          0         0         0
258444011                 6.911     0.9599          0          0         0         0
258425333                 6.985     0.9702          0          0         0         0
258425348                 6.983     0.9699          0          0         0         0
258425407                 6.969      0.968          0          0         0         0
258425408                 6.968     0.9679          0          0         0         0
258426084                 7.139     0.9916          0          0         0         0
258426089                 7.138     0.9915          0          0         0         0
259217099                 6.952     0.9656          0          0         0         0
258406163                 7.174     0.9965          0          0         0         0
258406168                 7.174     0.9965          0          0         0         0
258426004                 7.019     0.9749     0.1001      1.427    0.1256     1.789
258426009                 7.019     0.9749     0.1001      1.426    0.1254     1.787
258443921                 6.911       0.96          0          0         0         0
258443926                 6.911     0.9599          0          0         0         0
258444108                 7.292      1.013          0          0         0         0
258444184                 7.292      1.013          0          0         0         0
258444189                 7.292      1.013          0          0         0         0
258425065                 6.997     0.9719     0.0552     0.7888    0.1406     2.009
258425483                 6.963     0.9671          0          0         0         0
258426131                 7.003     0.9727     0.1024      1.463    0.1257     1.795
258405617                 7.409      1.029     0.0333     0.4494   0.02748    0.3709
258405622                 7.403      1.028    0.03384     0.4572   0.02939    0.3969
258406490                  7.05     0.9793    0.05383     0.7636    0.1395     1.979
258425338                 6.987     0.9705          0          0         0         0
258425343                 6.987     0.9705          0          0         0         0
258425403                  6.97     0.9681          0          0         0         0
258444179                 7.292      1.013          0          0         0         0
258406158                 7.174     0.9965          0          0         0         0
263934800                 6.907     0.9594          0          0         0         0
258406494                  7.05     0.9792    0.05387     0.7642    0.1397     1.981
258406043                 7.186     0.9981          0          0         0         0
258406048                 7.186     0.9981          0          0         0         0
258443796                 6.936     0.9633          0          0         0         0
258443806                 6.932     0.9629          0          0         0         0
263391490                 7.192      0.999          0          0         0         0
258443881                 6.916     0.9606          0          0         0         0
258443886                 6.916     0.9605          0          0         0         0
699612913                  7.43      1.032          0          0         0         0
258405627                  7.43      1.032          0          0         0         0
258406585                 7.018     0.9748    0.05638     0.8034    0.1457     2.076
258443931                 6.911     0.9599          0          0         0         0
620861392                 7.106      0.987          0          0         0         0
258406500                 7.046     0.9786    0.05417     0.7689    0.1405     1.995
258406505                 7.043     0.9783    0.05437     0.7719     0.141     2.002
258425162                 6.975     0.9688          0          0         0         0
258443754                 6.908     0.9595          0          0         0         0
259198884                 6.908     0.9595          0          0         0         0
258425508                 6.958     0.9664          0          0         0         0
258406323                 7.191     0.9988          0          0         0         0
258406328                 7.191     0.9988          0          0         0         0
699613251                 7.336      1.019      0.041     0.5589   0.05393    0.7351
258405729                 7.331      1.018    0.04152     0.5663   0.05566    0.7592
258426094                 7.138     0.9915          0          0         0         0
258426106                 7.138     0.9914          0          0         0         0
263391409                 7.184     0.9979          0          0         0         0
258443891                 6.915     0.9605          0          0         0         0
258425040                     7     0.9722     0.0557     0.7957    0.1425     2.036
258425498                 6.959     0.9666          0          0         0         0
263395471                 6.865     0.9536          0          0         0         0
286927263                 7.193      0.999          0          0         0         0
258406318                 7.191     0.9988          0          0         0         0
258406208                 7.041      0.978          0          0         0         0
258443901                 6.913     0.9602          0          0         0         0
258443906                 6.913     0.9602          0          0         0         0
258406283                 7.192     0.9989          0          0         0         0
258406288                 7.191     0.9989          0          0         0         0
258443985                 6.912       0.96          0          0         0         0
258443986                 6.912       0.96          0          0         0         0
258425050                 6.998      0.972    0.05542     0.7919    0.1414     2.021
258426074                 7.015     0.9743     0.1009      1.439    0.1266     1.805
263395462                 7.139     0.9916          0          0         0         0
258405600                 7.426      1.031    0.03167     0.4264   0.02204    0.2968
258405605                 7.421      1.031    0.03215     0.4333   0.02373    0.3198
258426101                 6.875      0.955          0          0         0         0
263391499                 7.192      0.999          0          0         0         0
286927271                 7.193      0.999          0          0         0         0
258406278                 7.192     0.9989          0          0         0         0
258425311                 6.991      0.971          0          0         0         0
258425323                 6.989     0.9707          0          0         0         0
258406133                 7.177     0.9968          0          0         0         0
258406143                 7.175     0.9966          0          0         0         0
258406203                 7.042     0.9781          0          0         0         0
258425284                 7.042      0.978    0.05069     0.7199    0.1477     2.097
258425289                  7.04     0.9779    0.05046     0.7167    0.1486      2.11
258406023                 7.123     0.9893    0.05403     0.7586    0.1087     1.526
258425142                 6.996     0.9717    0.05447     0.7786    0.1397     1.997
258425147                 6.972     0.9684          0          0         0         0
258425202                  7.05     0.9792    0.05383     0.7636    0.1395     1.979
258425207                  7.05     0.9792    0.05383     0.7635    0.1395     1.979
258443991                 6.911       0.96          0          0         0         0
258425274                 7.042     0.9781    0.05073     0.7204    0.1475     2.095
258443911                 6.912     0.9601          0          0         0         0
623897566                 7.257      1.008    0.05204     0.7171   0.07944     1.095
258425132                 6.996     0.9717     0.0545     0.7791    0.1397     1.997
258425610                 7.251      1.007    0.05326     0.7345   0.08058     1.111
258406303                 7.191     0.9988          0          0         0         0
258406308                 7.191     0.9988          0          0         0         0
258425025                 6.906     0.9592          0          0         0         0
258405779                 7.279      1.011    0.04745     0.6518   0.07549     1.037
258406378                 7.088     0.9845    0.05502     0.7763    0.1249     1.762
258406298                 7.191     0.9988          0          0         0         0
259219720                 7.077     0.9829          0          0         0         0
258406128                 7.177     0.9969          0          0         0         0
258425378                 6.975     0.9687          0          0         0         0
258425388                 6.971     0.9682          0          0         0         0
258426014                 7.018     0.9748     0.1001      1.426    0.1252     1.784
263395444                 7.032     0.9768          0          0         0         0
258424964                 7.002     0.9725    0.05608     0.8009     0.144     2.056
258425030                 7.001     0.9724     0.0559     0.7985    0.1433     2.046
258425383                 6.974     0.9687          0          0         0         0
258406122                 7.178      0.997          0          0         0         0
258406008                 7.125     0.9896    0.05381     0.7552    0.1099     1.542
258406083                 7.181     0.9975          0          0         0         0
258406088                  7.18     0.9973          0          0         0         0
258425127                 6.996     0.9717    0.05457       0.78    0.1397     1.997
258425122                 6.972     0.9684          0          0         0         0
385859010                 7.247      1.007    0.04565     0.6299   0.07311     1.009
259596209                 7.247      1.007    0.04565     0.6299   0.07311     1.009
384399842                 7.052     0.9795    0.05327     0.7553    0.1396      1.98
258425087                 6.974     0.9686          0          0         0         0
258425005                 6.906     0.9593          0          0         0         0
616790329                 7.247      1.007    0.04564     0.6297   0.07309     1.009
258406103                 7.179     0.9972          0          0         0         0
258425862                  7.11     0.9875          0          0         0         0
258405587                 7.446      1.034    0.02994     0.4021   0.01473    0.1978
258425615                 7.245      1.006    0.05475     0.7558   0.08204     1.133
263395363                 7.285      1.012          0          0         0         0
263395246                 6.959     0.9666          0          0         0         0
258425448                 6.958     0.9665          0          0         0         0
258406098                 7.179     0.9972          0          0         0         0
258425182                 7.104     0.9867          0          0         0         0
263794326                 6.958     0.9664          0          0         0         0
258425107                 6.973     0.9685          0          0         0         0
258425264                 6.961     0.9668          0          0         0         0
384502968                  6.88     0.9556          0          0         0         0
384399833                  7.05     0.9792    0.05388     0.7642    0.1397     1.981
258406495                 7.048      0.979    0.05395     0.7654    0.1399     1.985
290683552                 7.446      1.034    0.02995     0.4023    0.0148    0.1988
290683440                 7.444      1.034    0.03008     0.4041   0.01545    0.2076
290683552_reg             7.446      1.034    0.02995     0.4022   0.01477    0.1983
263733255                  7.06     0.9806      0.054      0.765    0.1363     1.931
258406605                 7.014     0.9742    0.05639      0.804    0.1456     2.076
615922859                 7.012      0.974    0.05641     0.8044    0.1457     2.077
258425867                 7.107     0.9871          0          0         0         0
258406610                  7.01     0.9737    0.05642     0.8049    0.1457     2.078
258406460                 6.967     0.9676          0          0         0         0
258425513                 6.958     0.9664          0          0         0         0
258443916                 6.912       0.96          0          0         0         0
263733354                 6.989     0.9708     0.1041       1.49    0.1221     1.746
263399265                 6.837     0.9496          0          0         0         0
258443589                 6.836     0.9496          0          0         0         0
258425962                 7.041      0.978      0.098      1.392    0.1262     1.792
258443392                 6.988     0.9706     0.1044      1.494    0.1212     1.735
259259897                  7.18     0.9972          0          0         0         0
258425842                 7.116     0.9884          0          0         0         0
258425847                 7.116     0.9884          0          0         0         0
290683441                 7.441      1.034    0.03032     0.4075   0.01671    0.2246
258425488                 6.964     0.9672          0          0         0         0
258405813                 7.185      0.998          0          0         0         0
258425458                 6.953     0.9657          0          0         0         0
263956612                 6.935     0.9632          0          0         0         0
258425655                 7.265      1.009          0          0         0         0
258443679                 7.078     0.9831          0          0         0         0
259474254                 6.935     0.9632          0          0         0         0
263733336                 7.194     0.9992          0          0         0         0
258425797                 7.194     0.9992          0          0         0         0
263399364                 6.924     0.9618          0          0         0         0
258425947                 7.046     0.9787          0          0         0         0
258444077                 7.274       1.01    0.04792     0.6588   0.07586     1.043
258425735                 7.193      0.999          0          0         0         0
258444051                 6.924     0.9617          0          0         0         0
258425822                 7.082     0.9837    0.09176      1.296     0.128     1.808
258424944                 6.982     0.9698          0          0         0         0
258443659                 7.078     0.9832          0          0         0         0
263399346                 6.911     0.9599          0          0         0         0
263395183                 7.002     0.9726    0.05618     0.8023    0.1444     2.062
258405863                 7.275      1.011          0          0         0         0
258443474                 6.959     0.9666     0.1099       1.58    0.1113       1.6
263399166                 6.861      0.953          0          0         0         0
258443357                 6.861      0.953          0          0         0         0
258424986                 7.002     0.9726    0.05628     0.8038    0.1448     2.068
258443936                 6.911     0.9599          0          0         0         0
258405963                 7.075     0.9828          0          0         0         0
259474264                 6.935     0.9632          0          0         0         0
258443758                 6.907     0.9594          0          0         0         0
258425802                 7.099     0.9861    0.08784      1.237    0.1196     1.684
258443574                 6.936     0.9634     0.1139      1.642    0.1045     1.507
258443633                 6.934     0.9631     0.1129      1.628     0.102     1.472
259596194                 7.248      1.007     0.0456     0.6292   0.07313     1.009
258405843                 7.157      0.994          0          0         0         0
258425982                  7.02      0.975     0.1003      1.428    0.1263     1.799
258443454                 6.966     0.9675     0.1082      1.553     0.113     1.622
615922898                 7.016     0.9745    0.05636     0.8034    0.1456     2.076
258443494                 6.954     0.9659     0.1113        1.6    0.1103     1.587
263399202                 6.927     0.9622          0          0         0         0
724080049                 7.278      1.011    0.04752     0.6529   0.07588     1.043
258405796                 7.264      1.009    0.04824     0.6642   0.07941     1.093
258443484                 6.927     0.9621          0          0         0         0
258405943                 7.151     0.9932    0.05302     0.7415     0.105     1.468
259108646                 7.038     0.9776    0.09833      1.397    0.1262     1.792
258405823                 7.244      1.006    0.04921     0.6793   0.08408     1.161
258443699                 7.078     0.9831          0          0         0         0
258443554                 6.939     0.9638     0.1143      1.647    0.1062      1.53
258443619                 6.834     0.9492          0          0         0         0
258443434                 6.972     0.9684     0.1065      1.528    0.1147     1.645
263399382                 7.292      1.013          0          0         0         0
278291396                 7.248      1.007    0.04555     0.6285   0.07334     1.012
258443377                  6.86     0.9528          0          0         0         0
259585596                 7.156     0.9939    0.05282     0.7382    0.1038     1.451
258443714                 7.077     0.9829          0          0         0         0
258405923                 7.101     0.9863          0          0         0         0
258405883                 7.201          1     0.0511     0.7095   0.09354     1.299
264487418                 6.933      0.963     0.1121      1.616    0.1004     1.448
258443533                 6.943     0.9643     0.1143      1.646    0.1076     1.549
258443801                 6.935     0.9633          0          0         0         0
258443499                 6.952     0.9656     0.1119      1.609    0.1099     1.581
258443412                  6.98     0.9695     0.1053      1.509    0.1179     1.689
384399746                 7.041     0.9779    0.05466     0.7763    0.1416     2.011
258406510                 7.038     0.9776    0.05495     0.7808    0.1422      2.02
438022625                 6.997     0.9718          0          0         0         0
258405908                 7.201          1          0          0         0         0
258405988                 7.064     0.9811          0          0         0         0
258443594                 6.835     0.9494          0          0         0         0
258443514                  6.95     0.9653     0.1126       1.62    0.1093     1.573
258406600                 6.922     0.9615          0          0         0         0
259288079                  6.86     0.9529          0          0         0         0
258425695                 7.209      1.001    0.06228     0.8639   0.09119     1.265
258444078                 7.273       1.01    0.04786      0.658   0.07584     1.043
259362846                 7.056       0.98          0          0         0         0
259362847                 7.056       0.98          0          0         0         0
258444259                  7.37      1.024          0          0         0         0
699613066                 7.406      1.029          0          0         0         0
258405682                 7.406      1.029          0          0         0         0
258405672                 7.406      1.029          0          0         0         0
258406373                 7.095     0.9854    0.05475     0.7717    0.1216     1.714
259228586                 6.873     0.9547          0          0         0         0
384331454                 6.873     0.9546          0          0         0         0
491389324                 6.905     0.9591          0          0         0         0
258443769                 6.905     0.9591          0          0         0         0
258406672                 6.983       0.97          0          0         0         0
258425675                 7.264      1.009          0          0         0         0
258444214                 7.193     0.9991          0          0         0         0
426195276                 6.997     0.9718          0          0         0         0
258425755                 7.132     0.9906    0.08288      1.162     0.107       1.5
258406475                 6.965     0.9674          0          0         0         0
258426079                 7.013     0.9741     0.1012      1.443    0.1264     1.803
258444234                 7.259      1.008          0          0         0         0
259998112                 7.085     0.9841          0          0         0         0
258444174                 7.249      1.007    0.04559     0.6288   0.07343     1.013
258443876                 6.914     0.9603          0          0         0         0
258406637                  6.91     0.9598          0          0         0         0
258444056                 6.924     0.9617          0          0         0         0
258406575                 7.023     0.9755    0.05632     0.8019    0.1454     2.071
258425620                 7.242      1.006    0.05536     0.7645    0.0827     1.142
258425573                 7.153     0.9936          0          0         0         0
258444061                 6.924     0.9618          0          0         0         0
258425453                 6.955      0.966          0          0         0         0
258406273                 7.192     0.9989          0          0         0         0
258443976                 6.911     0.9599          0          0         0         0
264036323                 7.248      1.007    0.04552      0.628   0.07325     1.011
258444154                 7.261      1.009    0.04628     0.6374   0.07449     1.026
258405677                 7.406      1.029          0          0         0         0
258426054                 7.138     0.9915          0          0         0         0
258444036                 6.924     0.9618          0          0         0         0
258406555                 6.924     0.9617          0          0         0         0
258406615                 7.008     0.9734    0.05643     0.8052    0.1458      2.08
258406433                 7.065     0.9814    0.05421     0.7672    0.1341     1.899
258405774                 7.284      1.012    0.04693     0.6443   0.07378     1.013
258426151                 6.865     0.9535          0          0         0         0
258405759                 7.288      1.012     0.0464     0.6367   0.07205    0.9885
258406560                 6.924     0.9617          0          0         0         0
258425553                 7.172     0.9962          0          0         0         0
258425438                 6.969      0.968          0          0         0         0
258443956                 6.911     0.9599          0          0         0         0
258405652                 7.395      1.027    0.03462     0.4681   0.03207    0.4336
258405637                   7.4      1.028    0.03421     0.4623   0.03066    0.4143
258425433                 6.969      0.968          0          0         0         0
258406253                 7.192      0.999          0          0         0         0
258444098                 7.267      1.009    0.04697     0.6463   0.07513     1.034
258443816                 6.926      0.962          0          0         0         0
258444016                 6.926     0.9619          0          0         0         0
258425715                  7.18     0.9972    0.07073     0.9852   0.09607     1.338
258406353                 7.191     0.9988          0          0         0         0
258406413                 6.996     0.9717          0          0         0         0
258406418                 6.996     0.9717          0          0         0         0
258405754                 7.293      1.013    0.04587      0.629    0.0703     0.964
258406535                 6.928     0.9623          0          0         0         0
258425533                 6.957     0.9663          0          0         0         0
258425358                  6.98     0.9694          0          0         0         0
258425413                 6.968     0.9678          0          0         0         0
258425493                 6.964     0.9672          0          0         0         0
258426141                 6.999     0.9722     0.1029       1.47    0.1254     1.792
258406173                 7.177     0.9969          0          0         0         0
263391553                 6.931     0.9626          0          0         0         0
258406053                 7.186     0.9981          0          0         0         0
258406058                 7.185      0.998          0          0         0         0
263391436                 7.175     0.9966          0          0         0         0
258406148                 7.175     0.9965          0          0         0         0
258443896                 6.914     0.9603          0          0         0         0
615922792                 6.985     0.9702          0          0         0         0
700042420                 6.881     0.9558          0          0         0         0
258406515                 7.033     0.9769    0.05553     0.7895    0.1434     2.039
258425232                 7.025     0.9758          0          0         0         0
258444120                 7.292      1.013          0          0         0         0
263391373                 7.076     0.9828          0          0         0         0
258406333                 7.192      0.999          0          0         0         0
258405734                 7.328      1.018    0.04194     0.5723   0.05708     0.779
258426116                 6.875      0.955          0          0         0         0
258425593                  7.21      1.001          0          0         0         0
258406153                 7.174     0.9965          0          0         0         0
258406213                 7.041      0.978          0          0         0         0
258406293                 7.191     0.9989          0          0         0         0
258443996                 6.911     0.9599          0          0         0         0
258405612                 7.416       1.03    0.03262     0.4398    0.0251    0.3385
263790333                 7.084     0.9839          0          0         0         0
258425299                  7.04     0.9778    0.04968     0.7058    0.1487     2.112
263391355                 7.315      1.016          0          0         0         0
699612986                 7.424      1.031          0          0         0         0
258425212                  7.05     0.9792    0.05383     0.7635    0.1395     1.979
258425217                  7.05     0.9792    0.05383     0.7635    0.1395     1.979
258425137                 6.996     0.9717    0.05446     0.7785    0.1397     1.997
258406073                 7.184     0.9979          0          0         0         0
263997753                 7.316      1.016          0          0         0         0
258406313                 7.191     0.9988          0          0         0         0
259550269                 7.316      1.016          0          0         0         0
258406398                 6.996     0.9718          0          0         0         0
258425035                     7     0.9723     0.0558     0.7971    0.1429     2.041
258406138                 7.177     0.9968          0          0         0         0
258425398                 6.971     0.9682          0          0         0         0
259219725                 7.076     0.9829          0          0         0         0
258406093                  7.18     0.9972          0          0         0         0
