[GENERAL]
DATE=June 04, 2015 at 12:41:59
CYME_VERSION=7.10
CYMDIST_REVISION=05

[SI]

[CUSTOMER CLASS]
FORMAT_CUSTOMERCLASS=ID,DCCustomerType,Description,Color,ConstantPower,ConstantCurrent,ConstantImpedance,UtilizationFactor,PowerFactor,MeteredLoads,NonMeteredLoads,LoadFactor,FrequencySensitivityP,FrequencySensitivityQ,EnableHarmonic,IsExponentialModel,ConstantImpedanceZP,ConstantImpedanceZQ,ConstantCurrentIP,ConstantCurrentIQ,ConstantPowerPP,ConstantPowerPQ,ExponentialModelP,ExponentialModelQ,LoadFlowVoltagePercentOfNominal,LossesPerCustomer,ConnectedCenterTap1N,ConnectedCenterTap2N,AdjustmentSettings,PowerCurveModel,PowerCurveModelId
Commercial,0,,0,100.000000,0.000000,0.000000,100.000000,90.000000,1.000000,1.000000,0.000000,0.000000,0.000000,0,0,0.000000,0.000000,0.000000,0.000000,100.000000,100.000000,0.000000,0.000000,80.000000,0.000000,50.000000,50.000000,,,
Industrial,0,,0,100.000000,0.000000,0.000000,100.000000,90.000000,1.000000,1.000000,0.000000,0.000000,0.000000,0,0,0.000000,0.000000,0.000000,0.000000,100.000000,100.000000,0.000000,0.000000,80.000000,0.000000,50.000000,50.000000,,,
Residential,0,,0,100.000000,0.000000,0.000000,100.000000,90.000000,1.000000,1.000000,0.000000,0.000000,0.000000,0,0,0.000000,0.000000,0.000000,0.000000,100.000000,100.000000,0.000000,0.000000,80.000000,0.000000,50.000000,50.000000,,,


[LOADS]
FORMAT_LOADS=SectionID,DeviceNumber,DeviceStage,LoadType,Connection,Location
259529048,40284064,,SPOT,0,2
258425095,40042101,,SPOT,0,2
258425013,40042077,,SPOT,0,2
261061101,41089472,,SPOT,0,2
258406116,40037773,,SPOT,0,2
258406196,40037799,,SPOT,0,2
258425018,40042079,,SPOT,0,2
263395456,40833636,,SPOT,0,2
258425195,40042127,,SPOT,0,2
258425115,40042095,,SPOT,0,2
260664694,40834220,,SPOT,0,2
258425110,40042093,,SPOT,0,2
263391394,40037745,,SPOT,0,2
263395258,40042149,,SPOT,0,2
263395375,40042257,,SPOT,0,2
263733249,40042225,,SPOT,0,2
258424972,40042069,,SPOT,0,2
258425875,40042316,,SPOT,0,2
259196721,40199826,,SPOT,0,2
263755760,40042147,,SPOT,0,2
263395411,40042300,,SPOT,0,2
259316802,40234488,,SPOT,0,2
263733348,40046596,,SPOT,0,2
263395231,40042125,,SPOT,0,2
263998654,40290401,,SPOT,0,2
258425975,40042339,,SPOT,0,2
258424957,40042067,,SPOT,0,2
263395339,40042227,,SPOT,0,2
260662954,40832960,,SPOT,0,2
260663858,40833624,,SPOT,0,2
263395330,40833608,,SPOT,0,2
258425850,40042308,,SPOT,0,2
259196788,40199906,,SPOT,0,2
264148867,41271981,,SPOT,0,2
260663853,40833620,,SPOT,0,2
263395213,40833596,,SPOT,0,2
263395294,40042199,,SPOT,0,2
259471074,40271302,,SPOT,0,2
258425955,40042330,,SPOT,0,2
258424937,40042065,,SPOT,0,2
263733321,40046672,,SPOT,0,2
615922971,40037879,,SPOT,0,2
258425950,40046577,,SPOT,0,2
258425835,40217207,,SPOT,0,2
263395312,40042209,,SPOT,0,2
263395393,40042285,,SPOT,0,2
260663838,40833612,,SPOT,0,2
260662899,40832916,,SPOT,0,2
263733285,40042061,,SPOT,0,2
259596202,40046709,,SPOT,0,2
261434125,41271977,,SPOT,0,2
258443662,40046555,,SPOT,0,2
261434120,41271969,,SPOT,0,2
258405871,40037717,,SPOT,0,2
264148849,41271653,,SPOT,0,2
258425935,40042326,,SPOT,0,2
258424991,40042071,,SPOT,0,2
259332453,40238268,,SPOT,0,2
259474277,40271925,,SPOT,0,2
263399250,40834236,,SPOT,0,2
258443762,40046592,,SPOT,0,2
258425890,40042318,,SPOT,0,2
258424998,40042073,,SPOT,0,2
260663813,40833592,,SPOT,0,2
263399358,40834276,,SPOT,0,2
261434105,41271957,,SPOT,0,2
258443642,40046553,,SPOT,0,2
259281206,40226193,,SPOT,0,2
261434100,41271949,,SPOT,0,2
258425997,40042345,,SPOT,0,2
263395195,40042087,,SPOT,0,2
258443467,40046509,,SPOT,0,2
258425915,40042320,,SPOT,0,2
263399178,40834208,,SPOT,0,2
258425910,40042324,,SPOT,0,2
258405956,40037737,,SPOT,0,2
258443747,40046586,,SPOT,0,2
491242325,188717070,,SPOT,0,2
258443742,40046584,,SPOT,0,2
259240616,40217506,,SPOT,0,2
258405951,40037735,,SPOT,0,2
258443627,40046567,,SPOT,0,2
617401571,366797900,,SPOT,0,2
258443622,40046549,,SPOT,0,2
258405831,40042243,,SPOT,0,2
258443447,40046571,,SPOT,0,2
263399331,40834272,,SPOT,0,2
263702147,41041648,,SPOT,0,2
491242306,40046685,,SPOT,0,2
263399295,40046582,,SPOT,0,2
258405896,40037727,,SPOT,0,2
258443547,40046533,,SPOT,0,2
258443542,40046531,,SPOT,0,2
258443602,40046545,,SPOT,0,2
258443682,40046559,,SPOT,0,2
258405891,40037723,,SPOT,0,2
259203779,40208771,,SPOT,0,2
263399313,40834268,,SPOT,0,2
258443365,40046489,,SPOT,0,2
258443360,40046493,,SPOT,0,2
259987103,40383820,,SPOT,0,2
263399394,40834280,,SPOT,0,2
258405916,40037729,,SPOT,0,2
258443784,40046598,,SPOT,0,2
258405991,40037743,,SPOT,0,2
259266157,40222981,,SPOT,0,2
263834526,40239080,,SPOT,0,2
259400476,40254647,,SPOT,0,2
258443522,40046527,,SPOT,0,2
258443789,40046600,,SPOT,0,2
258443487,40046515,,SPOT,0,2
258443345,40046485,,SPOT,0,2
258443405,40046501,,SPOT,0,2
258443400,40046499,,SPOT,0,2
699613273,40037703,,SPOT,0,2
263399196,40834232,,SPOT,0,2
258443507,40046519,,SPOT,0,2
258443582,40046551,,SPOT,0,2
259457130,40268156,,SPOT,0,2
264377514,40046674,,SPOT,0,2
258443380,40046573,,SPOT,0,2
259420317,40259746,,SPOT,0,2
259202599,40207392,,SPOT,0,2
258406665,40037897,,SPOT,0,2
258406660,40037895,,SPOT,0,2
263981660,41210144,,SPOT,0,2
450041335,138739160,,SPOT,0,2
258425668,40042269,,SPOT,0,2
258444242,40046723,,SPOT,0,2
258425765,40042287,,SPOT,0,2
261433670,41271953,,SPOT,0,2
259589129,40298700,,SPOT,0,2
258426067,40042361,,SPOT,0,2
258444167,40046695,,SPOT,0,2
258444227,40046717,,SPOT,0,2
258426062,40042355,,SPOT,0,2
258425648,40042271,,SPOT,0,2
258444162,40046693,,SPOT,0,2
258444222,40046715,,SPOT,0,2
258443864,40046616,,SPOT,0,2
264146156,41270045,,SPOT,0,2
259149275,40199904,,SPOT,0,2
258425743,40042281,,SPOT,0,2
258425566,40042231,,SPOT,0,2
263391466,40832928,,SPOT,0,2
258425748,40042283,,SPOT,0,2
258406568,40037875,,SPOT,0,2
258425561,40042229,,SPOT,0,2
258426047,40042353,,SPOT,0,2
258443964,40046636,,SPOT,0,2
258444147,40046687,,SPOT,0,2
258444207,40046707,,SPOT,0,2
258405665,40037695,,SPOT,0,2
258425628,40042253,,SPOT,0,2
258406448,40037845,,SPOT,0,2
258444142,40046725,,SPOT,0,2
258444202,40046711,,SPOT,0,2
258405660,40037689,,SPOT,0,2
258425441,40042185,,SPOT,0,2
259228579,40214726,,SPOT,0,2
263391448,40037795,,SPOT,0,2
258425267,40042143,,SPOT,0,2
258443844,40046608,,SPOT,0,2
259248355,40219194,,SPOT,0,2
258444024,40046656,,SPOT,0,2
263391565,40832952,,SPOT,0,2
258425723,40042275,,SPOT,0,2
258443969,40046638,,SPOT,0,2
258406543,40037865,,SPOT,0,2
263782341,41084728,,SPOT,0,2
258406680,40037902,,SPOT,0,2
258406426,40037843,,SPOT,0,2
260981173,41045908,,SPOT,0,2
258405767,40037707,,SPOT,0,2
258426144,40046495,,SPOT,0,2
260663783,40833572,,SPOT,0,2
384503026,84987328,,SPOT,0,2
258425728,40042277,,SPOT,0,2
258443849,40046612,,SPOT,0,2
258425541,40042219,,SPOT,0,2
258406361,40037823,,SPOT,0,2
258406246,40037825,,SPOT,0,2
258426027,40042349,,SPOT,0,2
258405645,40037681,,SPOT,0,2
258425688,40042267,,SPOT,0,2
258425361,40042161,,SPOT,0,2
258444123,40046680,,SPOT,0,2
258406066,40037761,,SPOT,0,2
258443824,40179977,,SPOT,0,2
263391547,40037871,,SPOT,0,2
258425245,40042137,,SPOT,0,2
258444086,40046676,,SPOT,0,2
258444004,40046650,,SPOT,0,2
263782323,40042337,,SPOT,0,2
258425240,40042135,,SPOT,0,2
258425526,40042213,,SPOT,0,2
259548318,40289185,,SPOT,0,2
258406528,40037873,,SPOT,0,2
258406341,40037819,,SPOT,0,2
258406401,40037835,,SPOT,0,2
258444009,40046648,,SPOT,0,2
258425346,40042159,,SPOT,0,2
258425406,40042167,,SPOT,0,2
258406166,40037785,,SPOT,0,2
258406226,40037807,,SPOT,0,2
258444187,40046697,,SPOT,0,2
258426002,40042347,,SPOT,0,2
258425481,40042203,,SPOT,0,2
258405620,40037679,,SPOT,0,2
258425341,40042155,,SPOT,0,2
258425401,40042165,,SPOT,0,2
263391520,40832948,,SPOT,0,2
258406046,40037751,,SPOT,0,2
258443804,40046604,,SPOT,0,2
263391349,40832900,,SPOT,0,2
258443884,40046620,,SPOT,0,2
699612917,40037677,,SPOT,0,2
258406583,40037883,,SPOT,0,2
258443929,40046640,,SPOT,0,2
620861401,40042119,,SPOT,0,2
258406503,40037853,,SPOT,0,2
258425160,40042123,,SPOT,0,2
263391403,40037749,,SPOT,0,2
259198882,40202498,,SPOT,0,2
258426104,40042365,,SPOT,0,2
263997747,41217886,,SPOT,0,2
258443889,40046622,,SPOT,0,2
263391484,40833616,,SPOT,0,2
258443809,40046606,,SPOT,0,2
260664749,40834256,,SPOT,0,2
258406206,40037801,,SPOT,0,2
258443904,40046628,,SPOT,0,2
258443984,40046644,,SPOT,0,2
258405685,40037697,,SPOT,0,2
260664744,40834252,,SPOT,0,2
263663378,41009982,,SPOT,0,2
258425048,40042089,,SPOT,0,2
258426109,40042370,,SPOT,0,2
286927269,49342790,,SPOT,0,2
258425321,40042153,,SPOT,0,2
258406141,40037779,,SPOT,0,2
258406201,40037797,,SPOT,0,2
263395465,40042363,,SPOT,0,2
258425145,40042107,,SPOT,0,2
258425282,40042145,,SPOT,0,2
258443909,40046630,,SPOT,0,2
258425140,40042105,,SPOT,0,2
623897569,40042249,,SPOT,0,2
258406021,40037747,,SPOT,0,2
258406306,40037815,,SPOT,0,2
258405782,40042245,,SPOT,0,2
258406381,40037829,,SPOT,0,2
260664729,40834244,,SPOT,0,2
258406126,40037789,,SPOT,0,2
258425386,40042163,,SPOT,0,2
260664724,40834240,,SPOT,0,2
261061096,41089476,,SPOT,0,2
258425028,40042083,,SPOT,0,2
258425381,40042181,,SPOT,0,2
260664689,40834216,,SPOT,0,2
258406086,40037765,,SPOT,0,2
258425125,40042103,,SPOT,0,2
260664684,40834212,,SPOT,0,2
263960232,41197257,,SPOT,0,2
258425120,40042097,,SPOT,0,2
258425309,40042151,,SPOT,0,2
385859012,40300246,,SPOT,0,2
258406081,40037763,,SPOT,0,2
263395267,40833600,,SPOT,0,2
385859011,86378138,,SPOT,0,2
384399851,40042133,,SPOT,0,2
258425085,40042117,,SPOT,0,2
263391385,40832904,,SPOT,0,2
258425003,40042075,,SPOT,0,2
263395429,40833632,,SPOT,0,2
616790327,366527806,,SPOT,0,2
260664704,40834228,,SPOT,0,2
259181477,40179935,,SPOT,0,2
263395420,40042310,,SPOT,0,2
263395249,40042191,,SPOT,0,2
263395366,40042251,,SPOT,0,2
258406101,40037771,,SPOT,0,2
263794328,40042211,,SPOT,0,2
258425105,40042099,,SPOT,0,2
263395240,40042139,,SPOT,0,2
384502987,40046569,,SPOT,0,2
258425180,40042121,,SPOT,0,2
384399836,40037849,,SPOT,0,2
263395348,40833628,,SPOT,0,2
263395402,40042296,,SPOT,0,2
290683470,40037673,,SPOT,0,2
261213171,41179093,,SPOT,0,2
263395222,40833576,,SPOT,0,2
263733258,40042221,,SPOT,0,2
260662949,40832956,,SPOT,0,2
258425865,40042312,,SPOT,0,2
615922863,40037887,,SPOT,0,2
263395321,40042207,,SPOT,0,2
259197613,40200871,,SPOT,0,2
263395204,40833568,,SPOT,0,2
263395285,40833604,,SPOT,0,2
258425965,40042359,,SPOT,0,2
263399268,40046543,,SPOT,0,2
258425960,40042332,,SPOT,0,2
260662929,40832940,,SPOT,0,2
259259895,40221589,,SPOT,0,2
258425845,40042304,,SPOT,0,2
260662924,40832936,,SPOT,0,2
263733231,40037711,,SPOT,0,2
258425840,40042302,,SPOT,0,2
259240666,40217528,,SPOT,0,2
259259890,40037775,,SPOT,0,2
263395384,40042261,,SPOT,0,2
264148876,41271649,,SPOT,0,2
258443677,40046563,,SPOT,0,2
263733339,40046668,,SPOT,0,2
258425945,40046580,,SPOT,0,2
258424927,40042059,,SPOT,0,2
263733330,40046670,,SPOT,0,2
258425940,40042328,,SPOT,0,2
260662909,40832924,,SPOT,0,2
258425825,40042306,,SPOT,0,2
260662904,40832920,,SPOT,0,2
263399241,40834248,,SPOT,0,2
260663808,40833588,,SPOT,0,2
263733294,40042063,,SPOT,0,2
258405866,40037715,,SPOT,0,2
258443657,40046565,,SPOT,0,2
260663803,40833584,,SPOT,0,2
260011481,40389069,,SPOT,0,2
264148858,41271961,,SPOT,0,2
258405861,40042237,,SPOT,0,2
258443477,40046513,,SPOT,0,2
263399340,40046618,,SPOT,0,2
261434095,41271945,,SPOT,0,2
263399169,40046487,,SPOT,0,2
258424984,40042081,,SPOT,0,2
258425920,40042322,,SPOT,0,2
258405966,40037739,,SPOT,0,2
263399223,40834264,,SPOT,0,2
258443757,40046590,,SPOT,0,2
258443752,40046588,,SPOT,0,2
258425800,40042298,,SPOT,0,2
261434115,41271965,,SPOT,0,2
620695955,359000086,,SPOT,0,2
258443572,40046541,,SPOT,0,2
259596197,40046705,,SPOT,0,2
258405841,40042241,,SPOT,0,2
258425985,40042343,,SPOT,0,2
615922902,40037885,,SPOT,0,2
258443452,40046507,,SPOT,0,2
615922901,357149172,,SPOT,0,2
258425980,40042341,,SPOT,0,2
263399286,40834260,,SPOT,0,2
263399205,40046511,,SPOT,0,2
258405941,40037741,,SPOT,0,2
258443697,40046557,,SPOT,0,2
258443557,40046537,,SPOT,0,2
258443617,40046547,,SPOT,0,2
258443552,40046535,,SPOT,0,2
258405821,40037713,,SPOT,0,2
258443437,40046505,,SPOT,0,2
259266062,40042314,,SPOT,0,2
278291394,45246092,,SPOT,0,2
258443375,40046491,,SPOT,0,2
259585594,40297963,,SPOT,0,2
258405926,40037731,,SPOT,0,2
258443794,40046602,,SPOT,0,2
258443712,40046561,,SPOT,0,2
258405921,40042235,,SPOT,0,2
258405886,40037721,,SPOT,0,2
258443532,40046529,,SPOT,0,2
258443799,40046666,,SPOT,0,2
264487412,40046539,,SPOT,0,2
258405881,40037719,,SPOT,0,2
258443497,40046521,,SPOT,0,2
258443417,40046503,,SPOT,0,2
384399748,40037855,,SPOT,0,2
258443492,40046517,,SPOT,0,2
438022626,84669799,,SPOT,0,2
258405906,40037725,,SPOT,0,2
438022627,40037831,,SPOT,0,2
258405986,40042233,,SPOT,0,2
259547601,40288969,,SPOT,0,2
263399187,40834224,,SPOT,0,2
384399747,84883887,,SPOT,0,2
258443517,40046525,,SPOT,0,2
274934389,40037881,,SPOT,0,2
258443512,40046523,,SPOT,0,2
259202609,40207406,,SPOT,0,2
259288077,40227697,,SPOT,0,2
259362845,40245685,,SPOT,0,2
258443395,40046497,,SPOT,0,2
699613243,40046727,,SPOT,0,2
699613069,40037691,,SPOT,0,2
264487013,40037827,,SPOT,0,2
491389326,40046594,,SPOT,0,2
491389325,160986857,,SPOT,0,2
258406670,40037899,,SPOT,0,2
258425673,40042265,,SPOT,0,2
258425775,40042294,,SPOT,0,2
258406655,40037893,,SPOT,0,2
258425770,40042292,,SPOT,0,2
259589134,40298704,,SPOT,0,2
426195279,40037833,,SPOT,0,2
263855874,40384054,,SPOT,0,2
258406473,40042131,,SPOT,0,2
258426077,40042372,,SPOT,0,2
258444237,40046721,,SPOT,0,2
384331491,85339259,,SPOT,0,2
258425658,40042263,,SPOT,0,2
259998110,40386212,,SPOT,0,2
258406478,40037847,,SPOT,0,2
258444172,40046699,,SPOT,0,2
258444232,40046719,,SPOT,0,2
258443874,40046624,,SPOT,0,2
258406635,40042057,,SPOT,0,2
258444054,40046658,,SPOT,0,2
258425753,40042290,,SPOT,0,2
258406578,40037877,,SPOT,0,2
258425571,40042239,,SPOT,0,2
258444059,40046660,,SPOT,0,2
258425456,40042195,,SPOT,0,2
264036326,40046703,,SPOT,0,2
258444157,40046691,,SPOT,0,2
258444217,40046713,,SPOT,0,2
258405675,40037693,,SPOT,0,2
258426052,40042357,,SPOT,0,2
258425638,40042259,,SPOT,0,2
258444152,40046689,,SPOT,0,2
260972734,41041652,,SPOT,0,2
258425451,40042193,,SPOT,0,2
258444034,40046662,,SPOT,0,2
258443979,40046642,,SPOT,0,2
258406553,40037867,,SPOT,0,2
258406613,40037889,,SPOT,0,2
260981163,41045912,,SPOT,0,2
258426154,40046483,,SPOT,0,2
263391475,40832932,,SPOT,0,2
258405772,40037709,,SPOT,0,2
258425738,40042279,,SPOT,0,2
258443859,40046614,,SPOT,0,2
258406558,40037869,,SPOT,0,2
258406618,40037891,,SPOT,0,2
258425551,40042223,,SPOT,0,2
258425436,40042177,,SPOT,0,2
258443954,40046632,,SPOT,0,2
258405655,40037687,,SPOT,0,2
258425618,40042255,,SPOT,0,2
258425698,40042273,,SPOT,0,2
258405650,40037685,,SPOT,0,2
258425371,40042183,,SPOT,0,2
258425431,40042179,,SPOT,0,2
258444130,40046683,,SPOT,0,2
258425257,40042141,,SPOT,0,2
258443834,40046610,,SPOT,0,2
620861452,362688520,,SPOT,0,2
263391574,40832964,,SPOT,0,2
263909234,41161932,,SPOT,0,2
258444014,40046664,,SPOT,0,2
258443959,40046634,,SPOT,0,2
261433680,41271973,,SPOT,0,2
260663798,40833580,,SPOT,0,2
258425536,40042217,,SPOT,0,2
258406416,40037839,,SPOT,0,2
258426134,40042376,,SPOT,0,2
263391457,40832912,,SPOT,0,2
258406538,40037863,,SPOT,0,2
258425531,40042215,,SPOT,0,2
258406351,40037821,,SPOT,0,2
258406411,40037837,,SPOT,0,2
258444019,40046654,,SPOT,0,2
258425416,40042171,,SPOT,0,2
258406236,40037811,,SPOT,0,2
258425496,40042205,,SPOT,0,2
258426017,40042351,,SPOT,0,2
258405635,40037683,,SPOT,0,2
258425491,40042201,,SPOT,0,2
258426139,40046575,,SPOT,0,2
258406498,40037851,,SPOT,0,2
258425411,40042169,,SPOT,0,2
258444192,40046701,,SPOT,0,2
263709236,41045904,,SPOT,0,2
258406171,40037791,,SPOT,0,2
258406231,40037809,,SPOT,0,2
258406056,40037755,,SPOT,0,2
258443814,40046652,,SPOT,0,2
263391556,40037861,,SPOT,0,2
258443894,40046626,,SPOT,0,2
263782332,41084716,,SPOT,0,2
258406513,40037857,,SPOT,0,2
258425230,40042197,,SPOT,0,2
258444118,40046678,,SPOT,0,2
259108644,40042334,,SPOT,0,2
258406051,40037753,,SPOT,0,2
263391430,40832908,,SPOT,0,2
700042421,373874387,,SPOT,0,2
263391376,40037733,,SPOT,0,2
258426114,40042368,,SPOT,0,2
261140527,41136262,,SPOT,0,2
620861251,40042091,,SPOT,0,2
258406518,40037859,,SPOT,0,2
258425591,40042247,,SPOT,0,2
258406156,40037783,,SPOT,0,2
258406216,40037805,,SPOT,0,2
258406296,40037813,,SPOT,0,2
258443994,40046646,,SPOT,0,2
258426119,40042374,,SPOT,0,2
258405610,40037675,,SPOT,0,2
258425331,40042157,,SPOT,0,2
258405690,40037699,,SPOT,0,2
258406151,40037781,,SPOT,0,2
258406211,40037803,,SPOT,0,2
258425297,40042187,,SPOT,0,2
261052104,41084720,,SPOT,0,2
263391358,40037705,,SPOT,0,2
258406036,40037757,,SPOT,0,2
259149285,40199922,,SPOT,0,2
258425215,40042129,,SPOT,0,2
258425150,40042113,,SPOT,0,2
263391412,40037759,,SPOT,0,2
263391493,40037817,,SPOT,0,2
263997756,40289733,,SPOT,0,2
258406396,40037841,,SPOT,0,2
261052109,41084724,,SPOT,0,2
258405712,40037701,,SPOT,0,2
258425033,40042085,,SPOT,0,2
258406136,40037787,,SPOT,0,2
258425396,40042173,,SPOT,0,2
258425391,40042175,,SPOT,0,2
259219723,40212508,,SPOT,0,2
258406131,40037777,,SPOT,0,2
263391511,40832944,,SPOT,0,2
263395474,40046481,,SPOT,0,2
258406096,40037769,,SPOT,0,2
259228584,40214728,,SPOT,0,2
258425135,40042109,,SPOT,0,2
258406091,40037767,,SPOT,0,2
258406011,40037793,,SPOT,0,2

[CUSTOMER LOADS]
FORMAT_CUSTOMERLOADS=SectionID,DeviceNumber,LoadType,CustomerNumber,CustomerType,ConnectionStatus,LockDuringLoadAllocation,Year,LoadModelID,NormalPriority,EmergencyPriority,ValueType,LoadPhase,Value1,Value2,ConnectedKVA,KWH,NumberOfCustomer,CenterTapPercent,CenterTapPercent2,LoadValue1N1,LoadValue1N2,LoadValue2N1,LoadValue2N2
259529048,40284064,SPOT,40284064,Residential,0,0,2015,1,0,0,0,A,6.475936,2.562546,25.000000,14.000000,1.000000,,,,,,
258425095,40042101,SPOT,40042101,Residential,0,0,2015,1,0,0,0,B,2.580176,1.094333,10.000000,0.000000,0.000000,,,,,,
258425013,40042077,SPOT,40042077,Residential,0,0,2015,1,0,0,0,C,11.368148,3.767947,50.000000,59.000000,4.000000,,,,,,
261061101,41089472,SPOT,41089472,Residential,0,0,2015,1,0,0,0,A,12.951872,5.125092,50.000000,41.000000,3.000000,,,,,,
258406116,40037773,SPOT,40037773,Commercial,0,0,2015,1,0,0,0,A,6.475936,2.562546,25.000000,20.000000,2.000000,,,,,,
258406196,40037799,SPOT,40037799,Residential,0,0,2015,1,0,0,0,C,5.684074,1.883973,25.000000,13.000000,1.000000,,,,,,
258425018,40042079,SPOT,40042079,Residential,0,0,2015,1,0,0,0,C,11.368148,3.767947,50.000000,0.000000,0.000000,,,,,,
263395456,40833636,SPOT,40833636,Residential,0,0,2015,1,0,0,0,A,6.475936,2.562546,25.000000,18.000000,1.000000,,,,,,
258425195,40042127,SPOT,40042127,Residential,0,0,2015,1,0,0,0,A,2.590374,1.025018,10.000000,0.000000,0.000000,,,,,,
258425195,40042127,SPOT,40042127,Residential,0,0,2015,1,0,0,0,B,2.580176,1.094333,10.000000,0.000000,0.000000,,,,,,
258425195,40042127,SPOT,40042127,Residential,0,0,2015,1,0,0,0,C,2.273630,0.753589,10.000000,0.000000,0.000000,,,,,,
258425115,40042095,SPOT,40042095,Commercial,0,0,2015,1,0,0,0,B,6.450439,2.735834,25.000000,0.000000,1.000000,,,,,,
260664694,40834220,SPOT,40834220,Residential,0,0,2015,1,0,0,0,B,6.450439,2.735834,25.000000,49.000000,4.000000,,,,,,
258425110,40042093,SPOT,40042093,Commercial,0,0,2015,1,0,0,0,B,2.580176,1.094333,10.000000,7.000000,1.000000,,,,,,
263391394,40037745,SPOT,40037745,Commercial,0,0,2015,1,0,0,0,A,6.475936,2.562546,25.000000,0.000000,1.000000,,,,,,
263395258,40042149,SPOT,40042149,Residential,0,0,2015,1,0,0,0,A,6.475936,2.562546,25.000000,3.000000,1.000000,,,,,,
263395258,40042149,SPOT,40042149,Residential,0,0,2015,1,0,0,0,B,6.450439,2.735834,25.000000,3.000000,0.000000,,,,,,
263395258,40042149,SPOT,40042149,Residential,0,0,2015,1,0,0,0,C,5.684074,1.883973,25.000000,3.000000,0.000000,,,,,,
263395375,40042257,SPOT,40042257,Residential,0,0,2015,1,0,0,0,C,5.684074,1.883973,25.000000,15.000000,1.000000,,,,,,
263733249,40042225,SPOT,40042225,Commercial,0,0,2015,1,0,0,0,C,5.684074,1.883973,25.000000,25.000000,2.000000,,,,,,
258424972,40042069,SPOT,40042069,Residential,0,0,2015,1,0,0,0,C,5.684074,1.883973,25.000000,27.000000,2.000000,,,,,,
258425875,40042316,SPOT,40042316,Residential,0,0,2015,1,0,0,0,A,3.885562,1.537528,15.000000,0.000000,0.000000,,,,,,
259196721,40199826,SPOT,40199826,Residential,0,0,2015,1,0,0,0,C,5.684074,1.883973,25.000000,16.000000,1.000000,,,,,,
263755760,40042147,SPOT,40042147,Residential,0,0,2015,1,0,0,0,B,6.450439,2.735834,25.000000,0.000000,1.000000,,,,,,
263395411,40042300,SPOT,40042300,Residential,0,0,2015,1,0,0,0,A,6.475936,2.562546,25.000000,30.000000,3.000000,,,,,,
259316802,40234488,SPOT,40234488,Residential,0,0,2015,1,0,0,0,C,5.684074,1.883973,25.000000,25.000000,2.000000,,,,,,
263733348,40046596,SPOT,40046596,Residential,0,0,2015,1,0,0,0,C,5.684074,1.883973,25.000000,19.000000,2.000000,,,,,,
263395231,40042125,SPOT,40042125,Residential,0,0,2015,1,0,0,0,C,2.273630,0.753589,10.000000,1.000000,2.000000,,,,,,
263998654,40290401,SPOT,40290401,Commercial,0,0,2015,1,0,0,0,C,3.410444,1.130384,15.000000,0.030000,1.000000,,,,,,
258425975,40042339,SPOT,40042339,Commercial,0,0,2015,1,0,0,0,C,11.368148,3.767947,50.000000,27.000000,2.000000,,,,,,
258424957,40042067,SPOT,40042067,Residential,0,0,2015,1,0,0,0,A,6.475936,2.562546,25.000000,21.000000,1.000000,,,,,,
263395339,40042227,SPOT,40042227,Residential,0,0,2015,1,0,0,0,C,3.410444,1.130384,15.000000,15.000000,1.000000,,,,,,
260662954,40832960,SPOT,40832960,Residential,0,0,2015,1,0,0,0,C,11.368148,3.767947,50.000000,66.000000,4.000000,,,,,,
260663858,40833624,SPOT,40833624,Residential,0,0,2015,1,0,0,0,B,6.450439,2.735834,25.000000,58.000000,5.000000,,,,,,
263395330,40833608,SPOT,40833608,Residential,0,0,2015,1,0,0,0,B,6.450439,2.735834,25.000000,43.000000,3.000000,,,,,,
258425850,40042308,SPOT,40042308,Residential,0,0,2015,1,0,0,0,A,6.475936,2.562546,25.000000,9.000000,1.000000,,,,,,
259196788,40199906,SPOT,40199906,Residential,0,0,2015,1,0,0,0,C,5.684074,1.883973,25.000000,21.000000,1.000000,,,,,,
264148867,41271981,SPOT,41271981,Residential,0,0,2015,1,0,0,0,B,12.900879,5.471667,50.000000,0.000000,0.000000,,,,,,
260663853,40833620,SPOT,40833620,Residential,0,0,2015,1,0,0,0,B,6.450439,2.735834,25.000000,46.000000,3.000000,,,,,,
263395213,40833596,SPOT,40833596,Residential,0,0,2015,1,0,0,0,A,6.475936,2.562546,25.000000,11.000000,1.000000,,,,,,
263395294,40042199,SPOT,40042199,Residential,0,0,2015,1,0,0,0,C,5.684074,1.883973,25.000000,0.000000,0.000000,,,,,,
259471074,40271302,SPOT,40271302,Residential,0,0,2015,1,0,0,0,C,5.684074,1.883973,25.000000,20.000000,1.000000,,,,,,
258425955,40042330,SPOT,40042330,Commercial,0,0,2015,1,0,0,0,B,2.580176,1.094333,10.000000,13.000000,2.000000,,,,,,
258424937,40042065,SPOT,40042065,Commercial,0,0,2015,1,0,0,0,A,3.885562,1.537528,15.000000,25.000000,3.000000,,,,,,
263733321,40046672,SPOT,40046672,Residential,0,0,2015,1,0,0,0,B,6.450439,2.735834,25.000000,14.000000,1.000000,,,,,,
615922971,40037879,SPOT,40037879,Residential,0,0,2015,1,0,0,0,C,5.684074,1.883973,25.000000,13.000000,2.000000,,,,,,
258425950,40046577,SPOT,40046577,Residential,0,0,2015,1,0,0,0,A,2.590374,1.025018,10.000000,0.000000,0.000000,,,,,,
258425950,40046577,SPOT,40046577,Residential,0,0,2015,1,0,0,0,C,2.273630,0.753589,10.000000,0.000000,0.000000,,,,,,
258425835,40217207,SPOT,40217207,Residential,0,0,2015,1,0,0,0,A,6.475936,2.562546,25.000000,21.000000,2.000000,,,,,,
263395312,40042209,SPOT,40042209,Commercial,0,0,2015,1,0,0,0,C,5.684074,1.883973,25.000000,29.000000,2.000000,,,,,,
263395393,40042285,SPOT,40042285,Commercial,0,0,2015,1,0,0,0,A,6.475936,2.562546,25.000000,0.000000,0.000000,,,,,,
260663838,40833612,SPOT,40833612,Residential,0,0,2015,1,0,0,0,B,6.450439,2.735834,25.000000,73.000000,4.000000,,,,,,
260662899,40832916,SPOT,40832916,Commercial,0,0,2015,1,0,0,0,B,6.450439,2.735834,25.000000,21.000000,2.000000,,,,,,
263733285,40042061,SPOT,40042061,Residential,0,0,2015,1,0,0,0,A,6.475936,2.562546,25.000000,24.000000,1.000000,,,,,,
259596202,40046709,SPOT,40046709,Residential,0,0,2015,1,0,0,0,A,3.885562,1.537528,15.000000,9.000000,1.000000,,,,,,
261434125,41271977,SPOT,41271977,Residential,0,0,2015,1,0,0,0,B,12.900879,5.471667,50.000000,0.000000,0.000000,,,,,,
258443662,40046555,SPOT,40046555,Residential,0,0,2015,1,0,0,0,B,2.580176,1.094333,10.000000,25.000000,1.000000,,,,,,
261434120,41271969,SPOT,41271969,Residential,0,0,2015,1,0,0,0,B,12.900879,5.471667,50.000000,0.000000,0.000000,,,,,,
258405871,40037717,SPOT,40037717,Residential,0,0,2015,1,0,0,0,A,6.475936,2.562546,25.000000,34.000000,2.000000,,,,,,
264148849,41271653,SPOT,41271653,Residential,0,0,2015,1,0,0,0,C,11.368148,3.767947,50.000000,0.000000,0.000000,,,,,,
258425935,40042326,SPOT,40042326,Residential,0,0,2015,1,0,0,0,C,5.684074,1.883973,25.000000,49.000000,3.000000,,,,,,
258424991,40042071,SPOT,40042071,Commercial,0,0,2015,1,0,0,0,B,6.450439,2.735834,25.000000,11.000000,2.000000,,,,,,
259332453,40238268,SPOT,40238268,Commercial,0,0,2015,1,0,0,0,A,2.590374,1.025018,10.000000,0.666700,1.000000,,,,,,
259332453,40238268,SPOT,40238268,Commercial,0,0,2015,1,0,0,0,B,2.580176,1.094333,10.000000,0.666700,0.000000,,,,,,
259332453,40238268,SPOT,40238268,Commercial,0,0,2015,1,0,0,0,C,2.273630,0.753589,10.000000,0.666700,0.000000,,,,,,
259474277,40271925,SPOT,40271925,Commercial,0,0,2015,1,0,0,0,C,3.410444,1.130384,15.000000,4.000000,1.000000,,,,,,
263399250,40834236,SPOT,40834236,Residential,0,0,2015,1,0,0,0,A,19.427809,7.687639,75.000000,40.000000,2.000000,,,,,,
258443762,40046592,SPOT,40046592,Residential,0,0,2015,1,0,0,0,C,5.684074,1.883973,25.000000,12.000000,1.000000,,,,,,
258425890,40042318,SPOT,40042318,Residential,0,0,2015,1,0,0,0,B,6.450439,2.735834,25.000000,0.000000,0.000000,,,,,,
258424998,40042073,SPOT,40042073,Residential,0,0,2015,1,0,0,0,C,2.273630,0.753589,10.000000,73.000000,6.000000,,,,,,
260663813,40833592,SPOT,40833592,Residential,0,0,2015,1,0,0,0,A,6.475936,2.562546,25.000000,60.000000,4.000000,,,,,,
263399358,40834276,SPOT,40834276,Residential,0,0,2015,1,0,0,0,C,3.410444,1.130384,15.000000,10.000000,1.000000,,,,,,
261434105,41271957,SPOT,41271957,Residential,0,0,2015,1,0,0,0,C,17.052221,5.651920,75.000000,0.000000,0.000000,,,,,,
258443642,40046553,SPOT,40046553,Commercial,0,0,2015,1,0,0,0,B,6.450439,2.735834,25.000000,26.000000,3.000000,,,,,,
259281206,40226193,SPOT,40226193,Residential,0,0,2015,1,0,0,0,C,11.368148,3.767947,50.000000,35.000000,1.000000,,,,,,
261434100,41271949,SPOT,41271949,Residential,0,0,2015,1,0,0,0,C,11.368148,3.767947,50.000000,0.000000,0.000000,,,,,,
258425997,40042345,SPOT,40042345,Residential,0,0,2015,1,0,0,0,A,6.475936,2.562546,25.000000,0.000000,0.000000,,,,,,
263395195,40042087,SPOT,40042087,Residential,0,0,2015,1,0,0,0,C,5.684074,1.883973,25.000000,0.000000,0.000000,,,,,,
258443467,40046509,SPOT,40046509,Residential,0,0,2015,1,0,0,0,B,2.580176,1.094333,10.000000,0.000000,0.000000,,,,,,
258425915,40042320,SPOT,40042320,Residential,0,0,2015,1,0,0,0,B,6.450439,2.735834,25.000000,46.000000,4.000000,,,,,,
263399178,40834208,SPOT,40834208,Residential,0,0,2015,1,0,0,0,B,6.450439,2.735834,25.000000,50.000000,3.000000,,,,,,
258425910,40042324,SPOT,40042324,Residential,0,0,2015,1,0,0,0,C,1.136815,0.376795,5.000000,15.000000,1.000000,,,,,,
258405956,40037737,SPOT,40037737,Commercial,0,0,2015,1,0,0,0,C,5.684074,1.883973,25.000000,0.000000,1.000000,,,,,,
258443747,40046586,SPOT,40046586,Residential,0,0,2015,1,0,0,0,C,5.684074,1.883973,25.000000,29.000000,2.000000,,,,,,
491242325,188717070,SPOT,188717070,Commercial,0,0,2015,1,0,0,0,B,9.675659,4.103750,37.500000,5.000000,1.000000,,,,,,
258443742,40046584,SPOT,40046584,Commercial,0,0,2015,1,0,0,0,C,11.368148,3.767947,50.000000,44.000000,6.000000,,,,,,
259240616,40217506,SPOT,40217506,Residential,0,0,2015,1,0,0,0,C,5.684074,1.883973,25.000000,0.000000,0.000000,,,,,,
258405951,40037735,SPOT,40037735,Residential,0,0,2015,1,0,0,0,C,2.273630,0.753589,10.000000,0.000000,0.000000,,,,,,
258443627,40046567,SPOT,40046567,Residential,0,0,2015,1,0,0,0,A,3.885562,1.537528,15.000000,14.000000,1.000000,,,,,,
617401571,366797900,SPOT,366797900,Commercial,0,0,2015,1,0,0,0,B,12.900879,5.471667,50.000000,0.000000,1.000000,,,,,,
258443622,40046549,SPOT,40046549,Residential,0,0,2015,1,0,0,0,C,5.684074,1.883973,25.000000,16.000000,1.000000,,,,,,
258405831,40042243,SPOT,40042243,Commercial,0,0,2015,1,0,0,0,C,5.684074,1.883973,25.000000,63.000000,3.000000,,,,,,
258443447,40046571,SPOT,40046571,Residential,0,0,2015,1,0,0,0,A,3.885562,1.537528,15.000000,2.000000,1.000000,,,,,,
263399331,40834272,SPOT,40834272,Residential,0,0,2015,1,0,0,0,C,5.684074,1.883973,25.000000,12.000000,1.000000,,,,,,
263702147,41041648,SPOT,41041648,Commercial,0,0,2015,1,0,0,0,C,22.736295,7.535893,100.000000,0.000000,2.000000,,,,,,
491242306,40046685,SPOT,40046685,Commercial,0,0,2015,1,0,0,0,A,6.475936,2.562546,25.000000,25.000000,2.000000,,,,,,
263399295,40046582,SPOT,40046582,Residential,0,0,2015,1,0,0,0,C,5.684074,1.883973,25.000000,30.000000,2.000000,,,,,,
258405896,40037727,SPOT,40037727,Residential,0,0,2015,1,0,0,0,C,5.684074,1.883973,25.000000,0.000000,0.000000,,,,,,
258443547,40046533,SPOT,40046533,Residential,0,0,2015,1,0,0,0,C,5.684074,1.883973,25.000000,23.000000,3.000000,,,,,,
258443542,40046531,SPOT,40046531,Residential,0,0,2015,1,0,0,0,C,2.273630,0.753589,10.000000,0.000000,0.000000,,,,,,
258443602,40046545,SPOT,40046545,Residential,0,0,2015,1,0,0,0,C,5.684074,1.883973,25.000000,47.000000,2.000000,,,,,,
258443682,40046559,SPOT,40046559,Residential,0,0,2015,1,0,0,0,B,6.450439,2.735834,25.000000,28.000000,2.000000,,,,,,
258405891,40037723,SPOT,40037723,Commercial,0,0,2015,1,0,0,0,A,6.475936,2.562546,25.000000,20.000000,1.000000,,,,,,
259203779,40208771,SPOT,40208771,Residential,0,0,2015,1,0,0,0,C,5.684074,1.883973,25.000000,12.000000,1.000000,,,,,,
263399313,40834268,SPOT,40834268,Residential,0,0,2015,1,0,0,0,C,5.684074,1.883973,25.000000,46.000000,2.000000,,,,,,
258443365,40046489,SPOT,40046489,Residential,0,0,2015,1,0,0,0,C,5.684074,1.883973,25.000000,21.000000,1.000000,,,,,,
258443360,40046493,SPOT,40046493,Residential,0,0,2015,1,0,0,0,C,5.684074,1.883973,25.000000,13.000000,1.000000,,,,,,
259987103,40383820,SPOT,40383820,Residential,0,0,2015,1,0,0,0,C,11.368148,3.767947,50.000000,11.000000,1.000000,,,,,,
263399394,40834280,SPOT,40834280,Residential,0,0,2015,1,0,0,0,C,5.684074,1.883973,25.000000,61.000000,3.000000,,,,,,
258405916,40037729,SPOT,40037729,Residential,0,0,2015,1,0,0,0,C,5.684074,1.883973,25.000000,23.000000,1.000000,,,,,,
258443784,40046598,SPOT,40046598,Residential,0,0,2015,1,0,0,0,C,5.684074,1.883973,25.000000,15.000000,1.000000,,,,,,
258405991,40037743,SPOT,40037743,Residential,0,0,2015,1,0,0,0,B,2.580176,1.094333,10.000000,0.000000,0.000000,,,,,,
259266157,40222981,SPOT,40222981,Residential,0,0,2015,1,0,0,0,A,2.590374,1.025018,10.000000,0.000000,0.000000,,,,,,
259266157,40222981,SPOT,40222981,Residential,0,0,2015,1,0,0,0,B,2.580176,1.094333,10.000000,0.000000,0.000000,,,,,,
259266157,40222981,SPOT,40222981,Residential,0,0,2015,1,0,0,0,C,2.273630,0.753589,10.000000,0.000000,0.000000,,,,,,
263834526,40239080,SPOT,40239080,Commercial,0,0,2015,1,0,0,0,C,5.684074,1.883973,25.000000,14.000000,1.000000,,,,,,
259400476,40254647,SPOT,40254647,Residential,0,0,2015,1,0,0,0,B,12.900879,5.471667,50.000000,0.000000,0.000000,,,,,,
258443522,40046527,SPOT,40046527,Commercial,0,0,2015,1,0,0,0,C,5.684074,1.883973,25.000000,44.000000,3.000000,,,,,,
258443789,40046600,SPOT,40046600,Residential,0,0,2015,1,0,0,0,C,5.684074,1.883973,25.000000,27.000000,1.000000,,,,,,
258443487,40046515,SPOT,40046515,Residential,0,0,2015,1,0,0,0,C,5.684074,1.883973,25.000000,45.000000,2.000000,,,,,,
258443345,40046485,SPOT,40046485,Residential,0,0,2015,1,0,0,0,C,5.684074,1.883973,25.000000,41.000000,2.000000,,,,,,
258443405,40046501,SPOT,40046501,Residential,0,0,2015,1,0,0,0,C,3.410444,1.130384,15.000000,46.000000,3.000000,,,,,,
258443400,40046499,SPOT,40046499,Residential,0,0,2015,1,0,0,0,A,6.475936,2.562546,25.000000,71.000000,4.000000,,,,,,
699613273,40037703,SPOT,40037703,Residential,0,0,2015,1,0,0,0,B,6.450439,2.735834,25.000000,11.000000,1.000000,,,,,,
263399196,40834232,SPOT,40834232,Residential,0,0,2015,1,0,0,0,A,6.475936,2.562546,25.000000,11.000000,1.000000,,,,,,
258443507,40046519,SPOT,40046519,Residential,0,0,2015,1,0,0,0,B,2.580176,1.094333,10.000000,13.000000,1.000000,,,,,,
258443582,40046551,SPOT,40046551,Residential,0,0,2015,1,0,0,0,A,6.475936,2.562546,25.000000,7.000000,1.000000,,,,,,
259457130,40268156,SPOT,40268156,Commercial,0,0,2015,1,0,0,0,A,3.885562,1.537528,15.000000,3.000000,1.000000,,,,,,
264377514,40046674,SPOT,40046674,Residential,0,0,2015,1,0,0,0,C,5.684074,1.883973,25.000000,39.000000,3.000000,,,,,,
258443380,40046573,SPOT,40046573,Residential,0,0,2015,1,0,0,0,B,6.450439,2.735834,25.000000,1.000000,1.000000,,,,,,
259420317,40259746,SPOT,40259746,Residential,0,0,2015,1,0,0,0,C,5.684074,1.883973,25.000000,9.000000,1.000000,,,,,,
259202599,40207392,SPOT,40207392,Residential,0,0,2015,1,0,0,0,C,3.410444,1.130384,15.000000,0.000000,0.000000,,,,,,
258406665,40037897,SPOT,40037897,Residential,0,0,2015,1,0,0,0,C,11.368148,3.767947,50.000000,37.000000,3.000000,,,,,,
258406660,40037895,SPOT,40037895,Commercial,0,0,2015,1,0,0,0,C,11.368148,3.767947,50.000000,52.800000,1.000000,,,,,,
263981660,41210144,SPOT,41210144,Residential,0,0,2015,1,0,0,0,B,6.450439,2.735834,25.000000,24.000000,1.000000,,,,,,
450041335,138739160,SPOT,138739160,Commercial,0,0,2015,1,0,0,0,A,6.475936,2.562546,25.000000,15.000000,1.000000,,,,,,
258425668,40042269,SPOT,40042269,Residential,0,0,2015,1,0,0,0,A,12.951872,5.125092,50.000000,19.000000,1.000000,,,,,,
258444242,40046723,SPOT,40046723,Residential,0,0,2015,1,0,0,0,B,6.450439,2.735834,25.000000,16.000000,1.000000,,,,,,
258425765,40042287,SPOT,40042287,Residential,0,0,2015,1,0,0,0,A,12.951872,5.125092,50.000000,0.000000,0.000000,,,,,,
258425765,40042287,SPOT,40042287,Residential,0,0,2015,1,0,0,0,C,11.368148,3.767947,50.000000,0.000000,0.000000,,,,,,
261433670,41271953,SPOT,41271953,Residential,0,0,2015,1,0,0,0,C,17.052221,5.651920,75.000000,0.000000,0.000000,,,,,,
259589129,40298700,SPOT,40298700,Commercial,0,0,2015,1,0,0,0,A,12.951872,5.125092,50.000000,25.600000,1.000000,,,,,,
259589129,40298700,SPOT,40298700,Commercial,0,0,2015,1,0,0,0,B,12.900879,5.471667,50.000000,25.600000,0.000000,,,,,,
259589129,40298700,SPOT,40298700,Commercial,0,0,2015,1,0,0,0,C,11.368148,3.767947,50.000000,25.600000,0.000000,,,,,,
258426067,40042361,SPOT,40042361,Residential,0,0,2015,1,0,0,0,B,2.580176,1.094333,10.000000,0.000000,1.000000,,,,,,
258444167,40046695,SPOT,40046695,Residential,0,0,2015,1,0,0,0,B,6.450439,2.735834,25.000000,11.000000,1.000000,,,,,,
258444227,40046717,SPOT,40046717,Residential,0,0,2015,1,0,0,0,B,6.450439,2.735834,25.000000,16.000000,1.000000,,,,,,
258426062,40042355,SPOT,40042355,Commercial,0,0,2015,1,0,0,0,B,6.450439,2.735834,25.000000,23.000000,2.000000,,,,,,
258425648,40042271,SPOT,40042271,Residential,0,0,2015,1,0,0,0,B,6.450439,2.735834,25.000000,19.000000,1.000000,,,,,,
258444162,40046693,SPOT,40046693,Residential,0,0,2015,1,0,0,0,B,6.450439,2.735834,25.000000,40.000000,2.000000,,,,,,
258444222,40046715,SPOT,40046715,Residential,0,0,2015,1,0,0,0,B,6.450439,2.735834,25.000000,15.000000,2.000000,,,,,,
258443864,40046616,SPOT,40046616,Residential,0,0,2015,1,0,0,0,C,5.684074,1.883973,25.000000,36.000000,3.000000,,,,,,
264146156,41270045,SPOT,41270045,Residential,0,0,2015,1,0,0,0,A,6.475936,2.562546,25.000000,11.000000,1.000000,,,,,,
259149275,40199904,SPOT,40199904,Residential,0,0,2015,1,0,0,0,B,6.450439,2.735834,25.000000,23.000000,1.000000,,,,,,
258425743,40042281,SPOT,40042281,Commercial,0,0,2015,1,0,0,0,B,6.450439,2.735834,25.000000,23.000000,3.000000,,,,,,
258425566,40042231,SPOT,40042231,Residential,0,0,2015,1,0,0,0,C,5.684074,1.883973,25.000000,24.000000,2.000000,,,,,,
263391466,40832928,SPOT,40832928,Residential,0,0,2015,1,0,0,0,C,5.684074,1.883973,25.000000,10.000000,1.000000,,,,,,
258425748,40042283,SPOT,40042283,Residential,0,0,2015,1,0,0,0,B,6.450439,2.735834,25.000000,16.000000,1.000000,,,,,,
258406568,40037875,SPOT,40037875,Commercial,0,0,2015,1,0,0,0,C,5.684074,1.883973,25.000000,16.000000,2.000000,,,,,,
258425561,40042229,SPOT,40042229,Residential,0,0,2015,1,0,0,0,C,11.368148,3.767947,50.000000,23.000000,2.000000,,,,,,
258426047,40042353,SPOT,40042353,Commercial,0,0,2015,1,0,0,0,A,6.475936,2.562546,25.000000,1.333000,1.000000,,,,,,
258426047,40042353,SPOT,40042353,Commercial,0,0,2015,1,0,0,0,B,6.450439,2.735834,25.000000,1.333000,0.000000,,,,,,
258426047,40042353,SPOT,40042353,Commercial,0,0,2015,1,0,0,0,C,5.684074,1.883973,25.000000,1.333000,0.000000,,,,,,
258443964,40046636,SPOT,40046636,Residential,0,0,2015,1,0,0,0,C,5.684074,1.883973,25.000000,17.000000,1.000000,,,,,,
258444147,40046687,SPOT,40046687,Residential,0,0,2015,1,0,0,0,B,6.450439,2.735834,25.000000,10.000000,1.000000,,,,,,
258444207,40046707,SPOT,40046707,Commercial,0,0,2015,1,0,0,0,A,2.590374,1.025018,10.000000,5.000000,2.000000,,,,,,
258405665,40037695,SPOT,40037695,Commercial,0,0,2015,1,0,0,0,C,5.684074,1.883973,25.000000,9.000000,1.000000,,,,,,
258425628,40042253,SPOT,40042253,Residential,0,0,2015,1,0,0,0,A,6.475936,2.562546,25.000000,31.000000,2.000000,,,,,,
258406448,40037845,SPOT,40037845,Residential,0,0,2015,1,0,0,0,A,6.475936,2.562546,25.000000,28.000000,2.000000,,,,,,
258444142,40046725,SPOT,40046725,Residential,0,0,2015,1,0,0,0,A,6.475936,2.562546,25.000000,14.000000,1.000000,,,,,,
258444202,40046711,SPOT,40046711,Residential,0,0,2015,1,0,0,0,A,12.951872,5.125092,50.000000,0.000000,0.000000,,,,,,
258444202,40046711,SPOT,40046711,Residential,0,0,2015,1,0,0,0,B,12.900879,5.471667,50.000000,0.000000,0.000000,,,,,,
258444202,40046711,SPOT,40046711,Residential,0,0,2015,1,0,0,0,C,11.368148,3.767947,50.000000,0.000000,0.000000,,,,,,
258405660,40037689,SPOT,40037689,Residential,0,0,2015,1,0,0,0,B,12.900879,5.471667,50.000000,38.000000,2.000000,,,,,,
258425441,40042185,SPOT,40042185,Residential,0,0,2015,1,0,0,0,B,3.870264,1.641500,15.000000,0.000000,0.000000,,,,,,
259228579,40214726,SPOT,40214726,Residential,0,0,2015,1,0,0,0,C,5.684074,1.883973,25.000000,0.000000,0.000000,,,,,,
263391448,40037795,SPOT,40037795,Residential,0,0,2015,1,0,0,0,C,5.684074,1.883973,25.000000,11.000000,1.000000,,,,,,
258425267,40042143,SPOT,40042143,Residential,0,0,2015,1,0,0,0,C,5.684074,1.883973,25.000000,42.000000,3.000000,,,,,,
258443844,40046608,SPOT,40046608,Residential,0,0,2015,1,0,0,0,C,5.684074,1.883973,25.000000,18.000000,1.000000,,,,,,
259248355,40219194,SPOT,40219194,Residential,0,0,2015,1,0,0,0,C,5.684074,1.883973,25.000000,10.000000,1.000000,,,,,,
258444024,40046656,SPOT,40046656,Commercial,0,0,2015,1,0,0,0,C,5.684074,1.883973,25.000000,23.000000,3.000000,,,,,,
263391565,40832952,SPOT,40832952,Residential,0,0,2015,1,0,0,0,C,11.368148,3.767947,50.000000,30.000000,3.000000,,,,,,
258425723,40042275,SPOT,40042275,Residential,0,0,2015,1,0,0,0,C,5.684074,1.883973,25.000000,21.000000,1.000000,,,,,,
258443969,40046638,SPOT,40046638,Residential,0,0,2015,1,0,0,0,C,5.684074,1.883973,25.000000,8.000000,1.000000,,,,,,
258406543,40037865,SPOT,40037865,Commercial,0,0,2015,1,0,0,0,C,5.684074,1.883973,25.000000,39.000000,4.000000,,,,,,
263782341,41084728,SPOT,41084728,Residential,0,0,2015,1,0,0,0,A,12.951872,5.125092,50.000000,61.000000,5.000000,,,,,,
258406680,40037902,SPOT,40037902,Commercial,0,0,2015,1,0,0,0,A,0.000000,0.000000,0.000000,0.000000,3.000000,,,,,,
258406680,40037902,SPOT,40037902,Commercial,0,0,2015,1,0,0,0,B,9.675659,4.103750,37.500000,2.500000,0.000000,,,,,,
258406680,40037902,SPOT,40037902,Commercial,0,0,2015,1,0,0,0,C,8.526111,2.825960,37.500000,2.500000,0.000000,,,,,,
258406426,40037843,SPOT,40037843,Commercial,0,0,2015,1,0,0,0,B,6.450439,2.735834,25.000000,40.000000,4.000000,,,,,,
260981173,41045908,SPOT,41045908,Commercial,0,0,2015,1,0,0,0,C,17.052221,5.651920,75.000000,56.000000,5.000000,,,,,,
258405767,40037707,SPOT,40037707,Residential,0,0,2015,1,0,0,0,B,6.450439,2.735834,25.000000,7.000000,1.000000,,,,,,
258426144,40046495,SPOT,40046495,Commercial,0,0,2015,1,0,0,0,B,6.450439,2.735834,25.000000,51.590000,2.000000,,,,,,
260663783,40833572,SPOT,40833572,Residential,0,0,2015,1,0,0,0,A,12.951872,5.125092,50.000000,95.000000,6.000000,,,,,,
384503026,84987328,SPOT,84987328,Residential,0,0,2015,1,0,0,0,A,6.475936,2.562546,25.000000,11.000000,1.000000,,,,,,
258425728,40042277,SPOT,40042277,Residential,0,0,2015,1,0,0,0,B,6.450439,2.735834,25.000000,0.000000,0.000000,,,,,,
258443849,40046612,SPOT,40046612,Residential,0,0,2015,1,0,0,0,C,11.368148,3.767947,50.000000,35.000000,2.000000,,,,,,
258425541,40042219,SPOT,40042219,Commercial,0,0,2015,1,0,0,0,C,5.684074,1.883973,25.000000,25.000000,3.000000,,,,,,
258406361,40037823,SPOT,40037823,Residential,0,0,2015,1,0,0,0,A,6.475936,2.562546,25.000000,0.000000,0.000000,,,,,,
258406246,40037825,SPOT,40037825,Residential,0,0,2015,1,0,0,0,C,5.684074,1.883973,25.000000,14.000000,1.000000,,,,,,
258426027,40042349,SPOT,40042349,Residential,0,0,2015,1,0,0,0,A,6.475936,2.562546,25.000000,12.000000,1.000000,,,,,,
258405645,40037681,SPOT,40037681,Residential,0,0,2015,1,0,0,0,B,6.450439,2.735834,25.000000,35.000000,3.000000,,,,,,
258425688,40042267,SPOT,40042267,Residential,0,0,2015,1,0,0,0,A,2.590374,1.025018,10.000000,9.000000,1.000000,,,,,,
258425361,40042161,SPOT,40042161,Residential,0,0,2015,1,0,0,0,B,2.580176,1.094333,10.000000,0.000000,0.000000,,,,,,
258444123,40046680,SPOT,40046680,Commercial,0,0,2015,1,0,0,0,A,0.000000,0.000000,0.000000,0.000000,1.000000,,,,,,
258444123,40046680,SPOT,40046680,Commercial,0,0,2015,1,0,0,0,B,12.900879,5.471667,50.000000,6.400000,0.000000,,,,,,
258444123,40046680,SPOT,40046680,Commercial,0,0,2015,1,0,0,0,C,11.368148,3.767947,50.000000,6.400000,0.000000,,,,,,
258406066,40037761,SPOT,40037761,Commercial,0,0,2015,1,0,0,0,A,12.951872,5.125092,50.000000,77.000000,6.000000,,,,,,
258443824,40179977,SPOT,40179977,Residential,0,0,2015,1,0,0,0,C,3.410444,1.130384,15.000000,21.000000,1.000000,,,,,,
263391547,40037871,SPOT,40037871,Residential,0,0,2015,1,0,0,0,B,2.580176,1.094333,10.000000,30.000000,3.000000,,,,,,
258425245,40042137,SPOT,40042137,Residential,0,0,2015,1,0,0,0,A,3.885562,1.537528,15.000000,42.000000,2.000000,,,,,,
258444086,40046676,SPOT,40046676,Residential,0,0,2015,1,0,0,0,B,3.870264,1.641500,15.000000,18.000000,1.000000,,,,,,
258444004,40046650,SPOT,40046650,Residential,0,0,2015,1,0,0,0,C,5.684074,1.883973,25.000000,35.000000,2.000000,,,,,,
263782323,40042337,SPOT,40042337,Commercial,0,0,2015,1,0,0,0,A,6.475936,2.562546,25.000000,13.000000,2.000000,,,,,,
258425240,40042135,SPOT,40042135,Commercial,0,0,2015,1,0,0,0,A,6.475936,2.562546,25.000000,45.030000,4.000000,,,,,,
258425526,40042213,SPOT,40042213,Residential,0,0,2015,1,0,0,0,C,2.273630,0.753589,10.000000,0.000000,0.000000,,,,,,
259548318,40289185,SPOT,40289185,Commercial,0,0,2015,1,0,0,0,A,6.475936,2.562546,25.000000,17.330000,1.000000,,,,,,
259548318,40289185,SPOT,40289185,Commercial,0,0,2015,1,0,0,0,B,6.450439,2.735834,25.000000,17.330000,0.000000,,,,,,
259548318,40289185,SPOT,40289185,Commercial,0,0,2015,1,0,0,0,C,5.684074,1.883973,25.000000,17.330000,0.000000,,,,,,
258406528,40037873,SPOT,40037873,Residential,0,0,2015,1,0,0,0,A,2.590374,1.025018,10.000000,0.000000,0.000000,,,,,,
258406528,40037873,SPOT,40037873,Residential,0,0,2015,1,0,0,0,B,2.580176,1.094333,10.000000,0.000000,0.000000,,,,,,
258406528,40037873,SPOT,40037873,Residential,0,0,2015,1,0,0,0,C,2.273630,0.753589,10.000000,0.000000,0.000000,,,,,,
258406341,40037819,SPOT,40037819,Commercial,0,0,2015,1,0,0,0,A,6.475936,2.562546,25.000000,42.000000,3.000000,,,,,,
258406401,40037835,SPOT,40037835,Residential,0,0,2015,1,0,0,0,C,2.273630,0.753589,10.000000,16.000000,1.000000,,,,,,
258444009,40046648,SPOT,40046648,Residential,0,0,2015,1,0,0,0,C,5.684074,1.883973,25.000000,61.000000,4.000000,,,,,,
258425346,40042159,SPOT,40042159,Residential,0,0,2015,1,0,0,0,B,2.580176,1.094333,10.000000,0.000000,0.000000,,,,,,
258425406,40042167,SPOT,40042167,Residential,0,0,2015,1,0,0,0,B,3.870264,1.641500,15.000000,14.000000,1.000000,,,,,,
258406166,40037785,SPOT,40037785,Residential,0,0,2015,1,0,0,0,A,6.475936,2.562546,25.000000,14.000000,2.000000,,,,,,
258406226,40037807,SPOT,40037807,Residential,0,0,2015,1,0,0,0,B,6.450439,2.735834,25.000000,65.000000,5.000000,,,,,,
258444187,40046697,SPOT,40046697,Residential,0,0,2015,1,0,0,0,A,6.475936,2.562546,25.000000,27.000000,1.000000,,,,,,
258426002,40042347,SPOT,40042347,Residential,0,0,2015,1,0,0,0,B,6.450439,2.735834,25.000000,0.000000,0.000000,,,,,,
258425481,40042203,SPOT,40042203,Commercial,0,0,2015,1,0,0,0,C,3.410444,1.130384,15.000000,32.000000,3.000000,,,,,,
258405620,40037679,SPOT,40037679,Residential,0,0,2015,1,0,0,0,A,6.475936,2.562546,25.000000,7.000000,1.000000,,,,,,
258425341,40042155,SPOT,40042155,Residential,0,0,2015,1,0,0,0,B,3.870264,1.641500,15.000000,14.000000,1.000000,,,,,,
258425401,40042165,SPOT,40042165,Commercial,0,0,2015,1,0,0,0,B,6.450439,2.735834,25.000000,27.000000,3.000000,,,,,,
263391520,40832948,SPOT,40832948,Residential,0,0,2015,1,0,0,0,A,12.951872,5.125092,50.000000,102.000000,7.000000,,,,,,
258406046,40037751,SPOT,40037751,Residential,0,0,2015,1,0,0,0,A,6.475936,2.562546,25.000000,16.000000,1.000000,,,,,,
258443804,40046604,SPOT,40046604,Residential,0,0,2015,1,0,0,0,C,2.273630,0.753589,10.000000,16.000000,1.000000,,,,,,
263391349,40832900,SPOT,40832900,Residential,0,0,2015,1,0,0,0,B,6.450439,2.735834,25.000000,34.000000,2.000000,,,,,,
258443884,40046620,SPOT,40046620,Commercial,0,0,2015,1,0,0,0,C,5.684074,1.883973,25.000000,29.000000,2.000000,,,,,,
699612917,40037677,SPOT,40037677,Residential,0,0,2015,1,0,0,0,B,3.870264,1.641500,15.000000,15.000000,1.000000,,,,,,
258406583,40037883,SPOT,40037883,Residential,0,0,2015,1,0,0,0,C,2.273630,0.753589,10.000000,0.000000,0.000000,,,,,,
258443929,40046640,SPOT,40046640,Commercial,0,0,2015,1,0,0,0,C,11.368148,3.767947,50.000000,48.000000,4.000000,,,,,,
620861401,40042119,SPOT,40042119,Residential,0,0,2015,1,0,0,0,A,6.475936,2.562546,25.000000,86.000000,5.000000,,,,,,
258406503,40037853,SPOT,40037853,Residential,0,0,2015,1,0,0,0,B,6.450439,2.735834,25.000000,16.000000,2.000000,,,,,,
258425160,40042123,SPOT,40042123,Residential,0,0,2015,1,0,0,0,B,2.580176,1.094333,10.000000,8.000000,1.000000,,,,,,
263391403,40037749,SPOT,40037749,Commercial,0,0,2015,1,0,0,0,A,6.475936,2.562546,25.000000,36.000000,3.000000,,,,,,
259198882,40202498,SPOT,40202498,Commercial,0,0,2015,1,0,0,0,C,5.684074,1.883973,25.000000,14.000000,1.000000,,,,,,
258426104,40042365,SPOT,40042365,Residential,0,0,2015,1,0,0,0,A,0.000000,0.000000,0.000000,0.000000,1.000000,,,,,,
258426104,40042365,SPOT,40042365,Residential,0,0,2015,1,0,0,0,B,9.675659,4.103750,37.500000,12.000000,0.000000,,,,,,
258426104,40042365,SPOT,40042365,Residential,0,0,2015,1,0,0,0,C,8.526111,2.825960,37.500000,12.000000,0.000000,,,,,,
263997747,41217886,SPOT,41217886,Residential,0,0,2015,1,0,0,0,C,5.684074,1.883973,25.000000,0.000000,0.000000,,,,,,
258443889,40046622,SPOT,40046622,Residential,0,0,2015,1,0,0,0,C,3.410444,1.130384,15.000000,15.000000,1.000000,,,,,,
263391484,40833616,SPOT,40833616,Residential,0,0,2015,1,0,0,0,B,12.900879,5.471667,50.000000,49.000000,3.000000,,,,,,
258443809,40046606,SPOT,40046606,Commercial,0,0,2015,1,0,0,0,C,2.273630,0.753589,10.000000,34.000000,3.000000,,,,,,
260664749,40834256,SPOT,40834256,Commercial,0,0,2015,1,0,0,0,A,25.903745,10.250185,100.000000,20.000000,3.000000,,,,,,
258406206,40037801,SPOT,40037801,Residential,0,0,2015,1,0,0,0,C,2.273630,0.753589,10.000000,22.000000,1.000000,,,,,,
258443904,40046628,SPOT,40046628,Residential,0,0,2015,1,0,0,0,C,5.684074,1.883973,25.000000,35.000000,2.000000,,,,,,
258443984,40046644,SPOT,40046644,Residential,0,0,2015,1,0,0,0,C,5.684074,1.883973,25.000000,68.000000,5.000000,,,,,,
258405685,40037697,SPOT,40037697,Residential,0,0,2015,1,0,0,0,A,2.590374,1.025018,10.000000,14.000000,1.000000,,,,,,
260664744,40834252,SPOT,40834252,Residential,0,0,2015,1,0,0,0,A,19.427809,7.687639,75.000000,14.000000,1.000000,,,,,,
263663378,41009982,SPOT,41009982,Residential,0,0,2015,1,0,0,0,C,5.684074,1.883973,25.000000,20.000000,1.000000,,,,,,
258425048,40042089,SPOT,40042089,Commercial,0,0,2015,1,0,0,0,C,5.684074,1.883973,25.000000,197.000000,1.000000,,,,,,
258426109,40042370,SPOT,40042370,Residential,0,0,2015,1,0,0,0,C,5.684074,1.883973,25.000000,14.000000,1.000000,,,,,,
286927269,49342790,SPOT,49342790,Commercial,0,0,2015,1,0,0,0,C,8.526111,2.825960,37.500000,24.000000,1.000000,,,,,,
258425321,40042153,SPOT,40042153,Residential,0,0,2015,1,0,0,0,B,1.290088,0.547167,5.000000,0.000000,0.000000,,,,,,
258406141,40037779,SPOT,40037779,Residential,0,0,2015,1,0,0,0,A,6.475936,2.562546,25.000000,28.000000,2.000000,,,,,,
258406201,40037797,SPOT,40037797,Residential,0,0,2015,1,0,0,0,C,5.684074,1.883973,25.000000,3.000000,1.000000,,,,,,
263395465,40042363,SPOT,40042363,Residential,0,0,2015,1,0,0,0,B,6.450439,2.735834,25.000000,8.000000,1.000000,,,,,,
258425145,40042107,SPOT,40042107,Residential,0,0,2015,1,0,0,0,B,6.450439,2.735834,25.000000,17.000000,1.000000,,,,,,
258425282,40042145,SPOT,40042145,Residential,0,0,2015,1,0,0,0,B,2.580176,1.094333,10.000000,0.000000,0.000000,,,,,,
258443909,40046630,SPOT,40046630,Residential,0,0,2015,1,0,0,0,C,5.684074,1.883973,25.000000,88.000000,5.000000,,,,,,
258425140,40042105,SPOT,40042105,Commercial,0,0,2015,1,0,0,0,B,12.900879,5.471667,50.000000,71.290000,4.000000,,,,,,
623897569,40042249,SPOT,40042249,Residential,0,0,2015,1,0,0,0,A,2.590374,1.025018,10.000000,1.000000,1.000000,,,,,,
258406021,40037747,SPOT,40037747,Residential,0,0,2015,1,0,0,0,A,2.590374,1.025018,10.000000,19.000000,1.000000,,,,,,
258406306,40037815,SPOT,40037815,Residential,0,0,2015,1,0,0,0,A,6.475936,2.562546,25.000000,12.000000,2.000000,,,,,,
258405782,40042245,SPOT,40042245,Commercial,0,0,2015,1,0,0,0,C,2.273630,0.753589,10.000000,13.000000,2.000000,,,,,,
258406381,40037829,SPOT,40037829,Commercial,0,0,2015,1,0,0,0,C,5.684074,1.883973,25.000000,33.900000,4.000000,,,,,,
260664729,40834244,SPOT,40834244,Residential,0,0,2015,1,0,0,0,A,25.903745,10.250185,100.000000,62.000000,5.000000,,,,,,
258406126,40037789,SPOT,40037789,Residential,0,0,2015,1,0,0,0,A,6.475936,2.562546,25.000000,0.000000,0.000000,,,,,,
258425386,40042163,SPOT,40042163,Residential,0,0,2015,1,0,0,0,B,6.450439,2.735834,25.000000,55.000000,3.000000,,,,,,
260664724,40834240,SPOT,40834240,Residential,0,0,2015,1,0,0,0,A,19.427809,7.687639,75.000000,24.000000,2.000000,,,,,,
261061096,41089476,SPOT,41089476,Commercial,0,0,2015,1,0,0,0,A,12.951872,5.125092,50.000000,45.000000,5.000000,,,,,,
258425028,40042083,SPOT,40042083,Residential,0,0,2015,1,0,0,0,C,5.684074,1.883973,25.000000,38.000000,2.000000,,,,,,
258425381,40042181,SPOT,40042181,Residential,0,0,2015,1,0,0,0,B,6.450439,2.735834,25.000000,12.400000,1.000000,,,,,,
260664689,40834216,SPOT,40834216,Residential,0,0,2015,1,0,0,0,B,6.450439,2.735834,25.000000,33.000000,2.000000,,,,,,
258406086,40037765,SPOT,40037765,Residential,0,0,2015,1,0,0,0,A,6.475936,2.562546,25.000000,45.000000,3.000000,,,,,,
258425125,40042103,SPOT,40042103,Residential,0,0,2015,1,0,0,0,B,6.450439,2.735834,25.000000,14.000000,1.000000,,,,,,
260664684,40834212,SPOT,40834212,Residential,0,0,2015,1,0,0,0,B,6.450439,2.735834,25.000000,32.000000,2.000000,,,,,,
263960232,41197257,SPOT,41197257,Residential,0,0,2015,1,0,0,0,B,6.450439,2.735834,25.000000,16.000000,1.000000,,,,,,
258425120,40042097,SPOT,40042097,Residential,0,0,2015,1,0,0,0,B,6.450439,2.735834,25.000000,0.000000,0.000000,,,,,,
258425309,40042151,SPOT,40042151,Commercial,0,0,2015,1,0,0,0,B,6.450439,2.735834,25.000000,48.000000,4.000000,,,,,,
385859012,40300246,SPOT,40300246,Commercial,0,0,2015,1,0,0,0,A,6.475936,2.562546,25.000000,10.120000,1.000000,,,,,,
385859012,40300246,SPOT,40300246,Commercial,0,0,2015,1,0,0,0,B,6.450439,2.735834,25.000000,10.120000,0.000000,,,,,,
385859012,40300246,SPOT,40300246,Commercial,0,0,2015,1,0,0,0,C,5.684074,1.883973,25.000000,10.120000,0.000000,,,,,,
258406081,40037763,SPOT,40037763,Commercial,0,0,2015,1,0,0,0,A,12.951872,5.125092,50.000000,74.000000,6.000000,,,,,,
263395267,40833600,SPOT,40833600,Commercial,0,0,2015,1,0,0,0,B,6.450439,2.735834,25.000000,12.000000,2.000000,,,,,,
385859011,86378138,SPOT,86378138,Commercial,0,0,2015,1,0,0,0,A,3.885562,1.537528,15.000000,8.200000,2.000000,,,,,,
385859011,86378138,SPOT,86378138,Commercial,0,0,2015,1,0,0,0,B,3.870264,1.641500,15.000000,8.200000,0.000000,,,,,,
385859011,86378138,SPOT,86378138,Commercial,0,0,2015,1,0,0,0,C,3.410444,1.130384,15.000000,8.200000,0.000000,,,,,,
384399851,40042133,SPOT,40042133,Commercial,0,0,2015,1,0,0,0,A,6.475936,2.562546,25.000000,10.400000,1.000000,,,,,,
384399851,40042133,SPOT,40042133,Commercial,0,0,2015,1,0,0,0,B,6.450439,2.735834,25.000000,10.400000,0.000000,,,,,,
384399851,40042133,SPOT,40042133,Commercial,0,0,2015,1,0,0,0,C,5.684074,1.883973,25.000000,10.400000,0.000000,,,,,,
258425085,40042117,SPOT,40042117,Residential,0,0,2015,1,0,0,0,B,6.450439,2.735834,25.000000,43.000000,3.000000,,,,,,
263391385,40832904,SPOT,40832904,Residential,0,0,2015,1,0,0,0,B,3.870264,1.641500,15.000000,15.000000,1.000000,,,,,,
258425003,40042075,SPOT,40042075,Residential,0,0,2015,1,0,0,0,C,5.684074,1.883973,25.000000,15.000000,1.000000,,,,,,
263395429,40833632,SPOT,40833632,Residential,0,0,2015,1,0,0,0,A,6.475936,2.562546,25.000000,28.000000,2.000000,,,,,,
616790327,366527806,SPOT,366527806,Commercial,0,0,2015,1,0,0,0,A,3.885562,1.537528,15.000000,12.190000,1.000000,,,,,,
616790327,366527806,SPOT,366527806,Commercial,0,0,2015,1,0,0,0,B,3.870264,1.641500,15.000000,12.190000,0.000000,,,,,,
616790327,366527806,SPOT,366527806,Commercial,0,0,2015,1,0,0,0,C,3.410444,1.130384,15.000000,12.190000,0.000000,,,,,,
260664704,40834228,SPOT,40834228,Residential,0,0,2015,1,0,0,0,B,6.450439,2.735834,25.000000,45.000000,4.000000,,,,,,
259181477,40179935,SPOT,40179935,Residential,0,0,2015,1,0,0,0,C,3.410444,1.130384,15.000000,18.000000,1.000000,,,,,,
263395420,40042310,SPOT,40042310,Commercial,0,0,2015,1,0,0,0,A,6.475936,2.562546,25.000000,3.300000,2.000000,,,,,,
263395249,40042191,SPOT,40042191,Commercial,0,0,2015,1,0,0,0,C,11.368148,3.767947,50.000000,39.530000,5.000000,,,,,,
263395366,40042251,SPOT,40042251,Residential,0,0,2015,1,0,0,0,A,6.475936,2.562546,25.000000,12.000000,1.000000,,,,,,
258406101,40037771,SPOT,40037771,Residential,0,0,2015,1,0,0,0,A,6.475936,2.562546,25.000000,69.000000,4.000000,,,,,,
263794328,40042211,SPOT,40042211,Commercial,0,0,2015,1,0,0,0,C,5.684074,1.883973,25.000000,15.000000,2.000000,,,,,,
258425105,40042099,SPOT,40042099,Residential,0,0,2015,1,0,0,0,B,6.450439,2.735834,25.000000,14.000000,1.000000,,,,,,
263395240,40042139,SPOT,40042139,Commercial,0,0,2015,1,0,0,0,C,5.684074,1.883973,25.000000,0.000000,2.000000,,,,,,
384502987,40046569,SPOT,40046569,Commercial,0,0,2015,1,0,0,0,A,6.475936,2.562546,25.000000,7.000000,2.000000,,,,,,
258425180,40042121,SPOT,40042121,Residential,0,0,2015,1,0,0,0,A,6.475936,2.562546,25.000000,2.000000,1.000000,,,,,,
384399836,40037849,SPOT,40037849,Residential,0,0,2015,1,0,0,0,B,6.450439,2.735834,25.000000,21.000000,1.000000,,,,,,
263395348,40833628,SPOT,40833628,Commercial,0,0,2015,1,0,0,0,B,3.870264,1.641500,15.000000,14.000000,2.000000,,,,,,
263395402,40042296,SPOT,40042296,Commercial,0,1,2015,1,0,0,1,A,91.400000,85.000000,166.700000,91.400000,2.000000,,,,,,
263395402,40042296,SPOT,40042296,Commercial,0,1,2015,1,0,0,1,B,91.400000,85.000000,166.700000,91.400000,0.000000,,,,,,
263395402,40042296,SPOT,40042296,Commercial,0,1,2015,1,0,0,1,C,91.400000,85.000000,166.700000,91.400000,0.000000,,,,,,
290683470,40037673,SPOT,40037673,Residential,0,0,2015,1,0,0,0,C,5.684074,1.883973,25.000000,16.000000,1.000000,,,,,,
261213171,41179093,SPOT,41179093,Residential,0,0,2015,1,0,0,0,C,5.684074,1.883973,25.000000,23.000000,1.000000,,,,,,
263395222,40833576,SPOT,40833576,Commercial,0,0,2015,1,0,0,0,A,12.951872,5.125092,50.000000,112.000000,7.000000,,,,,,
263733258,40042221,SPOT,40042221,Industrial,0,0,2015,1,0,0,0,A,2.590374,1.025018,10.000000,9.533000,2.000000,,,,,,
263733258,40042221,SPOT,40042221,Industrial,0,0,2015,1,0,0,0,B,2.580176,1.094333,10.000000,9.533000,0.000000,,,,,,
263733258,40042221,SPOT,40042221,Industrial,0,0,2015,1,0,0,0,C,2.273630,0.753589,10.000000,9.533000,0.000000,,,,,,
260662949,40832956,SPOT,40832956,Residential,0,0,2015,1,0,0,0,C,11.368148,3.767947,50.000000,98.000000,6.000000,,,,,,
258425865,40042312,SPOT,40042312,Residential,0,0,2015,1,0,0,0,A,12.951872,5.125092,50.000000,30.000000,2.000000,,,,,,
615922863,40037887,SPOT,40037887,Residential,0,0,2015,1,0,0,0,A,6.475936,2.562546,25.000000,17.000000,2.000000,,,,,,
263395321,40042207,SPOT,40042207,Commercial,0,0,2015,1,0,0,0,C,5.684074,1.883973,25.000000,29.000000,3.000000,,,,,,
259197613,40200871,SPOT,40200871,Residential,0,0,2015,1,0,0,0,C,5.684074,1.883973,25.000000,0.000000,0.000000,,,,,,
263395204,40833568,SPOT,40833568,Residential,0,0,2015,1,0,0,0,A,12.951872,5.125092,50.000000,128.000000,8.000000,,,,,,
263395285,40833604,SPOT,40833604,Commercial,0,0,2015,1,0,0,0,B,6.450439,2.735834,25.000000,36.000000,3.000000,,,,,,
258425965,40042359,SPOT,40042359,Commercial,0,0,2015,1,0,0,0,A,6.475936,2.562546,25.000000,85.000000,7.000000,,,,,,
263399268,40046543,SPOT,40046543,Residential,0,0,2015,1,0,0,0,C,2.273630,0.753589,10.000000,11.000000,1.000000,,,,,,
258425960,40042332,SPOT,40042332,Residential,0,0,2015,1,0,0,0,B,6.450439,2.735834,25.000000,52.000000,3.000000,,,,,,
260662929,40832940,SPOT,40832940,Residential,0,0,2015,1,0,0,0,B,6.450439,2.735834,25.000000,54.000000,4.000000,,,,,,
259259895,40221589,SPOT,40221589,Residential,0,0,2015,1,0,0,0,A,6.475936,2.562546,25.000000,0.000000,0.000000,,,,,,
258425845,40042304,SPOT,40042304,Commercial,0,0,2015,1,0,0,0,A,6.475936,2.562546,25.000000,63.000000,4.000000,,,,,,
260662924,40832936,SPOT,40832936,Residential,0,0,2015,1,0,0,0,B,6.450439,2.735834,25.000000,66.000000,4.000000,,,,,,
263733231,40037711,SPOT,40037711,Residential,0,0,2015,1,0,0,0,C,11.368148,3.767947,50.000000,29.000000,1.000000,,,,,,
258425840,40042302,SPOT,40042302,Residential,0,0,2015,1,0,0,0,A,6.475936,2.562546,25.000000,12.000000,1.000000,,,,,,
259240666,40217528,SPOT,40217528,Residential,0,0,2015,1,0,0,0,C,11.368148,3.767947,50.000000,17.000000,1.000000,,,,,,
259259890,40037775,SPOT,40037775,Residential,0,0,2015,1,0,0,0,A,12.951872,5.125092,50.000000,49.000000,2.000000,,,,,,
263395384,40042261,SPOT,40042261,Residential,0,0,2015,1,0,0,0,A,3.885562,1.537528,15.000000,34.000000,2.000000,,,,,,
264148876,41271649,SPOT,41271649,Residential,0,0,2015,1,0,0,0,C,11.368148,3.767947,50.000000,0.000000,0.000000,,,,,,
258443677,40046563,SPOT,40046563,Commercial,0,0,2015,1,0,0,0,B,2.580176,1.094333,10.000000,2.000000,1.000000,,,,,,
263733339,40046668,SPOT,40046668,Commercial,0,0,2015,1,0,0,0,B,12.900879,5.471667,50.000000,42.000000,1.000000,,,,,,
258425945,40046580,SPOT,40046580,Residential,0,0,2015,1,0,0,0,A,6.475936,2.562546,25.000000,0.000000,0.000000,,,,,,
258424927,40042059,SPOT,40042059,Residential,0,0,2015,1,0,0,0,C,5.684074,1.883973,25.000000,29.000000,2.000000,,,,,,
263733330,40046670,SPOT,40046670,Residential,0,0,2015,1,0,0,0,A,6.475936,2.562546,25.000000,22.000000,1.000000,,,,,,
258425940,40042328,SPOT,40042328,Commercial,0,0,2015,1,0,0,0,B,6.450439,2.735834,25.000000,31.000000,2.000000,,,,,,
260662909,40832924,SPOT,40832924,Residential,0,0,2015,1,0,0,0,B,6.450439,2.735834,25.000000,66.000000,5.000000,,,,,,
258425825,40042306,SPOT,40042306,Residential,0,0,2015,1,0,0,0,B,6.450439,2.735834,25.000000,0.000000,0.000000,,,,,,
260662904,40832920,SPOT,40832920,Commercial,0,0,2015,1,0,0,0,B,6.450439,2.735834,25.000000,31.000000,3.000000,,,,,,
263399241,40834248,SPOT,40834248,Residential,0,0,2015,1,0,0,0,A,25.903745,10.250185,100.000000,175.000000,9.000000,,,,,,
260663808,40833588,SPOT,40833588,Commercial,0,0,2015,1,0,0,0,A,19.427809,7.687639,75.000000,103.000000,7.000000,,,,,,
263733294,40042063,SPOT,40042063,Residential,0,0,2015,1,0,0,0,B,6.450439,2.735834,25.000000,36.000000,2.000000,,,,,,
258405866,40037715,SPOT,40037715,Residential,0,0,2015,1,0,0,0,B,3.870264,1.641500,15.000000,0.000000,0.000000,,,,,,
258443657,40046565,SPOT,40046565,Residential,0,0,2015,1,0,0,0,B,12.900879,5.471667,50.000000,30.000000,2.000000,,,,,,
260663803,40833584,SPOT,40833584,Residential,0,0,2015,1,0,0,0,A,6.475936,2.562546,25.000000,67.000000,4.000000,,,,,,
260011481,40389069,SPOT,40389069,Residential,0,0,2015,1,0,0,0,B,6.450439,2.735834,25.000000,23.000000,1.000000,,,,,,
264148858,41271961,SPOT,41271961,Residential,0,0,2015,1,0,0,0,B,12.900879,5.471667,50.000000,0.000000,0.000000,,,,,,
258405861,40042237,SPOT,40042237,Residential,0,0,2015,1,0,0,0,A,6.475936,2.562546,25.000000,33.000000,2.000000,,,,,,
258443477,40046513,SPOT,40046513,Residential,0,0,2015,1,0,0,0,B,6.450439,2.735834,25.000000,20.000000,1.000000,,,,,,
263399340,40046618,SPOT,40046618,Residential,0,0,2015,1,0,0,0,C,5.684074,1.883973,25.000000,23.000000,2.000000,,,,,,
261434095,41271945,SPOT,41271945,Residential,0,0,2015,1,0,0,0,C,17.052221,5.651920,75.000000,0.000000,0.000000,,,,,,
263399169,40046487,SPOT,40046487,Commercial,0,0,2015,1,0,0,0,C,5.684074,1.883973,25.000000,0.000000,0.000000,,,,,,
258424984,40042081,SPOT,40042081,Commercial,0,0,2015,1,0,0,0,A,2.590374,1.025018,10.000000,0.000000,1.000000,,,,,,
258424984,40042081,SPOT,40042081,Commercial,0,0,2015,1,0,0,0,B,2.580176,1.094333,10.000000,0.000000,0.000000,,,,,,
258424984,40042081,SPOT,40042081,Commercial,0,0,2015,1,0,0,0,C,2.273630,0.753589,10.000000,0.000000,0.000000,,,,,,
258425920,40042322,SPOT,40042322,Residential,0,0,2015,1,0,0,0,B,12.900879,5.471667,50.000000,36.000000,2.000000,,,,,,
258405966,40037739,SPOT,40037739,Residential,0,0,2015,1,0,0,0,C,5.684074,1.883973,25.000000,18.000000,1.000000,,,,,,
263399223,40834264,SPOT,40834264,Residential,0,0,2015,1,0,0,0,C,5.684074,1.883973,25.000000,0.000000,0.000000,,,,,,
258443757,40046590,SPOT,40046590,Residential,0,0,2015,1,0,0,0,C,5.684074,1.883973,25.000000,28.000000,1.000000,,,,,,
258443752,40046588,SPOT,40046588,Commercial,0,0,2015,1,0,0,0,C,5.684074,1.883973,25.000000,49.000000,4.000000,,,,,,
258425800,40042298,SPOT,40042298,Commercial,0,0,2015,1,0,0,0,C,11.368148,3.767947,50.000000,0.000000,0.000000,,,,,,
261434115,41271965,SPOT,41271965,Residential,0,0,2015,1,0,0,0,B,12.900879,5.471667,50.000000,0.000000,0.000000,,,,,,
620695955,359000086,SPOT,359000086,Commercial,0,0,2015,1,0,0,0,A,6.475936,2.562546,25.000000,0.000000,1.000000,,,,,,
258443572,40046541,SPOT,40046541,Commercial,0,0,2015,1,0,0,0,C,5.684074,1.883973,25.000000,0.000000,1.000000,,,,,,
259596197,40046705,SPOT,40046705,Commercial,0,0,2015,1,0,0,0,A,12.951872,5.125092,50.000000,22.000000,2.000000,,,,,,
258405841,40042241,SPOT,40042241,Residential,0,0,2015,1,0,0,0,C,5.684074,1.883973,25.000000,0.000000,1.000000,,,,,,
258425985,40042343,SPOT,40042343,Residential,0,0,2015,1,0,0,0,C,5.684074,1.883973,25.000000,17.000000,1.000000,,,,,,
615922902,40037885,SPOT,40037885,Residential,0,0,2015,1,0,0,0,A,6.475936,2.562546,25.000000,19.000000,2.000000,,,,,,
258443452,40046507,SPOT,40046507,Residential,0,0,2015,1,0,0,0,A,2.590374,1.025018,10.000000,10.000000,1.000000,,,,,,
615922901,357149172,SPOT,357149172,Commercial,0,0,2015,1,0,0,0,B,9.675659,4.103750,37.500000,13.000000,1.000000,,,,,,
258425980,40042341,SPOT,40042341,Residential,0,0,2015,1,0,0,0,C,11.368148,3.767947,50.000000,18.000000,1.000000,,,,,,
263399286,40834260,SPOT,40834260,Residential,0,0,2015,1,0,0,0,A,6.475936,2.562546,25.000000,38.000000,2.000000,,,,,,
263399205,40046511,SPOT,40046511,Residential,0,0,2015,1,0,0,0,A,6.475936,2.562546,25.000000,40.000000,2.000000,,,,,,
258405941,40037741,SPOT,40037741,Commercial,0,0,2015,1,0,0,0,C,5.684074,1.883973,25.000000,18.000000,2.000000,,,,,,
258443697,40046557,SPOT,40046557,Residential,0,0,2015,1,0,0,0,B,2.580176,1.094333,10.000000,9.000000,1.000000,,,,,,
258443557,40046537,SPOT,40046537,Residential,0,0,2015,1,0,0,0,A,6.475936,2.562546,25.000000,17.000000,1.000000,,,,,,
258443617,40046547,SPOT,40046547,Residential,0,0,2015,1,0,0,0,C,3.410444,1.130384,15.000000,0.000000,0.000000,,,,,,
258443552,40046535,SPOT,40046535,Residential,0,0,2015,1,0,0,0,A,6.475936,2.562546,25.000000,20.000000,2.000000,,,,,,
258405821,40037713,SPOT,40037713,Residential,0,0,2015,1,0,0,0,C,5.684074,1.883973,25.000000,28.000000,2.000000,,,,,,
258443437,40046505,SPOT,40046505,Residential,0,0,2015,1,0,0,0,B,6.450439,2.735834,25.000000,17.000000,1.000000,,,,,,
259266062,40042314,SPOT,40042314,Residential,0,0,2015,1,0,0,0,A,12.951872,5.125092,50.000000,81.000000,5.000000,,,,,,
278291394,45246092,SPOT,45246092,Commercial,0,0,2015,1,0,0,0,A,9.713904,3.843819,37.500000,19.080000,1.000000,,,,,,
278291394,45246092,SPOT,45246092,Commercial,0,0,2015,1,0,0,0,B,9.675659,4.103750,37.500000,19.080000,0.000000,,,,,,
278291394,45246092,SPOT,45246092,Commercial,0,0,2015,1,0,0,0,C,8.526111,2.825960,37.500000,19.080000,0.000000,,,,,,
258443375,40046491,SPOT,40046491,Residential,0,0,2015,1,0,0,0,C,5.684074,1.883973,25.000000,44.000000,3.000000,,,,,,
259585594,40297963,SPOT,40297963,Commercial,0,0,2015,1,0,0,0,A,6.475936,2.562546,25.000000,11.950000,1.000000,,,,,,
259585594,40297963,SPOT,40297963,Commercial,0,0,2015,1,0,0,0,B,6.450439,2.735834,25.000000,11.950000,0.000000,,,,,,
259585594,40297963,SPOT,40297963,Commercial,0,0,2015,1,0,0,0,C,5.684074,1.883973,25.000000,11.950000,0.000000,,,,,,
258405926,40037731,SPOT,40037731,Commercial,0,0,2015,1,0,0,0,B,6.450439,2.735834,25.000000,34.000000,3.000000,,,,,,
258443794,40046602,SPOT,40046602,Residential,0,0,2015,1,0,0,0,C,5.684074,1.883973,25.000000,16.000000,2.000000,,,,,,
258443712,40046561,SPOT,40046561,Commercial,0,0,2015,1,0,0,0,B,3.870264,1.641500,15.000000,13.000000,1.000000,,,,,,
258405921,40042235,SPOT,40042235,Residential,0,0,2015,1,0,0,0,C,5.684074,1.883973,25.000000,32.000000,2.000000,,,,,,
258405886,40037721,SPOT,40037721,Residential,0,0,2015,1,0,0,0,C,5.684074,1.883973,25.000000,12.000000,1.000000,,,,,,
258443532,40046529,SPOT,40046529,Commercial,0,0,2015,1,0,0,0,B,6.450439,2.735834,25.000000,25.000000,2.000000,,,,,,
258443799,40046666,SPOT,40046666,Residential,0,0,2015,1,0,0,0,C,5.684074,1.883973,25.000000,0.000000,0.000000,,,,,,
264487412,40046539,SPOT,40046539,Commercial,0,0,2015,1,0,0,0,B,6.450439,2.735834,25.000000,25.000000,2.000000,,,,,,
258405881,40037719,SPOT,40037719,Commercial,0,0,2015,1,0,0,0,A,6.475936,2.562546,25.000000,1.000000,2.000000,,,,,,
258443497,40046521,SPOT,40046521,Residential,0,0,2015,1,0,0,0,C,5.684074,1.883973,25.000000,20.000000,2.000000,,,,,,
258443417,40046503,SPOT,40046503,Commercial,0,0,2015,1,0,0,0,C,2.273630,0.753589,10.000000,20.000000,2.000000,,,,,,
384399748,40037855,SPOT,40037855,Residential,0,0,2015,1,0,0,0,A,6.475936,2.562546,25.000000,22.000000,2.000000,,,,,,
258443492,40046517,SPOT,40046517,Residential,0,0,2015,1,0,0,0,C,5.684074,1.883973,25.000000,59.000000,3.000000,,,,,,
438022626,84669799,SPOT,84669799,Commercial,0,0,2015,1,0,0,0,C,8.526111,2.825960,37.500000,19.000000,1.000000,,,,,,
258405906,40037725,SPOT,40037725,Residential,0,0,2015,1,0,0,0,B,6.450439,2.735834,25.000000,2.000000,1.000000,,,,,,
438022627,40037831,SPOT,40037831,Residential,0,0,2015,1,0,0,0,C,3.410444,1.130384,15.000000,15.000000,1.000000,,,,,,
258405986,40042233,SPOT,40042233,Residential,0,0,2015,1,0,0,0,C,11.368148,3.767947,50.000000,23.000000,1.000000,,,,,,
259547601,40288969,SPOT,40288969,Residential,0,0,2015,1,0,0,0,B,6.450439,2.735834,25.000000,18.000000,1.000000,,,,,,
263399187,40834224,SPOT,40834224,Residential,0,0,2015,1,0,0,0,B,12.900879,5.471667,50.000000,57.000000,4.000000,,,,,,
384399747,84883887,SPOT,84883887,Commercial,0,0,2015,1,0,0,0,B,6.450439,2.735834,25.000000,7.000000,1.000000,,,,,,
258443517,40046525,SPOT,40046525,Residential,0,0,2015,1,0,0,0,A,6.475936,2.562546,25.000000,29.000000,2.000000,,,,,,
274934389,40037881,SPOT,40037881,Residential,0,0,2015,1,0,0,0,C,5.684074,1.883973,25.000000,15.000000,1.000000,,,,,,
258443512,40046523,SPOT,40046523,Residential,0,0,2015,1,0,0,0,A,6.475936,2.562546,25.000000,18.000000,2.000000,,,,,,
259202609,40207406,SPOT,40207406,Residential,0,0,2015,1,0,0,0,B,12.900879,5.471667,50.000000,19.000000,1.000000,,,,,,
259288077,40227697,SPOT,40227697,Residential,0,0,2015,1,0,0,0,C,11.368148,3.767947,50.000000,6.000000,1.000000,,,,,,
259362845,40245685,SPOT,40245685,Residential,0,0,2015,1,0,0,0,A,6.475936,2.562546,25.000000,39.000000,2.000000,,,,,,
258443395,40046497,SPOT,40046497,Residential,0,0,2015,1,0,0,0,A,6.475936,2.562546,25.000000,9.000000,1.000000,,,,,,
699613243,40046727,SPOT,40046727,Commercial,0,0,2015,1,0,0,0,B,6.450439,2.735834,25.000000,12.000000,2.000000,,,,,,
699613069,40037691,SPOT,40037691,Residential,0,0,2015,1,0,0,0,B,6.450439,2.735834,25.000000,30.000000,2.000000,,,,,,
264487013,40037827,SPOT,40037827,Residential,0,0,2015,1,0,0,0,A,6.475936,2.562546,25.000000,10.000000,1.000000,,,,,,
491389326,40046594,SPOT,40046594,Residential,0,0,2015,1,0,0,0,C,5.684074,1.883973,25.000000,33.000000,2.000000,,,,,,
491389325,160986857,SPOT,160986857,Commercial,0,0,2015,1,0,0,0,C,3.410444,1.130384,15.000000,2.000000,1.000000,,,,,,
258406670,40037899,SPOT,40037899,Commercial,0,0,2015,1,0,0,0,A,0.000000,0.000000,0.000000,0.000000,1.000000,,,,,,
258406670,40037899,SPOT,40037899,Commercial,0,0,2015,1,0,0,0,B,12.900879,5.471667,50.000000,1.500000,0.000000,,,,,,
258406670,40037899,SPOT,40037899,Commercial,0,0,2015,1,0,0,0,C,11.368148,3.767947,50.000000,1.500000,0.000000,,,,,,
258425673,40042265,SPOT,40042265,Commercial,0,0,2015,1,0,0,0,A,1.942781,0.768764,7.500000,0.000000,1.000000,,,,,,
258425775,40042294,SPOT,40042294,Residential,0,0,2015,1,0,0,0,B,6.450439,2.735834,25.000000,15.000000,1.000000,,,,,,
258406655,40037893,SPOT,40037893,Commercial,0,0,2015,1,0,0,0,C,5.684074,1.883973,25.000000,7.000000,2.000000,,,,,,
258425770,40042292,SPOT,40042292,Commercial,0,0,2015,1,0,0,0,B,2.580176,1.094333,10.000000,16.000000,2.000000,,,,,,
259589134,40298704,SPOT,40298704,Residential,0,0,2015,1,0,0,0,A,3.885562,1.537528,15.000000,0.000000,0.000000,,,,,,
426195279,40037833,SPOT,40037833,Commercial,0,0,2015,1,0,0,0,C,5.684074,1.883973,25.000000,74.000000,8.000000,,,,,,
263855874,40384054,SPOT,40384054,Residential,0,0,2015,1,0,0,0,A,6.475936,2.562546,25.000000,25.000000,1.000000,,,,,,
258406473,40042131,SPOT,40042131,Residential,0,0,2015,1,0,0,0,C,5.684074,1.883973,25.000000,0.000000,0.000000,,,,,,
258426077,40042372,SPOT,40042372,Commercial,0,0,2015,1,0,0,0,B,6.450439,2.735834,25.000000,1.000000,1.000000,,,,,,
258444237,40046721,SPOT,40046721,Residential,0,0,2015,1,0,0,0,B,6.450439,2.735834,25.000000,0.000000,0.000000,,,,,,
384331491,85339259,SPOT,85339259,Commercial,0,0,2015,1,0,0,0,C,17.052221,5.651920,75.000000,47.200000,1.000000,,,,,,
258425658,40042263,SPOT,40042263,Residential,0,0,2015,1,0,0,0,A,6.475936,2.562546,25.000000,12.000000,1.000000,,,,,,
259998110,40386212,SPOT,40386212,Residential,0,0,2015,1,0,0,0,B,12.900879,5.471667,50.000000,26.000000,1.000000,,,,,,
258406478,40037847,SPOT,40037847,Commercial,0,0,2015,1,0,0,0,B,6.450439,2.735834,25.000000,48.200000,4.000000,,,,,,
258444172,40046699,SPOT,40046699,Commercial,0,0,2015,1,0,0,0,C,5.684074,1.883973,25.000000,34.000000,3.000000,,,,,,
258444232,40046719,SPOT,40046719,Residential,0,0,2015,1,0,0,0,B,6.450439,2.735834,25.000000,24.000000,1.000000,,,,,,
258443874,40046624,SPOT,40046624,Residential,0,0,2015,1,0,0,0,C,5.684074,1.883973,25.000000,84.000000,4.000000,,,,,,
258406635,40042057,SPOT,40042057,Residential,0,0,2015,1,0,0,0,C,5.684074,1.883973,25.000000,12.000000,1.000000,,,,,,
258444054,40046658,SPOT,40046658,Commercial,0,0,2015,1,0,0,0,C,5.684074,1.883973,25.000000,49.000000,3.000000,,,,,,
258425753,40042290,SPOT,40042290,Residential,0,0,2015,1,0,0,0,A,6.475936,2.562546,25.000000,5.000000,1.000000,,,,,,
258406578,40037877,SPOT,40037877,Commercial,0,0,2015,1,0,0,0,A,3.885562,1.537528,15.000000,19.000000,2.000000,,,,,,
258425571,40042239,SPOT,40042239,Residential,0,0,2015,1,0,0,0,C,5.684074,1.883973,25.000000,33.000000,2.000000,,,,,,
258444059,40046660,SPOT,40046660,Residential,0,0,2015,1,0,0,0,C,2.273630,0.753589,10.000000,0.000000,1.000000,,,,,,
258425456,40042195,SPOT,40042195,Residential,0,0,2015,1,0,0,0,C,5.684074,1.883973,25.000000,25.000000,1.000000,,,,,,
264036326,40046703,SPOT,40046703,Industrial,0,0,2015,1,0,0,0,A,6.475936,2.562546,25.000000,3.000000,1.000000,,,,,,
258444157,40046691,SPOT,40046691,Commercial,0,0,2015,1,0,0,0,B,6.450439,2.735834,25.000000,2.000000,3.000000,,,,,,
258444217,40046713,SPOT,40046713,Commercial,0,0,2015,1,0,0,0,A,12.951872,5.125092,50.000000,3.000000,1.000000,,,,,,
258444217,40046713,SPOT,40046713,Commercial,0,0,2015,1,0,0,0,B,12.900879,5.471667,50.000000,3.000000,0.000000,,,,,,
258444217,40046713,SPOT,40046713,Commercial,0,0,2015,1,0,0,0,C,11.368148,3.767947,50.000000,3.000000,0.000000,,,,,,
258405675,40037693,SPOT,40037693,Commercial,0,0,2015,1,0,0,0,B,12.900879,5.471667,50.000000,8.000000,2.000000,,,,,,
258426052,40042357,SPOT,40042357,Residential,0,0,2015,1,0,0,0,B,6.450439,2.735834,25.000000,11.000000,1.000000,,,,,,
258425638,40042259,SPOT,40042259,Commercial,0,0,2015,1,0,0,0,A,2.590374,1.025018,10.000000,19.000000,2.000000,,,,,,
258444152,40046689,SPOT,40046689,Residential,0,0,2015,1,0,0,0,B,6.450439,2.735834,25.000000,48.000000,3.000000,,,,,,
260972734,41041652,SPOT,41041652,Commercial,0,0,2015,1,0,0,0,C,22.736295,7.535893,100.000000,44.000000,3.000000,,,,,,
258425451,40042193,SPOT,40042193,Commercial,0,0,2015,1,0,0,0,C,3.410444,1.130384,15.000000,17.000000,2.000000,,,,,,
258444034,40046662,SPOT,40046662,Residential,0,0,2015,1,0,0,0,C,11.368148,3.767947,50.000000,9.000000,1.000000,,,,,,
258443979,40046642,SPOT,40046642,Residential,0,0,2015,1,0,0,0,C,5.684074,1.883973,25.000000,0.000000,0.000000,,,,,,
258406553,40037867,SPOT,40037867,Residential,0,0,2015,1,0,0,0,C,5.684074,1.883973,25.000000,10.000000,1.000000,,,,,,
258406613,40037889,SPOT,40037889,Commercial,0,0,2015,1,0,0,0,A,6.475936,2.562546,25.000000,29.000000,2.000000,,,,,,
260981163,41045912,SPOT,41045912,Commercial,0,0,2015,1,0,0,0,C,22.736295,7.535893,100.000000,28.000000,2.000000,,,,,,
258426154,40046483,SPOT,40046483,Residential,0,0,2015,1,0,0,0,C,5.684074,1.883973,25.000000,20.000000,1.000000,,,,,,
263391475,40832932,SPOT,40832932,Residential,0,0,2015,1,0,0,0,B,6.450439,2.735834,25.000000,63.000000,4.000000,,,,,,
258405772,40037709,SPOT,40037709,Residential,0,0,2015,1,0,0,0,C,5.684074,1.883973,25.000000,18.000000,2.000000,,,,,,
258425738,40042279,SPOT,40042279,Commercial,0,0,2015,1,0,0,0,C,5.684074,1.883973,25.000000,45.000000,3.000000,,,,,,
258443859,40046614,SPOT,40046614,Commercial,0,0,2015,1,0,0,0,C,5.684074,1.883973,25.000000,41.000000,3.000000,,,,,,
258406558,40037869,SPOT,40037869,Residential,0,0,2015,1,0,0,0,C,3.410444,1.130384,15.000000,0.000000,0.000000,,,,,,
258406618,40037891,SPOT,40037891,Commercial,0,0,2015,1,0,0,0,B,6.450439,2.735834,25.000000,26.000000,2.000000,,,,,,
258425551,40042223,SPOT,40042223,Commercial,0,0,2015,1,0,0,0,A,6.475936,2.562546,25.000000,29.000000,3.000000,,,,,,
258425436,40042177,SPOT,40042177,Residential,0,0,2015,1,0,0,0,B,6.450439,2.735834,25.000000,0.000000,0.000000,,,,,,
258443954,40046632,SPOT,40046632,Residential,0,0,2015,1,0,0,0,C,5.684074,1.883973,25.000000,0.000000,0.000000,,,,,,
258405655,40037687,SPOT,40037687,Residential,0,0,2015,1,0,0,0,A,6.475936,2.562546,25.000000,14.000000,1.000000,,,,,,
258425618,40042255,SPOT,40042255,Residential,0,0,2015,1,0,0,0,A,6.475936,2.562546,25.000000,15.000000,1.000000,,,,,,
258425698,40042273,SPOT,40042273,Residential,0,0,2015,1,0,0,0,A,6.475936,2.562546,25.000000,32.000000,2.000000,,,,,,
258405650,40037685,SPOT,40037685,Commercial,0,0,2015,1,0,0,0,A,12.951872,5.125092,50.000000,27.000000,5.000000,,,,,,
258425371,40042183,SPOT,40042183,Residential,0,0,2015,1,0,0,0,B,3.870264,1.641500,15.000000,0.000000,0.000000,,,,,,
258425431,40042179,SPOT,40042179,Commercial,0,0,2015,1,0,0,0,B,6.450439,2.735834,25.000000,0.000000,0.000000,,,,,,
258444130,40046683,SPOT,40046683,Commercial,0,0,2015,1,0,0,0,B,6.450439,2.735834,25.000000,42.000000,4.000000,,,,,,
258425257,40042141,SPOT,40042141,Residential,0,0,2015,1,0,0,0,B,6.450439,2.735834,25.000000,0.000000,0.000000,,,,,,
258443834,40046610,SPOT,40046610,Residential,0,0,2015,1,0,0,0,C,11.368148,3.767947,50.000000,42.000000,3.000000,,,,,,
620861452,362688520,SPOT,362688520,Commercial,0,0,2015,1,0,0,0,B,6.450439,2.735834,25.000000,0.000000,1.000000,,,,,,
263391574,40832964,SPOT,40832964,Residential,0,0,2015,1,0,0,0,C,5.684074,1.883973,25.000000,8.000000,1.000000,,,,,,
263909234,41161932,SPOT,41161932,Residential,0,0,2015,1,0,0,0,A,6.475936,2.562546,25.000000,20.000000,1.000000,,,,,,
258444014,40046664,SPOT,40046664,Residential,0,0,2015,1,0,0,0,C,5.684074,1.883973,25.000000,7.000000,1.000000,,,,,,
258443959,40046634,SPOT,40046634,Residential,0,0,2015,1,0,0,0,C,5.684074,1.883973,25.000000,13.000000,1.000000,,,,,,
261433680,41271973,SPOT,41271973,Residential,0,0,2015,1,0,0,0,B,12.900879,5.471667,50.000000,0.000000,0.000000,,,,,,
260663798,40833580,SPOT,40833580,Residential,0,0,2015,1,0,0,0,A,12.951872,5.125092,50.000000,103.000000,6.000000,,,,,,
258425536,40042217,SPOT,40042217,Residential,0,0,2015,1,0,0,0,C,3.410444,1.130384,15.000000,10.000000,1.000000,,,,,,
258406416,40037839,SPOT,40037839,Residential,0,0,2015,1,0,0,0,C,2.273630,0.753589,10.000000,0.000000,0.000000,,,,,,
258426134,40042376,SPOT,40042376,Residential,0,0,2015,1,0,0,0,A,6.475936,2.562546,25.000000,20.000000,1.000000,,,,,,
263391457,40832912,SPOT,40832912,Residential,0,0,2015,1,0,0,0,B,6.450439,2.735834,25.000000,49.000000,3.000000,,,,,,
258406538,40037863,SPOT,40037863,Residential,0,0,2015,1,0,0,0,C,5.684074,1.883973,25.000000,22.000000,3.000000,,,,,,
258425531,40042215,SPOT,40042215,Commercial,0,0,2015,1,0,0,0,C,2.273630,0.753589,10.000000,27.000000,2.000000,,,,,,
258406351,40037821,SPOT,40037821,Commercial,0,0,2015,1,0,0,0,A,6.475936,2.562546,25.000000,39.000000,3.000000,,,,,,
258406411,40037837,SPOT,40037837,Commercial,0,0,2015,1,0,0,0,C,11.368148,3.767947,50.000000,35.200000,2.000000,,,,,,
258444019,40046654,SPOT,40046654,Residential,0,0,2015,1,0,0,0,C,5.684074,1.883973,25.000000,18.000000,1.000000,,,,,,
258425416,40042171,SPOT,40042171,Residential,0,0,2015,1,0,0,0,B,3.870264,1.641500,15.000000,13.000000,1.000000,,,,,,
258406236,40037811,SPOT,40037811,Commercial,0,0,2015,1,0,0,0,A,6.475936,2.562546,25.000000,60.000000,4.000000,,,,,,
258425496,40042205,SPOT,40042205,Residential,0,0,2015,1,0,0,0,C,5.684074,1.883973,25.000000,0.000000,0.000000,,,,,,
258426017,40042351,SPOT,40042351,Residential,0,0,2015,1,0,0,0,B,6.450439,2.735834,25.000000,22.000000,2.000000,,,,,,
258405635,40037683,SPOT,40037683,Residential,0,0,2015,1,0,0,0,C,5.684074,1.883973,25.000000,12.000000,1.000000,,,,,,
258425491,40042201,SPOT,40042201,Commercial,0,0,2015,1,0,0,0,C,5.684074,1.883973,25.000000,25.000000,2.000000,,,,,,
258426139,40046575,SPOT,40046575,Commercial,0,0,2015,1,0,0,0,A,2.590374,1.025018,10.000000,23.800000,3.000000,,,,,,
258426139,40046575,SPOT,40046575,Commercial,0,0,2015,1,0,0,0,B,2.580176,1.094333,10.000000,23.800000,0.000000,,,,,,
258426139,40046575,SPOT,40046575,Commercial,0,0,2015,1,0,0,0,C,2.273630,0.753589,10.000000,23.800000,0.000000,,,,,,
258406498,40037851,SPOT,40037851,Residential,0,0,2015,1,0,0,0,B,6.450439,2.735834,25.000000,18.000000,1.000000,,,,,,
258425411,40042169,SPOT,40042169,Residential,0,0,2015,1,0,0,0,B,6.450439,2.735834,25.000000,9.000000,1.000000,,,,,,
258444192,40046701,SPOT,40046701,Commercial,0,0,2015,1,0,0,0,C,2.273630,0.753589,10.000000,3.000000,1.000000,,,,,,
263709236,41045904,SPOT,41045904,Residential,0,0,2015,1,0,0,0,C,17.052221,5.651920,75.000000,10.000000,1.000000,,,,,,
258406171,40037791,SPOT,40037791,Residential,0,0,2015,1,0,0,0,A,6.475936,2.562546,25.000000,15.000000,1.000000,,,,,,
258406231,40037809,SPOT,40037809,Commercial,0,0,2015,1,0,0,0,B,6.450439,2.735834,25.000000,37.000000,3.000000,,,,,,
258406056,40037755,SPOT,40037755,Residential,0,0,2015,1,0,0,0,A,6.475936,2.562546,25.000000,15.000000,1.000000,,,,,,
258443814,40046652,SPOT,40046652,Residential,0,0,2015,1,0,0,0,C,2.273630,0.753589,10.000000,6.000000,1.000000,,,,,,
263391556,40037861,SPOT,40037861,Residential,0,0,2015,1,0,0,0,C,11.368148,3.767947,50.000000,11.000000,1.000000,,,,,,
258443894,40046626,SPOT,40046626,Residential,0,0,2015,1,0,0,0,C,3.410444,1.130384,15.000000,15.000000,1.000000,,,,,,
263782332,41084716,SPOT,41084716,Residential,0,0,2015,1,0,0,0,A,12.951872,5.125092,50.000000,45.000000,3.000000,,,,,,
258406513,40037857,SPOT,40037857,Residential,0,0,2015,1,0,0,0,A,6.475936,2.562546,25.000000,0.000000,0.000000,,,,,,
258425230,40042197,SPOT,40042197,Commercial,0,0,2015,1,0,0,0,B,25.801758,10.943334,100.000000,55.800000,1.000000,,,,,,
258444118,40046678,SPOT,40046678,Residential,0,0,2015,1,0,0,0,B,6.450439,2.735834,25.000000,23.000000,1.000000,,,,,,
259108644,40042334,SPOT,40042334,Commercial,0,0,2015,1,0,0,0,A,1.295187,0.512509,5.000000,13.960000,3.000000,,,,,,
259108644,40042334,SPOT,40042334,Commercial,0,0,2015,1,0,0,0,C,1.136815,0.376795,5.000000,13.960000,0.000000,,,,,,
258406051,40037753,SPOT,40037753,Residential,0,0,2015,1,0,0,0,A,6.475936,2.562546,25.000000,33.000000,2.000000,,,,,,
263391430,40832908,SPOT,40832908,Residential,0,0,2015,1,0,0,0,A,6.475936,2.562546,25.000000,24.000000,1.000000,,,,,,
700042421,373874387,SPOT,373874387,Commercial,0,0,2015,1,0,0,0,A,6.475936,2.562546,25.000000,0.000000,1.000000,,,,,,
263391376,40037733,SPOT,40037733,Residential,0,0,2015,1,0,0,0,C,3.410444,1.130384,15.000000,7.000000,1.000000,,,,,,
258426114,40042368,SPOT,40042368,Residential,0,0,2015,1,0,0,0,C,5.684074,1.883973,25.000000,16.000000,1.000000,,,,,,
261140527,41136262,SPOT,41136262,Commercial,0,0,2015,1,0,0,0,B,12.900879,5.471667,50.000000,61.000000,3.000000,,,,,,
620861251,40042091,SPOT,40042091,Commercial,0,0,2015,1,0,0,0,B,6.450439,2.735834,25.000000,36.000000,4.000000,,,,,,
258406518,40037859,SPOT,40037859,Residential,0,0,2015,1,0,0,0,A,6.475936,2.562546,25.000000,48.000000,3.000000,,,,,,
258425591,40042247,SPOT,40042247,Residential,0,0,2015,1,0,0,0,C,2.273630,0.753589,10.000000,12.000000,1.000000,,,,,,
258406156,40037783,SPOT,40037783,Residential,0,0,2015,1,0,0,0,A,6.475936,2.562546,25.000000,0.000000,0.000000,,,,,,
258406216,40037805,SPOT,40037805,Residential,0,0,2015,1,0,0,0,C,3.410444,1.130384,15.000000,25.000000,2.000000,,,,,,
258406296,40037813,SPOT,40037813,Residential,0,0,2015,1,0,0,0,A,6.475936,2.562546,25.000000,18.000000,1.000000,,,,,,
258443994,40046646,SPOT,40046646,Residential,0,0,2015,1,0,0,0,C,5.684074,1.883973,25.000000,38.000000,2.000000,,,,,,
258426119,40042374,SPOT,40042374,Commercial,0,0,2015,1,0,0,0,A,6.475936,2.562546,25.000000,6.500000,1.000000,,,,,,
258405610,40037675,SPOT,40037675,Residential,0,0,2015,1,0,0,0,A,6.475936,2.562546,25.000000,45.000000,4.000000,,,,,,
258425331,40042157,SPOT,40042157,Commercial,0,0,2015,1,0,0,0,B,2.580176,1.094333,10.000000,7.000000,2.000000,,,,,,
258405690,40037699,SPOT,40037699,Residential,0,0,2015,1,0,0,0,C,5.684074,1.883973,25.000000,21.000000,1.000000,,,,,,
258406151,40037781,SPOT,40037781,Residential,0,0,2015,1,0,0,0,A,6.475936,2.562546,25.000000,38.000000,2.000000,,,,,,
258406211,40037803,SPOT,40037803,Residential,0,0,2015,1,0,0,0,C,5.684074,1.883973,25.000000,0.000000,0.000000,,,,,,
258425297,40042187,SPOT,40042187,Commercial,0,0,2015,1,0,0,0,A,6.475936,2.562546,25.000000,8.953000,1.000000,,,,,,
258425297,40042187,SPOT,40042187,Commercial,0,0,2015,1,0,0,0,B,6.450439,2.735834,25.000000,8.953000,0.000000,,,,,,
258425297,40042187,SPOT,40042187,Commercial,0,0,2015,1,0,0,0,C,5.684074,1.883973,25.000000,8.953000,0.000000,,,,,,
261052104,41084720,SPOT,41084720,Residential,0,0,2015,1,0,0,0,A,19.427809,7.687639,75.000000,23.000000,2.000000,,,,,,
263391358,40037705,SPOT,40037705,Residential,0,0,2015,1,0,0,0,B,6.450439,2.735834,25.000000,9.000000,1.000000,,,,,,
258406036,40037757,SPOT,40037757,Commercial,0,0,2015,1,0,0,0,A,6.475936,2.562546,25.000000,11.000000,1.000000,,,,,,
259149285,40199922,SPOT,40199922,Residential,0,0,2015,1,0,0,0,C,5.684074,1.883973,25.000000,44.000000,1.000000,,,,,,
258425215,40042129,SPOT,40042129,Commercial,0,0,2015,1,0,0,0,A,2.590374,1.025018,10.000000,1.000000,1.000000,,,,,,
258425215,40042129,SPOT,40042129,Commercial,0,0,2015,1,0,0,0,B,2.580176,1.094333,10.000000,1.000000,0.000000,,,,,,
258425215,40042129,SPOT,40042129,Commercial,0,0,2015,1,0,0,0,C,2.273630,0.753589,10.000000,1.000000,0.000000,,,,,,
258425150,40042113,SPOT,40042113,Residential,0,0,2015,1,0,0,0,B,6.450439,2.735834,25.000000,20.000000,1.000000,,,,,,
263391412,40037759,SPOT,40037759,Commercial,0,0,2015,1,0,0,0,A,6.475936,2.562546,25.000000,8.000000,2.000000,,,,,,
263391493,40037817,SPOT,40037817,Residential,0,0,2015,1,0,0,0,A,6.475936,2.562546,25.000000,0.000000,0.000000,,,,,,
263997756,40289733,SPOT,40289733,Residential,0,0,2015,1,0,0,0,A,6.475936,2.562546,25.000000,24.000000,1.000000,,,,,,
258406396,40037841,SPOT,40037841,Residential,0,0,2015,1,0,0,0,C,5.684074,1.883973,25.000000,7.000000,1.000000,,,,,,
261052109,41084724,SPOT,41084724,Residential,0,0,2015,1,0,0,0,A,19.427809,7.687639,75.000000,0.000000,0.000000,,,,,,
258405712,40037701,SPOT,40037701,Commercial,0,0,2015,1,0,0,0,B,3.870264,1.641500,15.000000,3.000000,2.000000,,,,,,
258425033,40042085,SPOT,40042085,Residential,0,0,2015,1,0,0,0,C,5.684074,1.883973,25.000000,23.000000,1.000000,,,,,,
258406136,40037787,SPOT,40037787,Residential,0,0,2015,1,0,0,0,A,6.475936,2.562546,25.000000,24.000000,1.000000,,,,,,
258425396,40042173,SPOT,40042173,Residential,0,0,2015,1,0,0,0,B,6.450439,2.735834,25.000000,0.000000,0.000000,,,,,,
258425391,40042175,SPOT,40042175,Residential,0,0,2015,1,0,0,0,B,2.580176,1.094333,10.000000,0.000000,0.000000,,,,,,
259219723,40212508,SPOT,40212508,Residential,0,0,2015,1,0,0,0,B,12.900879,5.471667,50.000000,66.000000,4.000000,,,,,,
258406131,40037777,SPOT,40037777,Residential,0,0,2015,1,0,0,0,A,6.475936,2.562546,25.000000,40.000000,3.000000,,,,,,
263391511,40832944,SPOT,40832944,Commercial,0,0,2015,1,0,0,0,A,12.951872,5.125092,50.000000,68.000000,6.000000,,,,,,
263395474,40046481,SPOT,40046481,Residential,0,0,2015,1,0,0,0,C,5.684074,1.883973,25.000000,31.000000,1.000000,,,,,,
258406096,40037769,SPOT,40037769,Residential,0,0,2015,1,0,0,0,A,6.475936,2.562546,25.000000,8.000000,1.000000,,,,,,
259228584,40214728,SPOT,40214728,Residential,0,0,2015,1,0,0,0,C,11.368148,3.767947,50.000000,0.000000,0.000000,,,,,,
258425135,40042109,SPOT,40042109,Commercial,0,0,2015,1,0,0,0,A,2.590374,1.025018,10.000000,1.333000,1.000000,,,,,,
258425135,40042109,SPOT,40042109,Commercial,0,0,2015,1,0,0,0,B,2.580176,1.094333,10.000000,1.333000,0.000000,,,,,,
258425135,40042109,SPOT,40042109,Commercial,0,0,2015,1,0,0,0,C,2.273630,0.753589,10.000000,1.333000,0.000000,,,,,,
258406091,40037767,SPOT,40037767,Residential,0,0,2015,1,0,0,0,A,6.475936,2.562546,25.000000,0.000000,0.000000,,,,,,
258406011,40037793,SPOT,40037793,Commercial,0,0,2015,1,0,0,0,C,5.684074,1.883973,25.000000,31.000000,5.000000,,,,,,

[LOAD MODEL INFORMATION]
FORMAT_LOADMODELINFORMATION=ID,Name
1,DEFAULT

