0.42542
0.425
0.42459
0.42421
0.42392
0.42375
0.42373
0.42388
0.42423
0.4248
0.42557
0.42693
0.42843
0.43002
0.43163
0.43317
0.43459
0.4358
0.43676
0.43739
0.43768
0.43696
0.4359
0.43455
0.43299
0.43127
0.42949
0.4277
0.42599
0.4244
0.423
0.42266
0.42248
0.4224
0.42233
0.42221
0.42193
0.42143
0.42063
0.41949
0.41795
0.41395
0.40971
0.4054
0.40121
0.39729
0.3938
0.39082
0.38841
0.38657
0.38523
0.38798
0.39062
0.39262
0.39342
0.39251
0.38941
0.38372
0.37515
0.36354
0.34886
0.32562
0.3002
0.27352
0.24656
0.22036
0.19597
0.17438
0.15649
0.1431
0.1348
0.13811
0.14661
0.15976
0.17687
0.19709
0.21949
0.24306
0.2668
0.28973
0.31093
0.32443
0.33521
0.3432
0.34847
0.35121
0.35172
0.35036
0.34757
0.34382
0.33959
0.33841
0.33736
0.33657
0.33612
0.33605
0.33635
0.33699
0.33791
0.33902
0.34022
0.33993
0.33967
0.33947
0.33934
0.33932
0.33943
0.33968
0.34009
0.34065
0.34137
0.34276
0.3442
0.34561
0.3469
0.34799
0.34878
0.3492
0.34919
0.3487
0.34769
0.34563
0.34309
0.34013
0.33685
0.33333
0.32969
0.32602
0.32246
0.31909
0.31601
0.31359
0.3116
0.31007
0.30902
0.30845
0.30834
0.30865
0.30935
0.31039
0.31168
0.31315
0.31474
0.31638
0.318
0.31954
0.32093
0.32212
0.32308
0.32378
0.32421
0.32384
0.32326
0.32255
0.32177
0.32102
0.32037
0.31991
0.3197
0.3198
0.32023
0.32176
0.32358
0.32563
0.32779
0.32998
0.33209
0.33402
0.33568
0.33699
0.3379
0.33731
0.33635
0.33511
0.3337
0.33224
0.33085
0.32965
0.32876
0.32827
0.32826
0.32973
0.33167
0.334
0.33663
0.33944
0.3423
0.34509
0.34767
0.34994
0.3518
0.35222
0.35217
0.35169
0.35085
0.34973
0.34842
0.34702
0.34562
0.34431
0.34319
0.34288
0.34283
0.34303
0.34345
0.34404
0.34477
0.34557
0.34637
0.3471
0.3477
0.34769
0.34746
0.34697
0.34621
0.34519
0.3439
0.34234
0.34053
0.33849
0.33624
0.33394
0.33148
0.32887
0.32615
0.32332
0.32043
0.3175
0.31456
0.31166
0.30882
0.30576
0.30287
0.30022
0.29784
0.29581
0.29416
0.29292
0.2921
0.29171
0.29174
0.29252
0.29362
0.29495
0.2964
0.29789
0.29931
0.30056
0.30156
0.30224
0.30253
0.30184
0.30075
0.2993
0.29755
0.29557
0.29344
0.29125
0.2891
0.28708
0.28527
0.28401
0.28308
0.2825
0.28231
0.28249
0.28305
0.28394
0.28514
0.2866
0.28826
0.28993
0.29168
0.29345
0.29519
0.29684
0.29834
0.29965
0.30071
0.3015
0.30198
0.30206
0.30182
0.30127
0.30044
0.29934
0.29803
0.29656
0.29497
0.29333
0.29172
0.29002
0.28848
0.28718
0.2862
0.28558
0.28539
0.28566
0.28642
0.28768
0.28942
0.29183
0.29465
0.29779
0.30116
0.30468
0.30824
0.31173
0.31506
0.31812
0.32082
0.32275
0.32422
0.32521
0.32571
0.32574
0.32532
0.32448
0.32327
0.32174
0.31994
0.31806
0.31602
0.31388
0.3117
0.30951
0.30738
0.30534
0.30342
0.30167
0.30011
0.29865
0.29742
0.29644
0.29573
0.29528
0.2951
0.29519
0.29552
0.29607
0.29684
0.29774
0.2988
0.29999
0.30128
0.30263
0.30403
0.30544
0.30684
0.3082
0.30951
0.31075
0.3119
0.31296
0.31392
0.31479
0.31556
0.31626
0.31688
0.31744
