0.36395
0.36473
0.36594
0.36755
0.36949
0.37172
0.37414
0.37668
0.37925
0.38175
0.38411
0.38605
0.38769
0.38897
0.38985
0.39028
0.39025
0.38973
0.38873
0.38725
0.38533
0.3828
0.37992
0.37675
0.37338
0.36987
0.3663
0.36276
0.3593
0.35601
0.35291
0.3507
0.34871
0.34693
0.34531
0.3438
0.34238
0.341
0.33964
0.33826
0.33687
0.33347
0.33024
0.32737
0.32503
0.32338
0.32254
0.32258
0.32351
0.32529
0.3278
0.33467
0.34152
0.34775
0.35273
0.35586
0.3566
0.35447
0.34911
0.34031
0.32799
0.30652
0.28238
0.25647
0.22977
0.20334
0.17826
0.15556
0.13619
0.12098
0.1106
0.1117
0.11784
0.12854
0.14318
0.16095
0.18098
0.20231
0.22399
0.24506
0.26465
0.27668
0.28628
0.29341
0.29814
0.30066
0.30125
0.30026
0.29811
0.29522
0.29202
0.29235
0.29285
0.29355
0.29443
0.29546
0.29655
0.29762
0.29855
0.29925
0.29961
0.29744
0.29498
0.29237
0.28979
0.28738
0.28531
0.28373
0.28277
0.28254
0.28312
0.28588
0.28937
0.29345
0.29795
0.30267
0.3074
0.31195
0.31611
0.3197
0.32258
0.32345
0.32348
0.32274
0.32129
0.31925
0.31674
0.31392
0.31093
0.30792
0.30506
0.30324
0.30175
0.30061
0.29985
0.29944
0.29939
0.29964
0.30016
0.3009
0.30178
0.30219
0.30268
0.30323
0.30383
0.30448
0.30515
0.30583
0.3065
0.30713
0.30771
0.30855
0.30924
0.30971
0.30992
0.30979
0.30928
0.30836
0.30698
0.30515
0.30285
0.2996
0.29598
0.29209
0.28804
0.28392
0.27986
0.27597
0.27234
0.26907
0.26624
0.26442
0.2631
0.26226
0.26187
0.26187
0.26221
0.26282
0.26363
0.26458
0.2656
0.26591
0.26625
0.26664
0.26709
0.26764
0.26832
0.26914
0.27013
0.27129
0.27262
0.27481
0.27708
0.27931
0.28141
0.28328
0.28481
0.28592
0.28653
0.28657
0.28602
0.28394
0.28133
0.27833
0.27506
0.27167
0.2683
0.2651
0.2622
0.25974
0.2578
0.25736
0.2575
0.25818
0.25932
0.26085
0.26265
0.26462
0.26664
0.26862
0.27046
0.27118
0.27168
0.27201
0.27219
0.27229
0.27237
0.27249
0.27271
0.2731
0.27371
0.27511
0.27674
0.27856
0.28052
0.28256
0.28462
0.28661
0.28847
0.29011
0.29148
0.29214
0.29243
0.29235
0.29189
0.29106
0.28988
0.28837
0.28659
0.28457
0.28237
0.28012
0.27779
0.27544
0.27312
0.27089
0.2688
0.2669
0.26523
0.26385
0.26277
0.2618
0.26122
0.26105
0.26133
0.26206
0.26324
0.26486
0.26689
0.26928
0.27199
0.27535
0.27884
0.28234
0.28572
0.28886
0.29166
0.294
0.29582
0.29704
0.29762
0.29664
0.2951
0.29311
0.29081
0.28834
0.28584
0.28344
0.28128
0.27945
0.27805
0.27833
0.27901
0.28002
0.28123
0.2825
0.28372
0.28475
0.28546
0.28576
0.28557
0.28327
0.28056
0.27759
0.27452
0.27154
0.26883
0.26657
0.26492
0.26403
0.26398
0.26647
0.26977
0.27371
0.27813
0.28282
0.28757
0.29217
0.29643
0.30016
0.30323
0.30377
0.30363
0.30292
0.30181
0.30046
0.29906
0.29783
0.29693
0.29655
0.29682
0.29937
0.30263
0.30649
0.31084
0.31553
0.32037
0.32521
0.32986
0.33415
0.33794
0.33972
0.34089
0.34151
0.34164
0.34137
0.34082
0.34009
0.33929
0.33853
0.3379
0.3384
0.33907
0.33988
0.34076
0.34162
0.3424
0.34299
0.34331
0.34327
