0.35487
0.35388
0.35272
0.35144
0.35008
0.3487
0.34734
0.34607
0.34493
0.34396
0.34321
0.34278
0.34262
0.34274
0.34315
0.34383
0.34477
0.34596
0.34736
0.34894
0.35068
0.35237
0.35414
0.35597
0.35782
0.35967
0.36149
0.36324
0.36491
0.36648
0.36792
0.36916
0.37024
0.37116
0.3719
0.37248
0.37288
0.37311
0.37318
0.3731
0.37287
0.37248
0.37198
0.37139
0.37072
0.36999
0.36922
0.36844
0.36767
0.36691
0.3662
0.36535
0.36459
0.36396
0.36348
0.36317
0.36305
0.36312
0.3634
0.36386
0.36451
0.36548
0.36657
0.36772
0.36888
0.37001
0.37105
0.37194
0.37266
0.37316
0.37342
0.37308
0.3725
0.37175
0.37085
0.36988
0.36889
0.36794
0.36709
0.36641
0.36594
0.36586
0.36607
0.36658
0.3674
0.36851
0.36991
0.37156
0.37344
0.3755
0.37769
0.37988
0.3821
0.38432
0.38648
0.38855
0.39048
0.39223
0.39378
0.3951
0.39617
0.39681
0.39721
0.39741
0.39744
0.39732
0.39712
0.39686
0.39658
0.39634
0.39617
0.39617
0.3963
0.39657
0.39699
0.39757
0.3983
0.39918
0.4002
0.40132
0.40254
0.40365
0.40481
0.40601
0.40724
0.40848
0.40971
0.41092
0.41209
0.41318
0.41419
0.41513
0.41595
0.41662
0.41712
0.41745
0.41759
0.41755
0.41731
0.41689
0.41629
0.41533
0.41426
0.41312
0.41197
0.41084
0.40979
0.40887
0.40812
0.40758
0.40727
0.40728
0.40756
0.40811
0.40893
0.40999
0.41127
0.41275
0.41438
0.41613
0.41795
0.41969
0.42143
0.42312
0.42472
0.42622
0.42756
0.42875
0.42974
0.43054
0.43113
0.43126
0.43121
0.43101
0.43067
0.43025
0.42976
0.42924
0.42871
0.42819
0.42769
0.42751
0.42733
0.42712
0.42684
0.42645
0.42593
0.42523
0.42433
0.42321
0.42186
0.41975
0.41748
0.41513
0.41277
0.41048
0.40836
0.40649
0.40493
0.40377
0.40304
0.40314
0.4037
0.4047
0.4061
0.40783
0.40983
0.41203
0.41434
0.41669
0.41898
0.42075
0.42235
0.42375
0.42494
0.42588
0.42657
0.42701
0.4272
0.42714
0.42683
0.42643
0.42581
0.42496
0.42389
0.42262
0.42115
0.4195
0.41769
0.41573
0.41365
0.41129
0.40888
0.40647
0.40412
0.40187
0.39977
0.39786
0.39618
0.39477
0.39364
0.39273
0.39215
0.3919
0.39199
0.39241
0.39314
0.39415
0.39541
0.39687
0.39849
0.40036
0.40226
0.40411
0.40582
0.40735
0.40862
0.40958
0.4102
0.41044
0.41032
0.40925
0.40788
0.40632
0.40465
0.40297
0.4014
0.40003
0.39894
0.39822
0.39793
0.39865
0.3998
0.40134
0.40319
0.40527
0.4075
0.40977
0.41198
0.41404
0.41587
0.41677
0.41734
0.41761
0.41758
0.41728
0.41677
0.41609
0.41529
0.41444
0.41358
0.41298
0.41246
0.41205
0.41176
0.4116
0.41158
0.41169
0.41191
0.41224
0.41264
0.41299
0.41338
0.41379
0.41418
0.41455
0.41487
0.41511
0.41528
0.41535
0.41531
0.415
0.41459
0.41412
0.41361
0.41308
0.41257
0.4121
0.41171
0.4114
0.41122
0.41112
0.41118
0.41139
0.41178
0.41232
0.41302
0.41386
0.41482
0.41586
0.41696
0.41817
0.41935
0.42046
0.42143
0.42224
0.42284
0.4232
0.4233
0.42313
0.4227
0.42154
0.42019
0.41874
0.41726
0.41585
0.41459
0.41356
0.41284
0.41249
0.41256
0.41351
0.41489
0.41665
0.41874
0.42108
0.42361
0.42624
0.4289
0.43149
