0.38283
0.37978
0.37651
0.37312
0.3697
0.36635
0.36317
0.36025
0.35768
0.35553
0.35386
0.35322
0.35308
0.35338
0.35404
0.35501
0.35617
0.35744
0.35871
0.35989
0.36087
0.36117
0.36115
0.36081
0.36012
0.35911
0.35779
0.35619
0.35436
0.35234
0.35021
0.34799
0.34578
0.34364
0.34166
0.33988
0.33837
0.33717
0.33632
0.33584
0.33575
0.33612
0.33686
0.33792
0.33926
0.34083
0.34257
0.3444
0.34626
0.34808
0.34979
0.35112
0.35225
0.35314
0.35376
0.35411
0.35418
0.35397
0.35351
0.35281
0.3519
0.35076
0.34949
0.34814
0.34678
0.34544
0.34419
0.34307
0.34211
0.34137
0.34086
0.34056
0.34053
0.34077
0.34129
0.34206
0.34307
0.34428
0.34564
0.34712
0.34866
0.35029
0.35186
0.35331
0.35459
0.35563
0.35639
0.35684
0.35695
0.35671
0.35612
0.35476
0.35315
0.35134
0.34944
0.34753
0.34571
0.34407
0.34268
0.34162
0.34095
0.34109
0.34165
0.34259
0.34387
0.34543
0.34721
0.34913
0.3511
0.35304
0.35489
0.35619
0.35728
0.35814
0.35876
0.35913
0.35927
0.35918
0.35889
0.35842
0.3578
0.35703
0.35618
0.35531
0.35444
0.35362
0.35287
0.35222
0.35168
0.35126
0.35096
0.351
0.35111
0.35124
0.35135
0.35137
0.35127
0.35099
0.3505
0.34976
0.34876
0.34685
0.34474
0.34248
0.34017
0.33788
0.33569
0.33368
0.33193
0.33048
0.32939
0.32937
0.32967
0.33022
0.33093
0.33173
0.3325
0.33318
0.33367
0.3339
0.33382
0.33241
0.33073
0.32887
0.32694
0.32505
0.32332
0.32186
0.32076
0.32013
0.32002
0.32135
0.3232
0.32548
0.32809
0.3309
0.33381
0.33668
0.33939
0.34183
0.34389
0.34472
0.34512
0.34513
0.3448
0.34422
0.34346
0.34265
0.34187
0.34124
0.34087
0.34106
0.34167
0.34274
0.34432
0.34642
0.34903
0.35214
0.3557
0.35965
0.36391
0.3685
0.3732
0.37788
0.38242
0.38669
0.39057
0.39394
0.39669
0.39875
0.40004
0.40009
0.39935
0.39786
0.39568
0.3929
0.3896
0.38589
0.3819
0.37773
0.37352
0.36956
0.36575
0.36219
0.35896
0.3561
0.35368
0.35172
0.35023
0.34922
0.34867
0.34854
0.34882
0.34945
0.35039
0.35158
0.35296
0.35445
0.356
0.35755
0.35905
0.36012
0.36108
0.36193
0.36268
0.36334
0.36393
0.36446
0.36496
0.36545
0.36593
0.36673
0.36752
0.36829
0.36901
0.36965
0.37018
0.3706
0.37087
0.37098
0.37093
0.37021
0.36938
0.3685
0.36762
0.36681
0.36612
0.36562
0.36535
0.36534
0.36562
0.36663
0.3679
0.36938
0.37101
0.37273
0.37445
0.37612
0.37765
0.379
0.38011
0.3803
0.38025
0.38
0.37961
0.37914
0.37865
0.37823
0.37792
0.37778
0.37788
0.37871
0.37979
0.38108
0.38254
0.38411
0.38576
0.38741
0.38902
0.39053
0.3919
0.39261
0.39317
0.3936
0.39394
0.39424
0.39456
0.39495
0.39546
0.39616
0.39708
0.39836
0.39993
0.40182
0.40404
0.40657
0.40941
0.41252
0.41587
0.4194
0.42306
0.42684
0.4306
0.43427
0.43777
0.44101
0.44392
0.44644
0.44851
0.45008
0.45114
0.45127
0.45091
0.4501
0.4489
0.4474
0.44566
0.44378
0.44184
0.43991
0.43807
0.43664
0.43539
0.43437
0.43358
0.43302
0.4327
0.43258
0.43267
0.43292
0.4333
0.4335
0.4338
0.43418
0.43465
0.43519
0.4358
0.43646
0.43719
0.43796
0.43878
0.43971
0.44066
0.44163
0.4426
0.44357
0.44452
0.44546
0.44637
0.44726
0.44814
0.44861
0.44911
0.44969
0.45038
0.45122
0.45225
0.45348
0.45493
0.45659
0.45845
0.46096
0.46356
0.46617
0.46869
0.47103
0.47311
0.47483
0.47613
0.47697
0.47731
0.47635
0.47497
0.47329
0.47143
0.46953
0.46772
0.46616
0.46498
0.4643
0.46424
0.46541
0.46729
0.46987
0.47311
0.47695
0.48132
0.48611
0.49122
0.49652
0.50191
0.50679
0.51156
0.51613
0.52044
0.52443
0.52805
0.53126
0.53402
0.53632
0.53813
0.53951
0.54038
0.54076
0.54064
0.54005
0.539
0.53752
0.53564
0.53341
0.53085
0.52788
0.5247
0.52136
0.51793
0.51446
0.51101
0.50763
0.50436
0.50123
0.49829
0.49558
0.49308
0.49081
0.48874
0.48689
0.48522
0.48373
0.48239
0.48119
0.48009
0.47873
0.47746
0.47629
0.47522
0.47427
0.47344
0.47272
0.47211
0.4716
0.47117
0.47116
0.47114
0.47107
0.47086
0.47046
0.46982
0.46889
0.46764
0.46604
0.4641
0.46113
0.45792
0.45458
0.45121
0.44795
0.4449
0.44218
0.4399
0.43814
0.43697
0.437
0.43764
0.43883
0.44052
0.44261
0.44499
0.44756
0.45019
0.45278
0.4552
0.45682
0.45813
0.45911
0.45975
0.46004
0.45999
0.45963
0.45898
0.45809
0.45699
0.4558
0.45448
0.45307
0.45161
0.45013
0.44865
0.44718
0.44575
0.44435
0.44297
0.44157
0.44017
0.43876
0.43731
0.43579
0.43417
0.43241
0.4305
0.42838
0.42604
0.4234
0.4205
0.41734
0.41395
0.41032
0.4065
0.4025
0.39839
0.3942
0.39001
0.38563
0.38141
0.37744
0.37381
0.37064
0.36799
0.36594
0.36456
0.36389
0.36397
0.36494
0.36664
0.36904
0.37207
0.37565
0.37971
0.38414
0.38882
0.39364
0.39848
0.40311
0.40754
0.41167
0.4154
0.41867
0.4214
0.42355
0.42508
0.42599
0.42626
0.42561
0.42442
0.42274
0.42068
0.41831
0.41574
0.41306
0.41036
0.40772
0.40522
0.40315
0.40129
0.39967
0.39828
0.39709
0.39609
0.39523
0.39446
0.39374
0.39302
0.39204
0.39098
0.3898
0.3885
0.38705
0.38546
0.38373
0.38187
0.37991
0.37787
0.3756
0.37335
0.3712
0.3692
0.36744
0.36597
0.36484
0.36411
0.3638
0.36395
0.36473
0.36594
0.36755
0.36949
0.37172
0.37414
0.37668
0.37925
0.38175
0.38411
0.38605
0.38769
0.38897
0.38985
0.39028
0.39025
0.38973
0.38873
0.38725
0.38533
0.3828
0.37992
0.37675
0.37338
0.36987
0.3663
0.36276
0.3593
0.35601
0.35291
0.3507
0.34871
0.34693
0.34531
0.3438
0.34238
0.341
0.33964
0.33826
0.33687
0.33347
0.33024
0.32737
0.32503
0.32338
0.32254
0.32258
0.32351
0.32529
0.3278
0.33467
0.34152
0.34775
0.35273
0.35586
0.3566
0.35447
0.34911
0.34031
0.32799
0.30652
0.28238
0.25647
0.22977
0.20334
0.17826
0.15556
0.13619
0.12098
0.1106
0.1117
0.11784
0.12854
0.14318
0.16095
0.18098
0.20231
0.22399
0.24506
0.26465
0.27668
0.28628
0.29341
0.29814
0.30066
0.30125
0.30026
0.29811
0.29522
0.29202
0.29235
0.29285
0.29355
0.29443
0.29546
0.29655
0.29762
0.29855
0.29925
0.29961
0.29744
0.29498
0.29237
0.28979
0.28738
0.28531
0.28373
0.28277
0.28254
0.28312
0.28588
0.28937
0.29345
0.29795
0.30267
0.3074
0.31195
0.31611
0.3197
0.32258
0.32345
0.32348
0.32274
0.32129
0.31925
0.31674
0.31392
0.31093
0.30792
0.30506
0.30324
0.30175
0.30061
0.29985
0.29944
0.29939
0.29964
0.30016
0.3009
0.30178
0.30219
0.30268
0.30323
0.30383
0.30448
0.30515
0.30583
0.3065
0.30713
0.30771
0.30855
0.30924
0.30971
0.30992
0.30979
0.30928
0.30836
0.30698
0.30515
0.30285
0.2996
0.29598
0.29209
0.28804
0.28392
0.27986
0.27597
0.27234
0.26907
0.26624
0.26442
0.2631
0.26226
0.26187
0.26187
0.26221
0.26282
0.26363
0.26458
0.2656
0.26591
0.26625
0.26664
0.26709
0.26764
0.26832
0.26914
0.27013
0.27129
0.27262
0.27481
0.27708
0.27931
0.28141
0.28328
0.28481
0.28592
0.28653
0.28657
0.28602
0.28394
0.28133
0.27833
0.27506
0.27167
0.2683
0.2651
0.2622
0.25974
0.2578
0.25736
0.2575
0.25818
0.25932
0.26085
0.26265
0.26462
0.26664
0.26862
0.27046
0.27118
0.27168
0.27201
0.27219
0.27229
0.27237
0.27249
0.27271
0.2731
0.27371
0.27511
0.27674
0.27856
0.28052
0.28256
0.28462
0.28661
0.28847
0.29011
0.29148
0.29214
0.29243
0.29235
0.29189
0.29106
0.28988
0.28837
0.28659
0.28457
0.28237
0.28012
0.27779
0.27544
0.27312
0.27089
0.2688
0.2669
0.26523
0.26385
0.26277
0.2618
0.26122
0.26105
0.26133
0.26206
0.26324
0.26486
0.26689
0.26928
0.27199
0.27535
0.27884
0.28234
0.28572
0.28886
0.29166
0.294
0.29582
0.29704
0.29762
0.29664
0.2951
0.29311
0.29081
0.28834
0.28584
0.28344
0.28128
0.27945
0.27805
0.27833
0.27901
0.28002
0.28123
0.2825
0.28372
0.28475
0.28546
0.28576
0.28557
0.28327
0.28056
0.27759
0.27452
0.27154
0.26883
0.26657
0.26492
0.26403
0.26398
0.26647
0.26977
0.27371
0.27813
0.28282
0.28757
0.29217
0.29643
0.30016
0.30323
0.30377
0.30363
0.30292
0.30181
0.30046
0.29906
0.29783
0.29693
0.29655
0.29682
0.29937
0.30263
0.30649
0.31084
0.31553
0.32037
0.32521
0.32986
0.33415
0.33794
0.33972
0.34089
0.34151
0.34164
0.34137
0.34082
0.34009
0.33929
0.33853
0.3379
0.3384
0.33907
0.33988
0.34076
0.34162
0.3424
0.34299
0.34331
0.34327
0.34281
0.34128
0.33927
0.33683
0.33398
0.3308
0.32736
0.32375
0.32007
0.31642
0.3129
0.30949
0.30643
0.30382
0.30173
0.30024
0.2994
0.29925
0.29978
0.30099
0.30282
0.30583
0.30926
0.31296
0.31676
0.32049
0.32398
0.32709
0.32966
0.33161
0.33283
0.33214
0.33076
0.32883
0.32648
0.32387
0.32118
0.31857
0.31623
0.31429
0.31289
0.31327
0.31426
0.31579
0.31778
0.32012
0.32268
0.32534
0.32794
0.33038
0.33254
0.33315
0.3334
0.33335
0.33306
0.3326
0.33206
0.33154
0.33112
0.33089
0.33092
0.33211
0.33359
0.3353
0.33717
0.33914
0.34113
0.34305
0.34482
0.34638
0.34766
0.34779
0.34764
0.34726
0.34673
0.34613
0.34553
0.34501
0.34466
0.34453
0.3447
0.34576
0.34712
0.34875
0.35058
0.35255
0.35458
0.35661
0.35854
0.3603
0.36182
0.36249
0.36286
0.36295
0.36278
0.3624
0.36183
0.36114
0.36036
0.35955
0.35876
0.35833
0.35798
0.35771
0.35752
0.35742
0.35739
0.35744
0.35755
0.35771
0.35793
0.35786
0.35787
0.35798
0.35822
0.35862
0.35921
0.36001
0.36104
0.36232
0.36385
0.36566
0.3677
0.36997
0.37243
0.37504
0.37776
0.38055
0.38334
0.38609
0.38874
0.39132
0.39367
0.39574
0.39746
0.3988
0.39971
0.40019
0.40021
0.39979
0.39895
0.39727
0.3953
0.39315
0.39093
0.38875
0.38674
0.38499
0.3836
0.38266
0.38222
0.38269
0.38369
0.38518
0.38712
0.38941
0.39198
0.3947
0.39749
0.40021
0.40275
0.4047
0.40628
0.40743
0.40811
0.40826
0.40786
0.40691
0.40542
0.40339
0.40088
0.3978
0.39435
0.39062
0.38668
0.38264
0.37859
0.37462
0.37083
0.36729
0.36409
0.36144
0.35922
0.35746
0.35619
0.35538
0.35505
0.35517
0.35571
0.35664
0.35793
0.35919
0.36074
0.36258
0.36469
0.36704
0.36961
0.37239
0.37534
0.37843
0.38162
0.3851
0.38859
0.39202
0.39533
0.39846
0.40135
0.40396
0.40625
0.40817
0.40972
0.41039
0.41071
0.41075
0.41055
0.41018
0.40971
0.4092
0.40869
0.40824
0.40788
0.40815
0.40849
0.40886
0.40919
0.40942
0.40949
0.40934
0.40891
0.40816
0.40705
0.40473
0.40211
0.39928
0.39635
0.39342
0.39061
0.388
0.3857
0.3838
0.38234
0.3823
0.3827
0.38346
0.3845
0.38571
0.38699
0.38825
0.38938
0.39031
0.39098
0.39002
0.38886
0.38761
0.38641
0.38539
0.38468
0.3844
0.38467
0.38554
0.38708
0.39079
0.39501
0.39957
0.40425
0.40885
0.41313
0.41688
0.41991
0.42206
0.42319
0.42144
0.41871
0.41518
0.41104
0.40652
0.40187
0.39731
0.39309
0.38942
0.38648
0.3859
0.38616
0.3872
0.38889
0.3911
0.39366
0.3964
0.39911
0.40162
0.40376
0.40431
0.40431
0.40375
0.40266
0.40109
0.39911
0.39682
0.39432
0.39174
0.38918
0.38689
0.38485
0.38317
0.38193
0.3812
0.38102
0.38143
0.38242
0.38396
0.386
0.389
0.39229
0.39572
0.39911
0.40229
0.40509
0.40738
0.409
0.40986
0.40988
0.40796
0.40523
0.40183
0.39788
0.39357
0.38906
0.38455
0.38022
0.37624
0.37277
0.37072
0.36935
0.36864
0.36858
0.36911
0.37015
0.3716
0.37336
0.3753
0.37729
0.37875
0.38005
0.38114
0.38194
0.38241
0.38252
0.38223
0.38153
0.38045
0.37898
0.37698
0.37469
0.37217
0.3695
0.36675
0.36399
0.3613
0.35874
0.35636
0.3542
0.35269
0.35142
0.35036
0.34947
0.3487
0.348
0.34731
0.3466
0.34582
0.34492
0.34334
0.34165
0.33992
0.33819
0.33654
0.33502
0.3337
0.33265
0.33192
0.33155
0.33187
0.33258
0.33367
0.33511
0.33685
0.33884
0.34101
0.34328
0.34558
0.34782
0.34968
0.35132
0.3527
0.35376
0.35444
0.3547
0.3545
0.35382
0.35262
0.35091
0.34885
0.34626
0.34314
0.3395
0.33538
0.33081
0.32584
0.32054
0.31498
0.30926
0.30284
0.29652
0.29044
0.28478
0.27967
0.27524
0.27161
0.26886
0.26705
0.26618
0.26722
0.26906
0.27155
0.27449
0.27768
0.28092
0.28401
0.28677
0.28904
0.29067
0.29008
0.28883
0.28702
0.28477
0.28224
0.27958
0.27696
0.27453
0.27243
0.27078
0.27121
0.27209
0.27331
0.27473
0.27621
0.27758
0.27869
0.27938
0.27954
0.27905
0.27631
0.27297
0.26917
0.26507
0.26085
0.25671
0.25285
0.24947
0.24673
0.24478
0.24485
0.24581
0.24763
0.25021
0.25344
0.2572
0.26132
0.26564
0.26999
0.27422
0.27735
0.28013
0.28251
0.28444
0.28591
0.28692
0.28747
0.28759
0.28731
