0.35036
0.34968
0.34856
0.34707
0.34529
0.34331
0.34123
0.33916
0.33719
0.33542
0.33395
0.33319
0.33283
0.33288
0.33333
0.33416
0.33535
0.33684
0.33856
0.34046
0.34246
0.34436
0.34622
0.34798
0.34956
0.35092
0.35202
0.35282
0.3533
0.35346
0.35329
0.35241
0.3513
0.35004
0.3487
0.34738
0.34616
0.34513
0.34434
0.34387
0.34374
0.3445
0.34558
0.34694
0.34849
0.35016
0.35185
0.35347
0.35492
0.35612
0.35699
0.35683
0.35629
0.3554
0.35419
0.35273
0.35106
0.34927
0.3474
0.34554
0.34374
0.34247
0.34133
0.34034
0.33947
0.33873
0.3381
0.33755
0.33706
0.33662
0.33618
0.33533
0.33449
0.33369
0.33295
0.3323
0.33177
0.33137
0.33113
0.33105
0.33115
0.33168
0.33235
0.33312
0.33397
0.33483
0.33567
0.33643
0.33709
0.33759
0.33791
0.33765
0.3372
0.33658
0.33583
0.33499
0.33408
0.33315
0.33224
0.33137
0.33059
0.33011
0.32974
0.32945
0.32923
0.32905
0.3289
0.32874
0.32854
0.32827
0.32791
0.32726
0.32649
0.32561
0.32463
0.32356
0.32243
0.32126
0.32008
0.31892
0.31782
0.31659
0.3155
0.3146
0.31393
0.31354
0.31346
0.31369
0.31426
0.31514
0.31633
0.31818
0.32023
0.32236
0.32449
0.32651
0.32833
0.32986
0.33102
0.33175
0.332
0.33101
0.32958
0.32778
0.32572
0.32349
0.3212
0.31898
0.31692
0.31512
0.31366
0.31324
0.3132
0.31353
0.31417
0.31506
0.31613
0.31728
0.31844
0.31952
0.32043
0.32059
0.32049
0.32015
0.31957
0.31878
0.3178
0.31667
0.31544
0.31415
0.31287
0.31168
0.31057
0.30959
0.30877
0.30813
0.3077
0.30746
0.30744
0.3076
0.30794
0.30858
0.30932
0.3101
0.31086
0.31154
0.31209
0.31246
0.3126
0.31249
0.3121
0.31103
0.30972
0.30823
0.30661
0.30496
0.30334
0.30184
0.30053
0.2995
0.29881
0.29862
0.29887
0.29956
0.3007
0.30229
0.30429
0.30667
0.30937
0.31232
0.31546
0.31882
0.32219
0.32545
0.32851
0.33128
0.33367
0.3356
0.33704
0.33793
0.33827
0.33745
0.33615
0.33448
0.33255
0.33048
0.32839
0.32641
0.32463
0.32318
0.32212
0.32213
0.32259
0.32346
0.32467
0.32617
0.32785
0.32964
0.33142
0.33311
0.3346
0.33525
0.33562
0.33569
0.3355
0.33505
0.33437
0.33353
0.33255
0.3315
0.33043
0.32956
0.32876
0.32806
0.32751
0.32712
0.3269
0.32688
0.32705
0.3274
0.32794
0.32864
0.32947
0.33043
0.33147
0.33257
0.3337
0.33482
0.33592
0.33695
0.33791
0.33848
0.33897
0.33941
0.33981
0.34019
0.3406
0.34104
0.34155
0.34213
0.3428
0.34378
0.34483
0.34593
0.34704
0.34813
0.34916
0.35009
0.3509
0.35155
0.35202
0.35201
0.35182
0.35148
0.35101
0.35045
0.34985
0.34925
0.34869
0.34823
0.3479
0.34771
0.34774
0.34802
0.34858
0.34943
0.35059
0.35205
0.35379
0.3558
0.35805
0.3606
0.36329
0.36605
0.36882
0.37153
0.37411
0.3765
0.37864
0.3805
0.38203
0.38283
0.38331
0.3835
0.38344
0.3832
0.38282
0.38236
0.38191
0.3815
0.3812
0.38128
0.38154
0.38199
0.38261
0.38342
0.38439
0.3855
0.38673
0.38804
0.38941
0.3905
0.3916
0.39273
0.39387
0.39504
0.39622
0.39742
0.39863
0.39985
0.40107
0.40237
0.40365
0.40487
0.40601
0.40706
0.40799
0.40879
0.40944
0.40994
0.41027
0.41031
0.41022
0.41002
0.40974
0.40942
0.4091
0.40884
0.40866
0.40862
0.40876
0.40888
0.40928
0.41001
0.41111
0.41263
0.41457
0.41694
0.41974
0.42293
0.42647
0.43064
0.435
0.43943
0.44381
0.44803
0.45196
0.45549
0.45852
0.46096
0.46275
0.46335
0.46328
0.4626
0.46138
0.45971
0.45769
0.45544
0.45309
0.45076
0.44857
0.44665
0.44508
0.44398
0.4434
0.4434
0.444
0.44521
0.44701
0.44936
0.45217
0.45572
0.4595
0.46337
0.46716
0.4707
0.47384
0.47642
0.47832
0.47941
0.47962
0.47816
0.47581
0.47265
0.4688
0.46438
0.45953
0.45442
0.44922
0.44408
0.43917
0.43503
0.43134
0.42818
0.42559
0.4236
0.42222
0.42141
0.42115
0.42137
0.42201
0.42292
0.42407
0.42537
0.42672
0.42801
0.42917
0.43011
0.43076
0.43106
0.43098
0.42992
0.42851
0.42678
0.42483
0.42273
0.42057
0.41842
0.41637
0.41448
0.4128
0.41196
0.41134
0.41091
0.41059
0.41032
0.41002
0.40961
0.409
0.40814
0.40694
0.40477
0.40224
0.39939
0.39626
0.39291
0.38942
0.38586
0.38232
0.37888
0.37563
0.37282
0.37033
0.3682
0.36648
0.3652
0.36436
0.36397
0.36403
0.36452
0.36541
0.36655
0.36802
0.36979
0.37182
0.37404
0.37641
0.37888
0.38138
0.38386
0.38628
0.38845
0.39046
0.39229
0.39392
0.39532
0.39648
0.39739
0.39806
0.39849
0.39868
0.39866
0.39844
0.39802
0.39744
0.39672
0.39588
0.39495
0.39396
0.39295
0.39195
0.39074
0.38963
0.38865
0.38786
0.38728
0.38696
0.38692
0.38715
0.38767
0.38847
0.38967
0.39109
0.39264
0.39428
0.39594
0.39753
0.399
0.40027
0.40129
0.402
0.40206
0.40176
0.40112
0.40016
0.3989
0.39738
0.39566
0.39378
0.39179
0.38977
0.38782
0.38594
0.38418
0.38257
0.38117
0.37998
0.37905
0.37839
0.378
0.37788
0.37798
0.37833
0.37892
0.37972
0.3807
0.38184
0.38309
0.38441
0.38575
0.38709
0.3882
0.38924
0.39018
0.39101
0.39172
0.39228
0.39269
0.39294
0.39302
0.39292
0.39265
0.39219
0.39153
0.39066
0.38957
0.38828
0.38678
0.38507
0.38317
0.38109
0.37876
0.37629
0.37372
0.37108
0.36842
0.36576
0.36317
0.36068
0.35835
0.35622
0.35423
0.35254
0.35121
0.35027
0.34977
0.34973
0.35019
0.35115
0.35263
0.3546
0.35695
0.35975
0.363
0.36663
0.37061
0.37485
0.3793
0.38386
0.38845
0.39295
0.3975
0.40174
0.40557
0.40886
0.4115
0.41342
0.41452
0.41476
0.4141
0.41253
0.40991
0.40645
0.40224
0.39736
0.39194
0.38611
0.38
0.37379
0.3676
0.36161
0.35475
0.34844
0.34288
0.33825
0.33467
0.33222
0.3309
0.33067
0.33139
0.33289
0.33819
0.34343
0.34799
0.35125
0.35262
0.35156
0.34764
0.34053
0.33005
0.31616
0.29346
0.26827
0.24152
0.21423
0.18747
0.16234
0.13987
0.12104
0.10668
0.097437
0.099926
0.10772
0.12033
0.13708
0.15714
0.1796
0.20346
0.2277
0.25132
0.2734
0.28802
0.30001
0.30927
0.31581
0.31975
0.32133
0.32089
0.3188
0.3155
0.31144
0.30986
0.30813
0.30638
0.30472
0.30323
0.30194
0.30088
0.3
0.29929
0.29868
0.29702
0.29543
0.29392
0.29252
0.29123
0.29007
0.28904
0.28815
0.28739
0.28677
0.28635
0.28604
0.28584
0.28571
0.28564
0.28561
0.28559
0.28558
0.28555
0.28548
0.28538
0.28521
0.28496
0.28462
0.28417
0.28361
0.28294
0.28217
0.28129
0.28033
0.2791
0.27783
0.27655
0.27528
0.27408
0.27295
0.27194
0.27105
0.2703
0.2697
0.26955
0.2695
0.26952
0.26956
0.26958
0.26953
0.26938
0.26909
0.26863
0.268
0.26654
0.26497
0.26338
0.26184
0.26045
0.25928
0.25841
0.2579
0.25779
0.25812
0.25961
0.26147
0.26359
0.26587
0.26818
0.27039
0.2724
0.27407
0.27531
0.27602
0.27534
0.27411
0.27238
0.27021
0.26771
0.26498
0.26212
0.25926
0.25649
0.25393
0.25214
0.25068
0.24957
0.24883
0.24843
0.24836
0.24859
0.24906
0.24972
0.25052
0.25118
0.25188
0.25259
0.25327
0.25389
0.25444
0.2549
0.25525
0.25549
0.25563
0.25546
0.25523
0.25499
0.25478
0.25465
0.25463
0.25476
0.25508
0.2556
0.25635
0.2577
0.25924
0.2609
0.26263
0.26437
0.26605
0.26762
0.26902
0.2702
0.27113
0.2711
0.27085
0.27044
0.26994
0.26941
0.26895
0.2686
0.26845
0.26853
0.26889
0.27024
0.27183
0.27358
0.2754
0.27721
0.2789
0.28038
0.28156
0.28237
0.28275
0.28185
0.28053
0.27885
0.27688
0.27474
0.27252
0.27032
0.26826
0.26642
0.2649
0.2643
0.2641
0.26427
0.26479
0.26562
0.26669
0.26795
0.26933
0.27074
0.27211
0.27303
0.27382
0.27444
0.27488
0.27513
0.2752
0.27508
0.2748
0.27437
0.27383
0.2731
0.27233
0.27156
0.27082
0.27015
0.26959
0.26917
0.2689
0.2688
0.26886
0.26935
0.26997
0.27065
0.27135
0.27201
0.27258
0.27299
0.27322
0.2732
0.27292
0.27181
0.27046
0.26893
0.26729
0.2656
0.26396
0.26242
0.26105
0.25991
0.25906
0.25915
0.25952
0.26013
0.26093
0.26185
0.26283
0.26381
0.26473
0.26554
0.26621
0.26575
0.2652
0.26465
0.26419
0.26391
0.26391
0.26426
0.26503
0.26627
0.268
0.27128
0.27491
0.27876
0.28265
0.28642
0.2899
0.29291
0.29532
0.29699
0.29783
0.29659
0.29454
0.2918
0.2885
0.28481
0.28092
0.27702
0.2733
0.26994
0.26711
0.26574
0.26508
0.26516
0.26597
0.26747
0.26959
0.27225
0.27535
0.27876
0.28237
0.28565
0.2889
0.29204
0.29498
0.29766
0.3
0.30196
0.3035
0.30459
0.30524
0.30533
0.305
0.30429
0.30324
0.30191
0.30036
0.29867
0.29689
0.29509
0.29334
0.29184
0.29047
0.28927
0.28827
0.28746
0.28686
0.28646
0.28626
0.28622
0.28634
0.28632
0.28641
0.28663
0.28696
0.28738
0.28789
0.28847
0.28909
0.28974
0.29039
0.29133
0.29218
0.2929
0.29344
0.29376
0.29382
0.29361
0.29311
0.29234
0.2913
0.2893
0.2872
0.28512
0.2832
0.28158
0.28036
0.27966
0.27957
0.28016
0.28145
0.28438
0.28791
0.29191
0.29623
0.3007
0.30513
0.30935
0.3132
0.31651
0.31917
0.32009
0.32028
0.31978
0.31868
0.31709
0.31513
0.31294
0.31068
0.30851
0.30656
0.30536
0.3046
0.30437
0.30471
0.30563
0.30715
0.30925
0.31187
0.31495
0.31842
0.32234
0.32643
0.33055
0.33457
0.33836
0.3418
0.34479
0.34723
0.34905
0.35021
0.34985
0.34889
0.34744
0.34564
0.3436
0.34148
0.33942
0.33755
0.33599
0.33484
0.33513
0.33586
0.33697
0.33837
0.33997
0.34166
0.34331
0.34482
0.34607
0.34699
0.34647
0.34558
0.34438
0.34293
0.34135
0.33971
0.33814
0.33674
0.3356
0.33482
0.33509
0.3358
0.33691
0.3384
0.34021
0.34229
0.34457
0.34697
0.34942
0.35184
0.35372
0.35548
0.35711
0.3586
0.35996
0.3612
0.36232
0.36336
0.36434
0.36527
0.36618
0.3671
0.36807
0.36908
0.37018
0.37136
0.37262
0.37398
0.37542
0.37692
0.37862
0.38033
0.38199
0.38356
0.38498
0.38621
0.38721
0.38795
0.3884
0.38856
0.38793
0.38705
0.386
0.38485
0.38368
0.38257
0.38159
0.38081
0.3803
0.38009
0.38061
0.38145
0.38259
0.38396
0.38552
0.3872
0.38892
0.39061
0.3922
0.39362
0.39447
0.39507
0.3954
0.39545
0.39525
0.3948
0.39414
0.39329
0.3923
0.39123
0.38997
0.38874
0.38758
0.38656
0.38573
0.38512
0.38477
0.3847
0.38491
0.3854
0.38644
0.38768
0.38902
0.39039
0.39169
0.39284
0.39376
0.39436
0.39459
0.39438
0.39311
0.3914
0.38932
0.38692
0.38428
0.38148
0.37862
0.37577
0.37304
0.37049
0.36855
0.36688
0.3655
0.36439
0.36353
0.36291
0.36249
0.36222
0.36205
0.36194
0.36156
0.36117
0.36075
0.36027
0.35974
0.35915
0.35849
0.35777
0.357
0.35618
0.35526
0.35433
0.35344
0.35262
0.35188
0.35127
0.35079
0.35049
0.35036
0.35043
0.35076
0.35128
0.35197
0.3528
0.35377
0.35483
0.35595
0.35711
0.35828
0.35942
0.36028
0.36109
0.36184
0.36254
0.3632
0.36382
0.36442
0.36499
0.36556
0.36613
0.36671
0.36731
0.36791
0.36852
0.36913
0.36974
0.37033
0.3709
0.37144
0.37194
0.37232
0.37264
0.3729
0.37309
0.37321
0.37326
0.37324
0.37317
0.37304
0.37287
0.37256
0.37225
0.37197
0.37174
0.37158
0.37154
0.37163
0.37187
0.37228
0.37287
0.37356
0.37445
0.37554
0.37684
0.37832
0.37997
0.38175
0.38364
0.38559
0.38755
0.38958
0.39149
0.39322
0.39471
0.39588
0.39668
0.39706
0.39697
0.39638
0.39527
0.39334
0.39092
0.38807
0.38484
0.38131
0.37754
0.37363
0.36967
0.36572
0.36188
0.35824
0.35485
0.35176
0.34901
0.34664
0.34466
0.34308
0.3419
0.34108
0.34061
0.34067
0.34096
0.3414
0.34191
0.34242
0.34286
0.34316
0.34327
0.34316
0.34281
0.34137
0.33977
0.33812
0.33653
0.33512
0.33399
0.33324
0.33294
0.33316
0.33392
0.33638
0.33925
0.34239
0.34561
0.34873
0.35156
0.35393
0.35567
0.35664
0.35673
0.35441
0.35123
0.34733
0.34288
0.33806
0.33306
0.32808
0.32332
0.31895
0.31513
0.31327
0.31206
0.31143
0.31129
0.31154
0.31204
0.31265
0.31323
0.31364
0.31375
0.31231
0.31048
0.30831
0.30586
0.3032
0.30043
0.29762
0.29488
0.29231
0.28998
0.28864
0.28761
0.28687
0.28637
0.28608
0.28593
0.28587
0.28581
0.2857
0.28548
0.28468
0.2837
0.28252
0.28117
0.27964
0.27797
0.27619
0.27434
0.27246
0.2706
0.26871
0.26695
0.26538
0.26405
0.263
0.26227
0.26188
0.26185
0.26218
0.26285
0.26415
0.26569
0.2674
0.26921
0.27101
0.27272
0.27425
0.27554
0.2765
0.2771
0.27678
0.27608
0.27504
0.27373
0.27221
0.27056
0.26886
0.26719
0.26563
0.26426
0.2634
0.26281
0.26251
0.26251
0.26279
0.26332
0.26408
0.265
0.26605
0.26715
0.26819
0.26916
0.27
0.27065
0.27104
0.27114
0.27091
0.27032
0.26935
0.268
0.26597
0.26362
0.26102
0.25825
0.25538
0.25249
0.24966
0.24698
0.24451
