0.26296
0.26193
0.26082
0.25965
0.25846
0.25725
0.25604
0.25486
0.25372
0.25262
0.25159
0.25064
0.24977
0.24896
0.24823
0.24756
0.24694
0.24638
0.24586
0.24536
0.24489
0.24431
0.24375
0.24321
0.24271
0.24224
0.24182
0.24145
0.24113
0.24088
0.2407
0.24058
0.24053
0.24055
0.24061
0.24073
0.24089
0.24108
0.24128
0.24149
0.24168
0.24179
0.24187
0.2419
0.2419
0.24184
0.24172
0.24154
0.2413
0.24099
0.2406
0.24011
0.23955
0.23892
0.23824
0.2375
0.23671
0.23589
0.23504
0.23416
0.23327
0.23234
0.23142
0.23052
0.22967
0.22886
0.22812
0.22745
0.22686
0.22635
0.22594
0.22556
0.22527
0.2251
0.22503
0.22508
0.22523
0.22548
0.22581
0.22622
0.22669
0.22722
0.22776
0.2283
0.22881
0.22927
0.22965
0.22994
0.23011
0.23015
0.23005
0.22968
0.22916
0.2285
0.22772
0.22684
0.22588
0.22485
0.22378
0.2227
0.22163
0.22065
0.21971
0.21883
0.21803
0.21731
0.21668
0.21615
0.21573
0.21541
0.21521
0.21496
0.21484
0.21485
0.21503
0.21536
0.21585
0.21651
0.21733
0.21829
0.21939
0.22068
0.22205
0.22345
0.22485
0.2262
0.22746
0.22858
0.22952
0.23025
0.23075
0.23084
0.23066
0.23021
0.22951
0.22856
0.2274
0.22605
0.22454
0.22291
0.2212
0.21941
0.21763
0.21589
0.21423
0.2127
0.21132
0.21012
0.20912
0.20834
0.20779
0.2075
0.20742
0.20755
0.20785
0.20831
0.2089
0.20958
0.21032
0.2111
0.21186
0.21246
0.21301
0.2135
0.21393
0.2143
0.2146
0.21483
0.21501
0.21513
0.21521
0.21529
0.21533
0.21536
0.21536
0.21535
0.21532
0.2153
0.21527
0.21524
0.21521
0.21509
0.21498
0.2149
0.21484
0.21482
0.21483
0.21488
0.21496
0.21507
0.21521
0.21538
0.21555
0.21571
0.21584
0.21593
0.21596
0.21591
0.21578
0.21555
0.21521
0.21465
0.214
0.21326
0.21244
0.21156
0.21065
0.20973
0.20881
0.20792
0.20707
0.20632
0.20564
0.20507
0.2046
0.20426
0.20403
0.20394
0.20398
0.20414
0.20442
0.20473
0.20514
0.20567
0.20631
0.20705
0.20789
0.2088
0.20977
0.21079
0.21184
0.21296
0.21406
0.21511
0.2161
0.21698
0.21774
0.21836
0.21883
0.21913
0.21927
0.21904
0.21868
0.21819
0.21762
0.21699
0.21634
0.2157
0.21511
0.2146
0.21418
0.21398
0.2139
0.21394
0.21409
0.21433
0.21464
0.21501
0.21541
0.2158
0.21617
0.21637
0.2165
0.21656
0.21653
0.21642
0.21621
0.21591
0.21552
0.21504
0.21449
0.21384
0.21314
0.21241
0.21166
0.21091
0.21018
0.20949
0.20886
0.20828
0.20779
0.20738
0.20706
0.20684
0.20672
0.2067
0.20676
0.20692
0.20714
0.20744
0.20779
0.20811
0.20846
0.20885
0.20927
0.20971
0.21016
0.21063
0.2111
0.21156
0.21203
0.21243
0.21283
0.2132
0.21356
0.2139
0.21421
0.2145
0.21477
0.215
0.21521
0.21538
0.21552
0.21562
0.21567
0.21569
0.21566
0.2156
0.2155
0.21536
0.21521
0.2149
0.21459
0.21432
0.21411
0.21398
0.21395
0.21405
0.21428
0.21467
0.21521
0.21598
0.21689
0.21795
0.21912
0.2204
0.22175
0.22315
0.22457
0.22599
0.22738
0.22864
0.22984
0.23098
0.23206
0.23307
0.23402
0.23492
0.23579
0.23663
0.23747
0.23822
0.23902
0.23989
0.24087
0.24197
0.24322
0.24463
0.24622
0.24798
0.24992
0.25207
0.25437
0.25676
0.25921
0.26168
0.26412
0.26649
0.26872
0.27078
0.27262
0.27407
0.27523
0.27608
0.27662
0.27683
0.27673
0.27632
0.27562
0.27465
0.27346
0.27201
0.27042
0.26873
0.26701
0.26531
0.26368
0.26218
0.26085
0.25975
0.25891
0.25836
0.25812
0.25824
0.2587
0.25952
0.26069
0.26221
0.26404
0.26617
0.26855
0.27112
0.27387
0.27678
0.27981
0.28291
0.28605
0.28919
0.29229
0.29532
0.29826
0.30096
0.30353
0.30596
0.30827
0.31045
0.31252
0.31447
0.31633
0.31811
0.31981
0.32148
0.32309
0.32466
0.32619
0.32768
0.32914
0.33057
0.33196
0.33332
0.33464
0.33579
0.33691
0.338
0.33909
0.34016
0.34123
0.34231
0.3434
0.3445
0.34561
0.3468
0.34799
0.34918
0.35038
0.35157
0.35275
0.35392
0.35508
0.35623
0.35738
0.35825
0.35917
0.36016
0.36127
0.36254
0.36398
0.36563
0.3675
0.3696
0.37191
0.37467
0.3776
0.38061
0.38367
0.38668
0.38959
0.39232
0.3948
0.39697
0.39878
0.3999
0.40062
0.40094
0.40089
0.40051
0.39983
0.3989
0.3978
0.39657
0.39529
0.39396
0.39271
0.3916
0.39068
0.39001
0.38962
0.38954
0.38978
0.39033
0.39119
0.39246
0.39395
0.39559
0.39732
0.39904
0.40069
0.40218
0.40343
0.40436
0.40493
0.40476
0.40416
0.40314
0.40171
0.3999
0.39776
0.39534
0.3927
0.38991
0.38703
0.38418
0.38138
0.37868
0.37615
0.37385
0.3718
0.37006
0.36864
0.36757
0.36686
0.36643
0.36636
0.36663
0.36724
0.36814
0.36931
0.37071
0.37229
0.37401
0.37582
0.37772
0.37961
0.38144
0.38317
0.38477
0.38619
0.38743
0.38847
0.3893
0.38995
0.38987
0.38969
0.3895
0.38936
0.38936
0.38956
0.39003
0.3908
0.3919
0.39331
0.3958
0.39847
0.4012
0.40386
0.40628
0.40833
0.40987
0.41077
0.41094
0.4103
0.40782
0.40457
0.40066
0.39623
0.39143
0.38646
0.38148
0.37669
0.37226
0.36835
0.36561
0.36361
0.36242
0.36206
0.36253
0.36378
0.36578
0.36843
0.37163
0.37527
0.3792
0.3833
0.38744
0.39149
0.3953
0.39877
0.40179
0.40429
0.40619
0.40748
0.40756
0.40708
0.40613
0.40482
0.40327
0.40163
0.40002
0.39858
0.39743
0.39668
0.39683
0.39751
0.39871
0.40041
0.40257
0.40514
0.40803
0.41115
0.41439
0.41765
0.4206
0.42336
0.42583
0.42793
0.42958
0.43074
0.43134
0.43137
0.43083
0.42971
0.42772
0.42526
0.42244
0.41935
0.41611
0.41284
0.40965
0.40666
0.40396
0.40166
0.40009
0.39903
0.39848
0.39844
0.39891
0.39983
0.40116
0.40284
0.40478
0.40693
0.40895
0.41103
0.41309
0.41508
0.41694
0.41863
0.42011
0.42134
0.42231
0.423
0.42322
0.42318
0.42293
0.42249
0.42192
0.42127
0.42059
0.41991
0.41931
0.4188
0.41861
0.41857
0.4187
0.41899
0.41944
0.42004
0.42078
0.42164
0.4226
0.42366
0.42451
0.42546
0.42651
0.4277
0.42904
0.43054
0.43223
0.43411
0.4362
0.43851
0.44095
0.44361
0.44646
0.44949
0.45268
0.456
0.4594
0.46284
0.46626
0.46961
0.47292
0.47602
0.47884
0.4813
0.48334
0.48489
0.48592
0.48638
0.48625
0.48554
0.48389
0.48173
0.47912
0.47618
0.47298
0.46965
0.46629
0.46302
0.45995
0.45719
0.45492
0.45312
0.45185
0.45114
0.45102
0.4515
0.45258
0.45423
0.45641
0.45908
0.46208
0.46544
0.46909
0.47295
0.47694
0.48097
0.48497
0.48885
0.49253
0.49595
0.49883
0.50135
0.50349
0.50526
0.50663
0.50761
0.50822
0.50847
0.50839
0.50799
0.50741
0.50655
0.50545
0.50412
0.50258
0.50085
0.49895
0.4969
0.49473
0.49246
0.48991
0.48732
0.48474
0.48221
0.47978
0.47748
0.47534
0.4734
0.47168
0.47019
0.46883
0.46774
0.46693
0.4664
0.46614
0.46615
0.46639
0.46685
0.46747
0.46822
0.46923
0.47025
0.4712
0.47201
0.47262
0.47295
0.47298
0.47265
0.47195
0.47089
0.46886
0.46655
0.46407
0.46151
0.45898
0.45661
0.45449
0.45271
0.45137
0.45053
0.45071
0.45141
0.45259
0.45417
0.45609
0.45825
0.46054
0.46286
0.4651
0.46716
0.4685
0.46952
0.47019
0.4705
0.47044
0.47003
0.46928
0.46824
0.46695
0.46547
0.46375
0.46196
0.46019
0.45851
0.45698
0.45566
0.45461
0.45387
0.45345
0.45338
0.45388
0.45468
0.45573
0.45696
0.45832
0.45971
0.46106
0.4623
0.46335
0.46416
0.46419
0.46392
0.46337
0.46257
0.46154
0.46034
0.45901
0.4576
0.45617
0.45478
0.45367
0.45267
0.45179
0.45105
0.45045
0.44999
0.44967
0.44949
0.44942
0.44946
0.44937
0.44937
0.44946
0.44965
0.44993
0.45031
0.45078
0.45133
0.45197
0.45268
0.45335
0.45408
0.45486
0.45568
0.45655
0.45743
0.45832
0.4592
0.46003
0.46081
0.46155
0.46218
0.46265
0.46293
0.46299
0.4628
0.46236
0.46165
0.46066
0.4594
0.45759
0.45558
0.45343
0.4512
0.44896
0.44677
0.44471
0.44284
0.44123
0.43992
0.43901
0.43848
0.43834
0.43859
0.43924
0.44025
0.44159
0.44324
0.44512
0.4472
0.44931
0.45148
0.45366
0.45578
0.45779
0.45963
0.46124
0.46259
0.46363
0.46434
0.46455
0.46441
0.46395
0.4632
0.46219
0.46096
0.45957
0.45807
0.4565
0.45494
0.45341
0.45199
0.45073
0.44968
0.44888
0.44837
0.44816
0.44828
0.44873
0.4495
0.45039
0.4516
0.45311
0.45491
0.45696
0.45923
0.46168
0.46424
0.46686
0.46949
0.4723
0.47496
0.47738
0.47947
0.48118
0.48243
0.48318
0.48342
0.48314
0.48236
0.48041
0.47811
0.47562
0.47309
0.47068
0.46854
0.46682
0.46564
0.46512
0.46534
0.46695
0.46931
0.47237
0.47604
0.48019
0.4847
0.48941
0.49415
0.49876
0.50308
0.50655
0.50948
0.51178
0.51339
0.51427
0.51439
0.51378
0.51244
0.51044
0.50785
0.50445
0.50067
0.49666
0.49256
0.48854
0.48472
0.48125
0.47824
0.47579
0.47397
0.47334
0.47337
0.47401
0.47519
0.47681
0.47878
0.48098
0.48329
0.4856
0.48781
0.48913
0.49022
0.49108
0.49171
0.49213
0.49237
0.49248
0.4925
0.49248
0.49246
0.49273
0.49307
0.4935
0.49402
0.49463
0.49533
0.4961
0.49692
0.49776
0.49859
0.49921
0.49977
0.50024
0.50061
0.50084
0.50093
0.50084
0.50056
0.50006
0.49935
0.49834
0.4971
0.49564
0.49398
0.49213
0.49012
0.48797
0.48572
0.4834
0.48106
0.47854
0.47611
0.47382
0.47174
0.46991
0.46841
0.46726
0.4665
0.46615
0.46623
0.46687
0.46791
0.46932
0.47107
0.47309
0.47534
0.47774
0.48025
0.48279
0.4853
0.48742
0.48943
0.49132
0.49307
0.49468
0.49614
0.49746
0.49863
0.49967
0.50056
0.50134
0.50198
0.50248
0.50283
0.50302
0.50305
0.5029
0.50257
0.50202
0.50126
0.50023
0.49895
0.49743
0.49566
0.49364
0.49138
0.4889
0.48619
0.4833
0.48025
0.47682
0.47333
0.46985
0.46645
0.4632
0.46018
0.45745
0.45507
0.4531
0.45158
0.45061
0.45014
0.45018
0.45073
0.45175
0.45323
0.45513
0.45739
0.45998
0.46281
0.46572
0.46876
0.4719
0.47507
0.47824
0.48135
0.48435
0.48722
0.48991
0.4924
0.49447
0.49632
0.49795
0.49938
0.50063
0.5017
0.50262
0.50341
0.50407
0.50463
0.50523
0.50573
0.50611
0.50637
0.50649
0.50646
0.50626
0.50589
0.50535
0.50463
0.5034
0.50204
0.5006
0.49913
0.49768
0.49631
0.49507
0.49399
0.49312
0.49249
0.49215
0.49208
0.49227
0.49271
0.49337
0.49423
0.49523
0.49633
0.49747
0.49859
0.49961
0.50048
0.50114
0.50153
0.50159
0.50128
0.50056
0.49942
0.49784
0.49582
0.49305
0.48993
0.48652
0.4829
0.47918
0.47543
0.47175
0.46825
0.46499
0.46205
0.4597
0.45777
0.4563
0.45529
0.45474
0.45463
0.45494
0.45563
0.45666
0.45798
0.45929
0.4608
0.46248
0.46429
0.46619
0.46815
0.47013
0.47211
0.47405
0.47592
0.47755
0.47908
0.4805
0.48179
0.48294
0.48395
0.48482
0.48552
0.48606
0.48642
0.48678
0.48692
0.4868
0.48642
0.48573
0.48474
0.48342
0.48178
0.47982
0.47757
0.47456
0.47138
0.46811
0.46488
0.46177
0.45889
0.45632
0.45415
0.45245
0.45125
0.45093
0.45113
0.45181
0.4529
0.45434
0.45603
0.45788
0.45978
0.46163
0.46333
0.46447
0.4653
0.46577
0.46584
0.46547
0.46466
0.46341
0.46173
0.45964
0.45719
0.45428
0.45111
0.44777
0.44433
0.44087
0.43747
0.4342
0.43112
0.42828
0.42573
0.42367
0.42193
0.42049
0.41932
0.41839
0.41765
0.41706
0.41655
0.41607
0.41558
0.41471
0.41375
0.41271
0.41157
0.41035
0.40905
0.40768
0.40626
0.40483
0.40339
0.40197
0.40059
0.39929
0.39807
0.39697
0.39598
0.39513
0.3944
0.3938
0.39331
0.39294
0.39264
0.39239
0.39217
0.39192
0.39163
0.39125
0.39074
0.39009
0.38924
0.388
0.38654
0.38489
0.38304
0.38101
0.37881
0.37648
0.37403
0.37148
0.36887
0.36627
0.36365
0.36103
0.35841
0.35581
0.35325
0.35075
0.34829
0.34591
0.34361
0.34118
0.33886
0.33668
0.33464
0.33278
0.33109
0.32959
0.32828
0.32714
0.32618
0.32549
0.32491
0.3244
0.32392
0.32342
0.32286
0.32218
0.32136
0.32034
0.3191
0.31736
0.31539
0.3132
0.31083
0.30831
0.30567
0.30296
0.3002
0.29745
0.29474
0.2922
0.28977
0.28744
0.28523
0.28315
0.28121
0.27938
0.27767
0.27608
0.27458
0.27304
0.27159
0.27021
0.26891
0.26767
0.2665
0.26539
0.26434
0.26335
0.26241
0.26141
0.26048
0.25962
0.25886
0.25818
0.25762
0.25715
0.2568
0.25654
0.25638
0.25639
0.25646
0.25655
0.25665
0.25672
0.25673
0.25666
0.25647
0.25614
0.25567
0.25483
0.25384
0.25273
0.25151
0.25023
0.2489
0.24757
0.24627
0.24503
0.24389
0.24293
0.24212
0.24148
0.241
0.2407
0.24058
0.24063
0.24085
0.24122
0.24172
0.24223
0.24284
0.24353
0.24429
0.24509
0.24592
0.24675
0.24756
0.24832
0.24901
0.24962
0.25011
0.25046
0.25067
0.2507
0.25055
0.25022
0.24969
0.24897
0.24805
0.24684
0.24547
0.24397
0.24236
0.24068
0.23896
0.23724
0.23553
0.23387
