0.23709
0.23765
0.23838
0.23922
0.24015
0.2411
0.24203
0.2429
0.24366
0.24427
0.24469
0.24473
0.24455
0.24418
0.24363
0.24292
0.24208
0.24113
0.24012
0.23907
0.23802
0.23707
0.23618
0.23538
0.23467
0.23408
0.23361
0.23328
0.23308
0.233
0.23304
0.23312
0.23329
0.23354
0.23387
0.23425
0.23467
0.23511
0.23555
0.23597
0.23635
0.23664
0.23686
0.237
0.23705
0.23702
0.23688
0.23666
0.23634
0.23594
0.23546
0.23484
0.23418
0.23349
0.2328
0.23212
0.23149
0.2309
0.23039
0.22997
0.22963
0.22939
0.22925
0.2292
0.22925
0.22937
0.22955
0.22978
0.23003
0.23028
0.2305
0.23063
0.23069
0.23065
0.23051
0.23024
0.22983
0.22927
0.22856
0.22769
0.22666
0.22545
0.2241
0.22263
0.22107
0.21945
0.21778
0.21611
0.21447
0.21288
0.21139
0.20992
0.20862
0.20752
0.20665
0.20603
0.20569
0.20564
0.20588
0.20641
0.20722
0.20835
0.20972
0.21126
0.21295
0.21472
0.21652
0.2183
0.22002
0.22161
0.22303
0.22409
0.22493
0.22552
0.22587
0.22597
0.22582
0.22545
0.22488
0.22411
0.2232
0.22214
0.22099
0.21978
0.21855
0.21732
0.21614
0.21502
0.21399
0.21306
0.21225
0.21158
0.21103
0.21061
0.21029
0.21007
0.20993
0.20985
0.2098
0.20977
0.20974
0.20958
0.20938
0.20915
0.20888
0.20856
0.20821
0.20783
0.20742
0.20698
0.20654
0.20608
0.20563
0.20521
0.20483
0.2045
0.20423
0.20403
0.20391
0.20387
0.20391
0.20401
0.20418
0.20442
0.20472
0.20507
0.20547
0.20588
0.20631
0.20672
0.20711
0.20745
0.20774
0.20795
0.20807
0.20809
0.208
0.2078
0.20749
0.20707
0.20656
0.20579
0.20497
0.20413
0.20332
0.20256
0.2019
0.20137
0.20099
0.20077
0.20074
0.20104
0.20151
0.20214
0.20288
0.20371
0.20458
0.20545
0.20628
0.20702
0.20765
0.20795
0.20807
0.20801
0.20776
0.20733
0.20671
0.20593
0.205
0.20395
0.20279
0.20156
0.20028
0.199
0.19774
0.19654
0.19542
0.19441
0.19354
0.19282
0.19226
0.19187
0.19166
0.19163
0.19178
0.19209
0.19255
0.19314
0.19384
0.19462
0.19545
0.19627
0.19709
0.19789
0.19864
0.19933
0.19994
0.20045
0.20085
0.20112
0.20127
0.2012
0.20102
0.20072
0.20034
0.19989
0.19939
0.19886
0.19832
0.19778
0.19728
0.19689
0.19654
0.19625
0.19601
0.19582
0.19568
0.19559
0.19554
0.19553
0.19555
0.19542
0.19533
0.19531
0.19537
0.19553
0.1958
0.19619
0.1967
0.19733
0.19809
0.1991
0.2002
0.20134
0.2025
0.20363
0.2047
0.20567
0.20651
0.20719
0.20769
0.20777
0.20766
0.20737
0.20693
0.20636
0.2057
0.20497
0.20422
0.20347
0.20277
0.2022
0.20173
0.20136
0.20112
0.20101
0.20103
0.20117
0.20143
0.20179
0.20224
0.20272
0.20324
0.20379
0.20433
0.20485
0.20533
0.20573
0.20605
0.20627
0.20636
0.20622
0.20596
0.20557
0.20507
0.20448
0.2038
0.20305
0.20226
0.20144
0.20062
0.19982
0.19904
0.19831
0.19762
0.19699
0.19642
0.19592
0.1955
0.19515
0.19487
0.1946
0.1944
0.19428
0.19423
0.19426
0.19436
0.19454
0.19478
0.19508
0.19544
0.19584
0.19628
0.19677
0.19731
0.19788
0.1985
0.19914
0.19982
0.20054
0.20128
0.20196
0.20269
0.20345
0.20427
0.20514
0.20608
0.20707
0.20813
0.20925
0.21043
0.21165
0.21292
0.2142
0.21549
0.21677
0.21802
0.21922
0.22034
0.22138
0.22231
0.22306
0.22369
0.22417
0.22452
0.22472
0.22479
0.22474
0.22457
0.22429
0.22394
0.2234
0.22284
0.22229
0.22178
0.22135
0.22103
0.22086
0.22084
0.22102
0.22139
0.22206
0.22294
0.22399
0.22521
0.22656
0.22803
0.22959
0.23119
0.23283
0.23446
0.23585
0.23722
0.23856
0.23989
0.24119
0.2425
0.2438
0.24513
0.24648
0.24787
0.24938
0.25093
0.25251
0.25413
0.25576
0.25741
0.25905
0.26069
0.2623
0.26388
0.26532
0.26673
0.26809
0.26943
0.27073
0.27201
0.27329
0.27455
0.27583
0.27712
0.27836
0.27965
0.281
0.28242
0.28394
0.28555
0.28726
0.28908
0.29099
0.29299
0.29508
0.29722
0.29939
0.30157
0.30371
0.3058
0.30779
0.30965
0.31134
0.31285
0.31407
0.31505
0.31579
0.31627
0.31649
0.31646
0.31619
0.31568
0.31497
0.31406
0.31287
0.31156
0.31018
0.30879
0.30742
0.30613
0.30495
0.30391
0.30306
0.30241
0.3021
0.302
0.3021
0.3024
0.30286
0.30346
0.30417
0.30496
0.30581
0.30668
0.30731
0.30794
0.30859
0.30926
0.30997
0.31074
0.31157
0.31248
0.31349
0.31461
0.31595
0.31739
0.31893
0.32056
0.32226
0.32401
0.32578
0.32757
0.32934
0.33108
0.33259
0.33405
0.33545
0.33679
0.33808
0.33931
0.34049
0.34163
0.34271
0.34374
0.34473
0.34567
0.34655
0.34736
0.34809
0.34874
0.34929
0.34975
0.35009
0.35031
0.3503
0.35017
0.34992
0.34957
0.34913
0.3486
0.34799
0.34731
0.34659
0.34582
0.34499
0.34413
0.34328
0.34242
0.34158
0.34077
0.33999
0.33925
0.33856
0.33791
0.33726
0.33667
0.33615
0.3357
0.33533
0.33504
0.33484
0.33472
0.33468
0.33473
0.33474
0.33483
0.33501
0.33527
0.33562
0.33606
0.33657
0.33715
0.33779
0.33848
0.33925
0.34004
0.3408
0.34151
0.34216
0.34272
0.34317
0.34349
0.34368
0.34374
0.34341
0.34298
0.34248
0.34195
0.34144
0.34098
0.34061
0.34037
0.3403
0.3404
0.34079
0.34139
0.34218
0.34315
0.34428
0.34553
0.34688
0.34829
0.3497
0.35107
0.35227
0.35336
0.35429
0.35504
0.35559
0.35592
0.35601
0.35587
0.35548
0.35487
0.35388
0.35272
0.35144
0.35008
0.3487
0.34734
0.34607
0.34493
0.34396
0.34321
0.34278
0.34262
0.34274
0.34315
0.34383
0.34477
0.34596
0.34736
0.34894
0.35068
0.35237
0.35414
0.35597
0.35782
0.35967
0.36149
0.36324
0.36491
0.36648
0.36792
0.36916
0.37024
0.37116
0.3719
0.37248
0.37288
0.37311
0.37318
0.3731
0.37287
0.37248
0.37198
0.37139
0.37072
0.36999
0.36922
0.36844
0.36767
0.36691
0.3662
0.36535
0.36459
0.36396
0.36348
0.36317
0.36305
0.36312
0.3634
0.36386
0.36451
0.36548
0.36657
0.36772
0.36888
0.37001
0.37105
0.37194
0.37266
0.37316
0.37342
0.37308
0.3725
0.37175
0.37085
0.36988
0.36889
0.36794
0.36709
0.36641
0.36594
0.36586
0.36607
0.36658
0.3674
0.36851
0.36991
0.37156
0.37344
0.3755
0.37769
0.37988
0.3821
0.38432
0.38648
0.38855
0.39048
0.39223
0.39378
0.3951
0.39617
0.39681
0.39721
0.39741
0.39744
0.39732
0.39712
0.39686
0.39658
0.39634
0.39617
0.39617
0.3963
0.39657
0.39699
0.39757
0.3983
0.39918
0.4002
0.40132
0.40254
0.40365
0.40481
0.40601
0.40724
0.40848
0.40971
0.41092
0.41209
0.41318
0.41419
0.41513
0.41595
0.41662
0.41712
0.41745
0.41759
0.41755
0.41731
0.41689
0.41629
0.41533
0.41426
0.41312
0.41197
0.41084
0.40979
0.40887
0.40812
0.40758
0.40727
0.40728
0.40756
0.40811
0.40893
0.40999
0.41127
0.41275
0.41438
0.41613
0.41795
0.41969
0.42143
0.42312
0.42472
0.42622
0.42756
0.42875
0.42974
0.43054
0.43113
0.43126
0.43121
0.43101
0.43067
0.43025
0.42976
0.42924
0.42871
0.42819
0.42769
0.42751
0.42733
0.42712
0.42684
0.42645
0.42593
0.42523
0.42433
0.42321
0.42186
0.41975
0.41748
0.41513
0.41277
0.41048
0.40836
0.40649
0.40493
0.40377
0.40304
0.40314
0.4037
0.4047
0.4061
0.40783
0.40983
0.41203
0.41434
0.41669
0.41898
0.42075
0.42235
0.42375
0.42494
0.42588
0.42657
0.42701
0.4272
0.42714
0.42683
0.42643
0.42581
0.42496
0.42389
0.42262
0.42115
0.4195
0.41769
0.41573
0.41365
0.41129
0.40888
0.40647
0.40412
0.40187
0.39977
0.39786
0.39618
0.39477
0.39364
0.39273
0.39215
0.3919
0.39199
0.39241
0.39314
0.39415
0.39541
0.39687
0.39849
0.40036
0.40226
0.40411
0.40582
0.40735
0.40862
0.40958
0.4102
0.41044
0.41032
0.40925
0.40788
0.40632
0.40465
0.40297
0.4014
0.40003
0.39894
0.39822
0.39793
0.39865
0.3998
0.40134
0.40319
0.40527
0.4075
0.40977
0.41198
0.41404
0.41587
0.41677
0.41734
0.41761
0.41758
0.41728
0.41677
0.41609
0.41529
0.41444
0.41358
0.41298
0.41246
0.41205
0.41176
0.4116
0.41158
0.41169
0.41191
0.41224
0.41264
0.41299
0.41338
0.41379
0.41418
0.41455
0.41487
0.41511
0.41528
0.41535
0.41531
0.415
0.41459
0.41412
0.41361
0.41308
0.41257
0.4121
0.41171
0.4114
0.41122
0.41112
0.41118
0.41139
0.41178
0.41232
0.41302
0.41386
0.41482
0.41586
0.41696
0.41817
0.41935
0.42046
0.42143
0.42224
0.42284
0.4232
0.4233
0.42313
0.4227
0.42154
0.42019
0.41874
0.41726
0.41585
0.41459
0.41356
0.41284
0.41249
0.41256
0.41351
0.41489
0.41665
0.41874
0.42108
0.42361
0.42624
0.4289
0.43149
0.43395
0.43566
0.43717
0.43848
0.43961
0.44059
0.44144
0.44221
0.44292
0.44361
0.44432
0.44532
0.44637
0.44745
0.44855
0.44966
0.45075
0.4518
0.45278
0.45365
0.4544
0.45478
0.455
0.45508
0.455
0.45479
0.45445
0.454
0.45345
0.45282
0.45214
0.45131
0.45047
0.44966
0.4489
0.44822
0.44763
0.44717
0.44682
0.4466
0.44651
0.44663
0.44683
0.44711
0.44741
0.44771
0.44798
0.44817
0.44827
0.44824
0.44806
0.44742
0.44664
0.44576
0.44479
0.44379
0.44279
0.44183
0.44096
0.4402
0.4396
0.43926
0.43911
0.43914
0.43937
0.43977
0.44032
0.44102
0.44181
0.44269
0.4436
0.44441
0.44521
0.44596
0.44665
0.44726
0.44776
0.44816
0.44843
0.44858
0.44861
0.4483
0.44791
0.44746
0.44698
0.44651
0.44608
0.44573
0.44546
0.44531
0.44529
0.44552
0.44586
0.44631
0.44681
0.44736
0.44791
0.44842
0.44886
0.44919
0.44938
0.44919
0.44883
0.44831
0.44764
0.44684
0.44591
0.44491
0.44384
0.44274
0.44166
0.44048
0.43939
0.43843
0.43763
0.43703
0.43665
0.4365
0.4366
0.43694
0.4375
0.4384
0.43944
0.44059
0.44176
0.44291
0.44396
0.44485
0.44551
0.4459
0.44597
0.44532
0.44432
0.443
0.4414
0.43955
0.43751
0.43533
0.43307
0.43078
0.42854
0.42658
0.42474
0.42306
0.42156
0.42025
0.41915
0.41827
0.41761
0.41717
0.41695
0.41664
0.41657
0.41676
0.41722
0.41798
0.41904
0.42039
0.42203
0.42395
0.42611
0.42862
0.43129
0.43407
0.43688
0.43968
0.44237
0.44491
0.44721
0.44922
0.45088
0.45189
0.4525
0.4527
0.45248
0.45187
0.45089
0.44956
0.44793
0.44601
0.44387
0.44157
0.43912
0.43657
0.43395
0.43131
0.42869
0.42611
0.42362
0.42123
0.41898
0.41676
0.41473
0.41291
0.41133
0.40999
0.40891
0.40811
0.40757
0.40731
0.40731
0.40747
0.40788
0.40854
0.40943
0.41054
0.41185
0.41335
0.415
0.41679
0.41868
0.42063
0.42264
0.42468
0.42672
0.42875
0.43074
0.43267
0.43452
0.43628
0.43794
0.43931
0.44059
0.44179
0.44292
0.44402
0.44508
0.44614
0.44721
0.4483
0.44941
0.45061
0.45184
0.45309
0.45434
0.45557
0.45677
0.45793
0.45901
0.46
0.46088
0.46145
0.4619
0.46225
0.46251
0.46268
0.46279
0.46285
0.46288
0.46289
0.4629
0.46287
0.46287
0.46288
0.46292
0.46299
0.46309
0.46319
0.4633
0.4634
0.46346
0.4634
0.46327
0.46303
0.46266
0.46214
0.46145
0.46055
0.45944
0.4581
0.4565
0.45458
0.45242
0.45001
0.44739
0.44457
0.44158
0.43845
0.43522
0.43192
0.4286
0.42516
0.42179
0.41857
0.41554
0.41275
0.41025
0.40808
0.40626
0.40482
0.40377
0.40315
0.40291
0.403
0.4034
0.40407
0.40495
0.40598
0.40712
0.40828
0.40943
0.41032
0.41109
0.4117
0.41212
0.41232
0.41228
0.412
0.41146
0.41066
0.4096
0.40825
0.40667
0.4049
0.40295
0.40085
0.39864
0.39634
0.39399
0.39162
0.38924
0.38683
0.38448
0.38219
0.38
0.37791
0.37593
0.37407
0.37231
0.37066
0.36911
0.36759
0.36613
0.36473
0.36335
0.362
0.36064
0.35925
0.35783
0.35636
0.35483
0.35308
0.35126
0.34939
0.34749
0.34556
0.34363
0.34171
0.33982
0.33798
0.3362
0.33453
0.33295
0.33144
0.33002
0.32867
0.32741
0.32621
0.32508
0.324
0.32296
0.32178
0.32065
0.31956
0.31853
0.31757
0.31668
0.31586
0.31511
0.31444
0.31383
0.31336
0.31294
0.31254
0.31214
0.31172
0.31127
0.31076
0.31018
0.30953
0.30878
0.30775
0.30665
0.30551
0.30437
0.30326
0.3022
0.30124
0.30041
0.29972
0.29922
0.29891
0.2988
0.29891
0.29921
0.2997
0.30036
0.30116
0.30207
0.30305
0.30405
0.30503
0.30595
0.30674
0.30735
0.30774
0.30787
0.30768
0.30717
0.3063
0.30506
0.30323
0.30107
0.2986
0.29587
0.29292
0.28983
0.28665
0.28343
0.28025
0.27715
0.27427
0.27156
0.26908
0.26683
0.26484
0.26312
0.26167
0.26049
0.25956
0.25887
0.25836
0.25804
0.2579
0.25791
0.25805
0.25827
0.25857
0.25892
0.25928
0.25965
0.25981
0.25995
0.2601
0.26027
0.26047
0.2607
0.26099
0.26133
0.26172
0.26217
0.26289
0.26361
0.26432
0.26496
0.2655
0.2659
0.26612
0.26612
0.26587
0.26536
0.26426
0.26291
0.26133
0.25958
0.25769
0.25571
0.25369
0.25169
0.24975
0.24792
0.24633
0.2449
0.24366
0.2426
0.24173
0.24104
0.24051
0.24012
0.23984
0.23965
0.23949
0.23935
0.23917
0.23894
0.2386
0.23814
0.23754
0.23677
0.23584
0.23474
0.23321
0.23158
0.22987
0.22815
0.22648
0.22491
0.22349
0.22228
0.22132
0.22064
0.22051
0.22068
0.22113
0.22183
0.22275
0.22383
0.22503
0.2263
0.22759
0.22884
0.22971
0.23049
0.23114
0.23167
0.23207
0.23234
0.23249
0.23252
0.23245
0.23227
0.23212
0.23188
0.23156
0.23116
0.23069
0.23014
0.22951
0.22881
0.22805
0.22722
0.22621
0.22517
0.2241
0.22304
0.22199
0.22098
0.22003
0.21914
0.21834
0.21763
0.21703
0.21654
0.21616
0.21589
0.21572
0.21565
0.21566
0.21576
0.21592
0.21612
0.21628
0.21646
0.21667
0.21689
0.21712
0.21735
0.21756
0.21776
0.21793
0.21807
0.21816
0.2182
0.21818
0.21808
0.2179
0.21762
0.21726
0.21679
0.21623
0.21556
0.21473
0.21382
0.21285
0.21184
0.2108
0.20976
0.20874
0.20776
0.20685
0.20601
0.20524
0.20459
0.20406
0.20368
0.20344
0.20335
0.20342
0.20364
0.204
0.2045
0.20508
0.20577
0.20655
0.20741
0.20832
0.20926
0.21022
0.21116
0.21208
0.21294
0.21369
0.21436
0.21493
0.21539
0.21573
0.21595
0.21604
0.216
0.21584
0.21556
0.21509
0.21452
0.21388
0.21319
0.21247
0.21174
0.21101
0.21029
0.20961
0.20897
0.20842
0.2079
0.20742
0.20697
0.20652
0.20606
0.20559
0.20509
0.20453
0.20391
0.20312
0.20226
0.20133
0.20034
0.19931
0.19824
0.19716
0.19608
0.19501
0.19398
0.19295
0.192
0.19116
0.19044
0.18987
0.18947
0.18924
0.18919
0.18932
0.18963
0.19022
0.19094
0.1918
0.19274
0.19374
0.19478
0.19581
0.19682
0.19778
0.19867
0.19924
0.19973
0.20018
0.20059
0.201
0.20144
0.20193
0.20249
0.20314
0.20391
0.20494
0.20609
0.20734
0.20866
0.21005
0.21146
0.21286
0.21423
0.21552
0.2167
0.21757
0.21828
0.21882
0.21919
0.21937
0.21938
0.2192
0.21884
0.21833
0.21765
0.21692
0.21606
0.21508
0.214
0.21283
0.2116
0.21033
0.20905
0.20778
0.20655
0.20516
0.2039
0.20283
0.20199
0.20143
0.20119
0.2013
0.20179
0.20266
0.20391
0.20576
0.20794
0.21039
0.21305
0.21585
0.21872
0.22158
0.22437
0.227
0.22943
0.23132
0.23293
0.23427
0.23532
0.23611
0.23666
0.237
0.23717
0.2372
0.23716
0.23712
0.23709
0.23709
0.23716
0.23734
0.23764
0.2381
0.2387
0.23948
0.24041
0.2415
0.24272
0.24406
0.24548
0.24695
0.24843
0.2499
0.25131
0.25264
0.25385
0.25473
0.25546
0.25604
0.25646
0.25673
0.25687
0.25689
0.25679
0.25661
0.25635
0.25612
0.25584
0.25553
0.25518
0.25482
0.25445
0.25408
0.25372
0.25337
0.25304
0.25258
0.25218
0.25186
0.25166
0.25159
0.25168
0.25193
0.25237
0.25299
0.25381
0.25488
0.25613
0.25752
0.25904
0.26066
0.26234
0.26406
0.26579
0.26748
0.26912
0.27056
0.27191
0.27316
0.27432
0.27538
0.27636
0.27726
0.27809
0.27889
0.27965
0.28035
0.28106
0.28182
0.28264
0.28355
0.28456
0.28568
0.28693
0.28831
0.2898
0.29142
0.29314
0.29493
0.29677
0.29862
0.30045
0.30224
0.30393
0.3055
0.30691
0.30804
0.30895
0.30965
0.31011
0.31034
0.31032
0.31008
0.30962
0.30895
0.3081
0.30705
0.30587
0.3046
0.30327
0.30193
0.30062
0.29936
0.2982
0.29716
0.29627
0.29547
0.29487
0.29449
0.29433
0.2944
0.2947
0.29522
0.29594
0.29683
0.29785
0.29909
0.30037
0.30164
0.30286
0.30396
0.30489
0.30561
0.30607
0.30626
0.30614
0.30543
0.30444
0.3032
0.30177
0.30018
0.29851
0.29681
0.29514
0.29355
0.2921
0.29093
0.28997
0.28922
0.28871
0.28842
0.28834
0.28845
0.28871
0.28908
0.28953
0.28998
0.29041
0.29075
0.29096
0.29098
0.29079
0.29034
0.2896
0.28855
0.2872
0.28531
0.28315
0.28078
0.27823
0.27559
0.27292
0.27028
0.26775
0.26538
0.26325
0.26149
0.26005
0.25894
0.25819
0.25778
0.25772
0.25799
0.25855
0.25937
0.26041
0.26155
0.26281
0.26413
0.26548
0.26679
0.26801
0.26911
0.27005
0.27078
0.27128
0.27139
0.27125
0.27089
0.27031
0.26955
0.26865
0.26762
0.26652
0.26539
0.26426
0.26319
0.26219
0.2613
0.26055
0.25995
0.25953
0.25929
0.25923
0.25936
0.25968
0.26014
0.26075
0.26151
0.26239
0.26337
0.26443
0.26554
0.2667
0.26787
0.26904
0.27009
0.27113
0.27217
0.27322
0.2743
0.27543
0.27661
0.27786
0.27921
0.28066
0.28215
0.28379
0.28556
0.28749
0.28957
0.29181
0.29417
0.29666
0.29923
0.30186
0.30465
0.30739
0.31004
0.31253
0.31481
0.31681
0.31849
0.3198
0.32071
0.3212
0.3209
0.3202
0.31914
0.31777
0.31614
0.31434
0.31241
0.31044
0.30847
0.30658
0.30503
0.30362
0.30237
0.30129
0.30037
0.29961
0.29898
0.29847
0.29804
0.29768
0.29717
0.29668
0.2962
0.29573
0.29527
0.2948
0.29433
0.29386
0.29341
0.29297
0.29251
0.29209
0.29173
0.29146
0.29128
0.29121
0.29127
0.29148
0.29183
0.29234
0.29298
0.29377
0.29471
0.29578
0.29698
0.29827
0.29964
0.30107
0.30252
0.30396
0.30532
0.30662
0.30783
0.30892
0.30988
0.31068
0.31131
0.31175
0.31201
0.31207
0.31181
0.31138
0.3108
0.3101
0.3093
0.30845
0.30757
0.30669
0.30584
0.30506
0.30436
0.30376
0.30328
0.30293
0.30271
0.30263
0.30267
0.30285
0.30313
0.30351
0.30393
0.30441
0.30494
0.30551
0.30609
0.30668
0.30725
0.3078
0.30831
0.30878
0.30905
0.30929
0.30952
0.30975
0.30999
0.31028
0.31062
0.31104
0.31153
0.31211
0.31284
0.31366
0.31455
0.31549
0.31648
0.31748
0.31848
0.31944
0.32036
0.32119
0.32183
0.32235
0.32277
0.32307
0.32327
0.32336
0.32336
0.32327
0.32313
0.32294
0.3226
0.32226
0.32197
0.32177
0.32167
0.32172
0.32194
0.32233
0.32293
0.32372
0.3248
0.32607
0.32749
0.32903
0.33068
0.33238
0.3341
0.3358
0.33745
0.339
0.34021
0.34129
0.34225
0.34309
0.34382
0.34445
0.345
0.34549
0.34594
0.34637
0.34688
0.34741
0.34796
0.34855
0.34919
0.34988
0.35063
0.35144
0.35233
0.35329
0.35411
0.35503
0.35608
0.35725
0.35858
0.36006
0.36171
0.36352
0.36549
0.36759
0.36989
0.37228
0.3747
0.37711
0.37948
0.38174
0.38384
0.38575
0.38742
0.38881
0.38971
0.39029
0.39057
0.39054
0.39022
0.38965
0.38884
0.38785
0.38669
0.38543
0.38409
0.38273
0.3814
0.38014
0.37899
0.378
0.3772
0.37661
0.37626
0.37617
0.37624
0.3766
0.37723
0.37814
0.37931
0.38073
0.38237
0.38421
0.3862
0.3883
0.39049
0.39271
0.3949
0.39701
0.399
0.40082
0.40244
0.40382
0.40493
0.40576
0.406
0.40597
0.40571
0.40526
0.40466
0.40396
0.4032
0.40241
0.40164
0.40091
0.40054
0.40022
0.39993
0.39966
0.39937
0.39904
0.39863
0.39812
0.39749
0.39673
0.3954
0.39398
0.39251
0.39106
0.38968
0.38844
0.38739
0.38661
0.38614
0.38603
0.3864
0.38718
0.38838
0.38998
0.39196
0.39429
0.39693
0.39981
0.40287
0.40604
0.40935
0.4126
0.41571
0.4186
0.4212
0.42343
0.42524
0.42659
0.42746
0.42784
0.42718
0.42612
0.42476
0.42321
0.42157
0.41995
0.41847
0.41722
0.41629
0.41574
0.41615
0.41697
0.41815
0.41965
0.42137
0.42324
0.42515
0.42701
0.42872
0.43019
0.43086
0.43118
0.43115
0.43077
0.43007
0.42907
0.42781
0.42636
0.42477
0.4231
0.42138
0.41972
0.41819
0.41686
0.41578
0.415
0.41456
0.41446
0.41472
0.41532
0.41647
0.41788
0.41948
0.42118
0.42289
0.42452
0.42599
0.42721
0.4281
0.4286
0.42819
0.42736
0.42613
0.42454
0.42265
0.42052
0.41823
0.41585
0.41347
0.41115
0.40914
0.40732
0.40573
0.40442
0.4034
0.4027
0.4023
0.40222
0.40243
0.4029
0.40354
0.40438
0.4054
0.40656
0.40782
0.40913
0.41047
0.4118
0.41308
0.41431
0.41519
0.416
0.41676
0.41749
0.41822
0.41897
0.41978
0.42067
0.42167
0.42281
0.42419
0.42572
0.4274
0.42921
0.43114
0.43317
0.43528
0.43743
0.4396
0.44175
0.44369
0.44557
0.44738
0.44912
0.45078
0.45235
0.45383
0.45522
0.45653
0.45775
0.45878
0.45974
0.46066
0.46155
0.46242
0.46328
0.46415
0.46503
0.46593
0.46685
0.4678
0.46876
0.46971
0.47065
0.47156
0.47242
0.47323
0.47395
0.47458
0.4751
0.47533
0.47546
0.47549
0.47544
0.47533
0.47517
0.475
0.47482
0.47466
0.47454
0.47448
0.47449
0.47459
0.47479
0.47511
0.47555
0.4761
0.47678
0.47757
0.47847
0.47927
0.48018
0.48119
0.4823
0.4835
0.48479
0.48614
0.48754
0.48896
0.49036
0.49187
0.49327
0.49452
0.49557
0.49636
0.49685
0.497
0.49679
0.4962
0.49522
0.49336
0.49119
0.48878
0.4862
0.48356
0.48092
0.47837
0.476
0.47387
0.47203
0.47093
0.47015
0.46968
0.46947
0.46948
0.46966
0.46994
0.47028
0.4706
0.47087
0.47053
0.47011
0.46962
0.46909
0.46857
0.4681
0.46772
0.46749
0.46745
0.46764
0.46822
0.4691
0.47028
0.47177
0.47357
0.47566
0.47802
0.48061
0.4834
0.48635
0.48933
0.49237
0.49541
0.4984
0.50129
0.50403
0.50657
0.50889
0.51093
0.51269
0.51389
0.5148
0.51545
0.51588
0.51611
0.5162
0.51618
0.51609
0.51598
0.51588
0.51586
0.51591
0.51603
0.51622
0.5165
0.51684
0.51724
0.51767
0.51811
0.51852
0.51884
0.51908
0.51921
0.5192
0.51902
0.51866
0.5181
0.51734
0.51638
0.51521
0.51351
0.51169
0.50979
0.50789
0.50605
0.50432
0.50276
0.50141
0.50032
0.49951
0.49925
0.49925
0.49948
0.49987
0.50037
0.50092
0.50144
0.50185
0.5021
0.50212
0.50148
0.50054
0.4993
0.49777
0.49597
0.49391
0.49165
0.48921
0.48665
0.48401
0.48137
0.47874
0.47619
0.47374
0.47146
0.46937
0.4675
0.46588
0.46453
0.46345
0.46256
0.46196
0.46165
0.46161
0.46183
0.4623
0.46299
0.46387
0.46491
0.46609
0.46729
0.46857
0.4699
0.47126
0.47263
0.47399
0.47534
0.47666
0.47795
0.47921
0.48019
0.48117
0.48219
0.48328
0.48448
0.4858
0.48727
0.48891
0.49072
0.4927
0.49508
0.49758
0.50014
0.50272
0.50524
0.50765
0.50988
0.51188
0.5136
0.515
0.51554
0.51575
0.51567
0.51534
0.51481
0.51414
0.51337
0.51257
0.51178
0.51104
0.5107
0.51044
0.51024
0.51008
0.50992
0.50974
0.5095
0.50915
0.50865
0.50798
0.50671
0.50525
0.50361
0.50183
0.49992
0.49794
0.4959
0.49384
0.49181
0.48982
0.48798
0.48623
0.48458
0.48306
0.48165
0.48036
0.47917
0.47807
0.47703
0.47604
0.47506
0.47408
0.47307
0.47201
0.47089
0.46967
0.46836
0.46695
0.46543
0.46382
0.46174
0.45963
0.45755
0.45556
0.45373
0.45211
0.45075
0.4497
0.44898
0.44861
0.44893
0.44958
0.45049
0.4516
0.45284
0.45415
0.45543
0.45663
0.45767
0.4585
0.45859
0.45844
0.45807
0.45751
0.45681
0.45603
0.45523
0.45448
0.45382
0.45333
0.45314
0.45321
0.45358
0.45427
0.45529
0.45666
0.45835
0.46035
0.46262
0.46512
0.46782
0.47064
0.47352
0.47639
0.47919
0.48184
0.48429
0.48649
0.48838
0.48994
0.4908
0.49131
0.49152
0.49146
0.49118
0.49074
0.4902
0.48962
0.48906
0.48857
0.48837
0.48831
0.48842
0.4887
0.48915
0.48976
0.49052
0.49141
0.49239
0.49345
0.49427
0.49511
0.49597
0.49683
0.49767
0.49849
0.49925
0.49995
0.50055
0.50104
0.50149
0.50176
0.50184
0.50168
0.50127
0.50057
0.49956
0.49825
0.49661
0.49466
0.49212
0.48932
0.4863
0.48312
0.47984
0.47652
0.47321
0.46997
0.46685
0.46388
0.46126
0.45884
0.45663
0.45463
0.45283
0.45121
0.44974
0.4484
0.44715
0.44597
0.44454
0.44315
0.44177
0.44042
0.43908
0.43777
0.43647
0.43519
0.43393
0.43269
0.43155
0.43041
0.42925
0.42806
0.42682
0.42552
0.42415
0.42268
0.42113
0.41948
0.41745
0.41535
0.41322
0.41108
0.40897
0.40691
0.40494
0.40308
0.40134
0.39973
0.39844
0.39726
0.39617
0.39513
0.39411
0.39305
0.39193
0.39071
0.38936
0.38784
0.38579
0.38358
0.38123
0.37878
0.37626
0.37371
0.37117
0.36868
0.36628
0.364
0.36198
0.36012
0.35843
0.35689
0.35551
0.35427
0.35313
0.35209
0.3511
0.35013
0.34908
0.348
0.34686
0.34562
0.34427
0.3428
0.34118
0.33942
0.33752
0.33548
0.33309
0.33062
0.32812
0.32565
0.32324
0.32096
0.31884
0.31693
0.31527
0.31386
0.31291
0.31223
0.3118
0.31157
0.31152
0.31159
0.31173
0.3119
0.31204
0.31209
0.31178
0.31132
0.31069
0.30988
0.30889
0.30771
0.30637
0.30486
0.30321
0.30143
0.29951
0.29752
0.29547
0.2934
0.29133
0.28929
0.28729
0.28536
0.2835
0.28173
0.28009
0.27854
0.27705
0.27563
0.27425
0.2729
0.27156
0.27021
0.26884
0.26744
0.2658
0.26414
0.26247
0.26082
0.25921
0.25767
0.25621
0.25487
0.25366
0.25261
0.25178
0.25112
0.25064
0.25033
0.25018
0.25019
0.25033
0.25057
0.25091
0.25131
0.25167
0.25204
0.2524
0.25274
0.25302
0.25323
0.25336
0.25338
0.25328
0.25306
0.25263
0.25207
0.25139
0.25059
0.24969
0.2487
0.24764
0.24652
0.24535
0.24414
0.24292
0.24169
0.24047
0.23925
0.23805
0.23688
0.23573
0.23461
0.23352
0.23247
0.23137
0.23031
0.2293
0.22834
0.22745
0.22662
0.22587
0.22518
0.22457
0.22402
0.2235
0.22304
0.22266
0.22234
0.22207
0.22187
0.22171
0.22158
0.22148
0.22139
0.22131
0.22122
0.22109
0.22091
0.22067
0.22036
0.21996
0.21946
0.21888
0.21819
0.21729
0.21632
0.2153
0.21426
0.21321
0.2122
0.21124
0.21036
0.20958
0.20893
0.20843
0.20807
0.20788
0.20785
0.20797
0.20824
0.20865
0.20918
0.2098
0.2105
0.21122
0.21196
0.2127
0.2134
0.21404
0.21459
0.21504
0.21536
0.21554
0.21556
0.21532
0.21492
0.21441
0.21378
0.21307
0.2123
0.21151
0.2107
0.20992
0.20918
0.20854
0.20799
0.20753
0.20717
0.20691
0.20677
0.20672
0.20677
0.2069
0.2071
0.20731
0.20756
0.20784
0.20815
0.20846
0.20877
0.20906
0.20932
0.20955
0.20974
0.2098
0.20983
0.20982
0.20979
0.20975
0.20971
0.20968
0.20966
0.20968
0.20974
0.20984
0.20999
0.21019
0.21046
0.21077
0.21114
0.21154
0.21199
0.21245
0.21293
0.21339
0.21383
0.21424
0.21462
0.21495
0.21522
0.21542
0.21555
0.2156
0.21556
0.21536
0.21508
0.21475
0.21438
0.21398
0.21358
0.21319
0.21283
0.21251
0.21224
0.21204
0.21191
0.21185
0.21186
0.21195
0.21209
0.21229
0.21252
0.21278
0.21304
0.21328
0.21348
0.21365
0.21375
0.21377
0.21371
0.21354
0.21327
0.21288
0.21238
0.21166
0.21084
0.20994
0.20898
0.20799
0.20699
0.206
0.20505
0.20416
0.20335
0.20264
0.20205
0.20157
0.20121
0.20096
0.20084
0.20082
0.20089
0.20106
0.20129
0.20155
0.20185
0.20217
0.2025
0.20282
0.20312
0.20339
0.20361
0.20379
0.20391
0.20384
0.20374
0.20362
0.2035
0.20341
0.20336
0.20337
0.20346
0.20364
0.20391
0.2044
0.20498
0.20563
0.20633
0.20706
0.20779
0.20851
0.20917
0.20977
0.21027
0.2105
0.21062
0.21064
0.21057
0.21042
0.21021
0.20996
0.20969
0.20942
0.20916
0.20896
0.20881
0.20872
0.2087
0.20877
0.20891
0.20915
0.20946
0.20985
0.21031
0.21079
0.21132
0.21189
0.21247
0.21306
0.21364
0.21419
0.2147
0.21517
0.21556
0.2158
0.21596
0.21606
0.2161
0.21608
0.21602
0.21593
0.21582
0.21569
0.21556
0.21546
0.21537
0.21529
0.21524
0.21522
0.21523
0.21526
0.21533
0.21543
0.21556
0.21561
0.2157
0.21585
0.21605
0.21632
0.21667
0.21709
0.2176
0.21819
0.21886
0.21965
0.22051
0.22141
0.22236
0.22332
0.2243
0.22527
0.22623
0.22717
0.22807
0.22883
0.22957
0.23029
0.23101
0.23175
0.23252
0.23335
0.23425
0.23525
0.23635
0.23747
0.23872
0.24014
0.24174
0.24352
0.24548
0.24761
0.2499
0.25232
0.25483
0.2576
0.26036
0.26304
0.26558
0.26791
0.26996
0.27168
0.27301
0.27392
0.27439
0.274
0.2732
0.27205
0.2706
0.26895
0.26716
0.26534
0.26355
0.26189
0.26043
0.25951
0.25889
0.25859
0.2586
0.25894
0.25957
0.26049
0.26166
0.26306
0.26463
0.26613
0.26776
0.26948
0.27129
0.27316
0.27507
0.27702
0.27898
0.28096
0.28295
0.28479
0.28664
0.2885
0.29038
0.2923
0.29424
0.29621
0.2982
0.3002
0.3022
0.30445
0.30662
0.30865
0.31048
0.31205
0.31332
0.31423
0.31476
0.31489
0.31461
0.31337
0.31181
0.31001
0.30805
0.30605
0.3041
0.3023
0.30074
0.29951
0.29867
0.29866
0.29908
0.29991
0.30111
0.30262
0.30437
0.30628
0.30826
0.31022
0.31208
0.31353
0.31473
0.31564
0.31622
0.31644
0.3163
0.31579
0.31494
0.31377
0.31232
0.3104
0.30833
0.30622
0.30414
0.3022
0.30047
0.29905
0.29798
0.29733
0.29713
0.29778
0.29885
0.3003
0.30204
0.30399
0.30607
0.30817
0.31019
0.31205
0.31365
0.31444
0.31487
0.31494
0.31466
0.31405
0.31312
0.31193
0.31051
0.30891
0.30719
0.30555
0.30387
0.30218
0.30049
0.29882
0.2972
0.29564
0.29414
0.29269
0.2913
0.2899
0.28854
0.28722
0.28594
0.28469
0.28345
0.28222
0.28099
0.27976
0.27853
0.27718
0.27583
0.27452
0.27326
0.27206
0.27097
0.26999
0.26916
0.26849
0.268
0.26768
0.26757
0.26769
0.26804
0.26862
0.26943
0.27045
0.27167
0.27306
0.2746
0.27623
0.27795
0.2797
0.28145
0.28316
0.28479
0.28628
0.28762
0.28875
0.28965
0.29019
0.29046
0.29046
0.29019
0.28967
0.2889
0.28791
0.28672
0.28537
0.28389
0.28229
0.28065
0.27899
0.27737
0.27583
0.27441
0.27314
0.27207
0.27123
0.27063
0.27019
0.27005
0.27024
0.27076
0.27162
0.27283
0.27438
0.27623
0.27837
0.28076
0.28347
0.28633
0.28928
0.29225
0.29519
0.29802
0.30069
0.30316
0.30536
0.30727
0.3086
0.30961
0.31034
0.31081
0.31105
0.31112
0.31104
0.31087
0.31066
0.31045
0.31037
0.31034
0.3104
0.31054
0.31077
0.31109
0.31148
0.31192
0.31239
0.31286
0.31321
0.3135
0.31371
0.31381
0.31377
0.31357
0.31319
0.31261
0.31183
0.31084
0.30957
0.30811
0.30648
0.3047
0.30282
0.30088
0.29891
0.29697
0.2951
0.29335
0.29171
0.2903
0.28917
0.28836
0.28791
0.28785
0.28821
0.28899
0.29021
0.29185
0.29381
0.29614
0.29882
0.30181
0.30505
0.30848
0.31203
0.31563
0.31918
0.32262
0.32603
0.32915
0.33186
0.33408
0.33575
0.33679
0.33716
0.33685
0.33584
0.33417
0.33129
0.32789
0.32412
0.32011
0.31603
0.31202
0.30824
0.30483
0.3019
0.29958
0.29851
0.29811
0.29838
0.29926
0.30068
0.30257
0.30483
0.30735
0.31002
0.31274
0.31486
0.31688
0.31877
0.32052
0.32211
0.32354
0.32482
0.32597
0.32699
0.32793
0.32896
0.32993
0.33086
0.33176
0.33264
0.33352
0.33438
0.33524
0.3361
0.33695
0.33773
0.33849
0.33923
0.33994
0.34062
0.34125
0.34183
0.34235
0.3428
0.34318
0.34331
0.34338
0.34341
0.34343
0.34345
0.34349
0.34358
0.34373
0.34396
0.34428
0.34479
0.34538
0.34608
0.34686
0.34771
0.34863
0.34961
0.35062
0.35168
0.35275
0.35364
0.35457
0.35554
0.35659
0.35773
0.35898
0.36036
0.36187
0.36354
0.36536
0.36733
0.36945
0.37171
0.37409
0.37657
0.37912
0.38171
0.38431
0.38687
0.38935
0.39172
0.39393
0.39593
0.3977
0.3992
0.4004
0.40128
0.40185
0.40208
0.402
0.40135
0.40046
0.39939
0.3982
0.39697
0.39576
0.39465
0.3937
0.39298
0.39253
0.39254
0.39288
0.39358
0.39461
0.39598
0.39766
0.39961
0.40179
0.40415
0.40665
0.40903
0.41146
0.41389
0.41629
0.41864
0.42089
0.42303
0.42501
0.42684
0.42848
0.4299
0.43113
0.43215
0.43296
0.43359
0.43403
0.4343
0.43442
0.43441
0.4343
0.434
0.43365
0.4333
0.43299
0.43275
0.43262
0.43262
0.43278
0.43312
0.43364
0.43432
0.43519
0.43626
0.43751
0.43893
0.4405
0.44218
0.44395
0.44577
0.44761
0.44939
0.45111
0.45276
0.4543
0.45571
0.45697
0.45806
0.45897
0.45971
0.46026
0.46041
0.46042
0.46034
0.46019
0.46003
0.45989
0.45981
0.45983
0.45997
0.46026
0.46084
0.46158
0.46245
0.46343
0.46449
0.4656
0.46673
0.46783
0.46888
0.46983
0.47038
0.47081
0.47113
0.47134
0.47145
0.47149
0.47148
0.47144
0.47139
0.47136
0.47136
0.47143
0.47158
0.47182
0.47217
0.47263
0.47322
0.47391
0.47472
0.47564
0.47658
0.4776
0.47869
0.47983
0.48101
0.4822
0.48339
0.48455
0.48567
0.48674
0.48758
0.48834
0.48903
0.48967
0.49025
0.49078
0.49127
0.49173
0.49216
0.49257
0.49291
0.49323
0.49353
0.49383
0.49412
0.4944
0.49466
0.49489
0.49508
0.49522
0.49528
0.49527
0.49518
0.495
0.49472
0.49434
0.49386
0.49329
0.49262
0.49187
0.4908
0.48971
0.48866
0.48769
0.48686
0.48621
0.48578
0.48562
0.48574
0.48616
0.48703
0.4882
0.48963
0.49131
0.49317
0.49519
0.49729
0.49943
0.50155
0.50358
0.50525
0.50677
0.50811
0.50925
0.51019
0.51092
0.51145
0.51179
0.51193
0.5119
0.51161
0.51119
0.51068
0.51011
0.50951
0.50891
0.50833
0.50779
0.5073
0.50687
0.50661
0.50639
0.50621
0.50602
0.50582
0.50556
0.50524
0.50483
0.50431
0.50367
0.50251
0.50127
0.5
0.49875
0.49759
0.49656
0.49571
0.4951
0.49475
0.4947
0.49519
0.49598
0.49705
0.49836
0.49986
0.50151
0.50326
0.50504
0.5068
0.50848
0.50972
0.51081
0.51176
0.51256
0.51322
0.51374
0.51414
0.51443
0.51464
0.51478
0.51487
0.51493
0.51498
0.51505
0.51516
0.5153
0.5155
0.51576
0.51607
0.51644
0.51683
0.51726
0.51773
0.51823
0.51874
0.51925
0.51976
0.52025
0.52072
0.52115
0.52127
0.52138
0.52151
0.52169
0.52195
0.5223
0.52279
0.52341
0.5242
0.52514
0.52641
0.52782
0.52934
0.53093
0.53257
0.53421
0.53581
0.53734
0.53876
0.54004
0.54079
0.5414
0.54189
0.54228
0.54261
0.54291
0.54322
0.54356
0.54397
0.54447
0.54517
0.54597
0.54689
0.54789
0.54898
0.55011
0.55127
0.55242
0.55353
0.55457
0.55533
0.55596
0.55646
0.5568
0.55699
0.55701
0.55688
0.55658
0.55614
0.55556
0.55473
0.55381
0.55284
0.55186
0.5509
0.55
0.5492
0.54852
0.548
0.54765
0.54743
0.54742
0.54763
0.54805
0.54869
0.54954
0.55057
0.55176
0.55308
0.55449
0.55588
0.5573
0.55871
0.5601
0.56141
0.56264
0.56374
0.5647
0.5655
0.56613
0.56647
0.56664
0.56665
0.56651
0.56626
0.56592
0.56552
0.5651
0.5647
0.56437
0.5639
0.56359
0.56351
0.56368
0.56418
0.56501
0.56622
0.5678
0.56975
0.57206
0.57485
0.57791
0.58115
0.5845
0.58786
0.59114
0.59425
0.59711
0.59962
0.60172
0.60295
0.60369
0.60396
0.60377
0.60315
0.60213
0.60078
0.59914
0.59727
0.59524
0.59321
0.59113
0.58903
0.58697
0.58497
0.58306
0.58128
0.57963
0.57813
0.57678
0.57532
0.57403
0.57293
0.57204
0.57134
0.57083
0.57051
0.57035
0.57032
0.5704
0.57069
0.57099
0.57126
0.57145
0.57149
0.57136
0.57101
0.57041
0.56955
0.56843
0.5666
0.56457
0.56243
0.56025
0.55812
0.55613
0.55438
0.55293
0.55187
0.55125
0.55139
0.55202
0.55314
0.55473
0.55673
0.55911
0.56179
0.56471
0.5678
0.57096
0.5738
0.57661
0.57934
0.58195
0.58441
0.5867
0.58879
0.59067
0.59231
0.59372
0.59485
0.59574
0.59638
0.59679
0.59697
0.59694
0.5967
0.59625
0.59562
0.5948
0.59371
0.59245
0.59105
0.58951
0.58785
0.58607
0.58417
0.58216
0.58005
0.57782
0.57541
0.5729
0.57028
0.56757
0.56477
0.56189
0.55893
0.55592
0.55285
0.54975
0.54646
0.54319
0.53997
0.53685
0.53385
0.53102
0.5284
0.526
0.52387
0.52202
0.52044
0.51918
0.51824
0.51762
0.51731
0.51732
0.51762
0.51818
0.51898
0.51999
0.52097
0.52211
0.52337
0.52473
0.52617
0.52765
0.52914
0.53061
0.53203
0.53336
0.53466
0.53581
0.53676
0.53748
0.53794
0.53813
0.53802
0.53762
0.53694
0.536
0.53436
0.53256
0.53069
0.52884
0.5271
0.52557
0.52431
0.5234
0.52289
0.52282
0.52354
0.5247
0.52623
0.5281
0.53021
0.53249
0.53484
0.53716
0.53937
0.54137
0.54267
0.54366
0.5443
0.54458
0.54451
0.54409
0.54336
0.54234
0.54108
0.53961
0.53796
0.53622
0.53444
0.53269
0.53101
0.52946
0.52806
0.52687
0.52589
0.52514
0.52467
0.52443
0.52439
0.52452
0.52479
0.52517
0.5256
0.52604
0.52644
0.52676
0.52672
0.52654
0.52623
0.52579
0.52521
0.52451
0.52371
0.52283
0.52189
0.52092
0.51991
0.51893
0.518
0.51716
0.51643
0.51583
0.51539
0.51511
0.51501
0.51509
0.51525
0.51559
0.5161
0.51676
0.51755
0.51846
0.51945
0.52049
0.52155
0.52258
0.52349
0.52431
0.525
0.52552
0.52584
0.52595
0.52581
0.52541
0.52474
0.52379
0.52232
0.5206
0.51867
0.51657
0.51434
0.51202
0.50965
0.50726
0.5049
0.50257
0.50054
0.49856
0.49663
0.49473
0.49283
0.49092
0.48898
0.48698
0.48492
0.48279
0.48008
0.47735
0.47466
0.47205
0.4696
0.46736
0.46537
0.46369
0.46234
0.46134
0.46104
0.46105
0.46134
0.46182
0.46244
0.4631
0.46372
0.46423
0.46453
0.46455
0.46388
0.46285
0.46144
0.45966
0.45752
0.45504
0.45226
0.44921
0.44595
0.44253
0.43893
0.43528
0.43164
0.42808
0.42463
0.42135
0.41827
0.41542
0.41282
0.41046
0.40853
0.40682
0.40528
0.40386
0.40251
0.40118
0.39981
0.39837
0.39681
0.39509
0.39271
0.3902
0.3876
0.38496
0.38235
0.37982
0.37744
0.37527
0.37335
0.37173
0.37074
0.37007
0.36969
0.36956
0.36965
0.36989
0.37022
0.37059
0.37092
0.37114
0.37093
0.37052
0.36989
0.36904
0.36794
0.36659
0.36501
0.3632
0.36119
0.35899
0.35659
0.35407
0.35147
0.34882
0.34617
0.34356
0.34103
0.33859
0.3363
0.33416
0.33222
0.33046
0.32891
0.32755
0.32638
0.32539
0.32457
0.3239
0.32335
0.32292
0.3224
0.32196
0.32159
0.32128
0.32104
0.32085
0.32071
0.3206
0.32051
0.32043
0.32037
0.32029
0.32018
0.32002
0.31979
0.31948
0.31908
0.31856
0.31791
0.31712
0.31611
0.31496
0.31366
0.31222
0.31066
0.30898
0.3072
0.30534
0.30342
0.30145
0.29937
0.2973
0.29529
0.29335
0.29152
0.28984
0.28832
0.28698
0.28585
0.28493
0.28423
0.28375
0.28348
0.2834
0.28351
0.28379
0.2842
0.28473
0.28535
0.28603
0.28665
0.28727
0.2879
0.28851
0.2891
0.28965
0.29015
0.29059
0.29098
0.2913
0.2915
0.29164
0.29173
0.29176
0.29176
0.29172
0.29165
0.29156
0.29144
0.2913
0.29114
0.29095
0.29074
0.2905
0.29022
0.28991
0.28955
0.28913
0.28865
0.2881
0.2874
0.28662
0.28579
0.28489
0.28395
0.28296
0.28195
0.28092
0.27987
0.27883
0.27774
0.27668
0.27566
0.27469
0.27379
0.27297
0.27223
0.27158
0.27101
0.27053
0.27012
0.26979
0.26951
0.26928
0.26908
0.2689
0.26872
0.26851
0.26828
0.268
0.26757
0.26709
0.26654
0.26594
0.2653
0.26461
0.26388
0.26314
0.26238
0.26163
0.26083
0.26007
0.25934
0.25868
0.25808
0.25756
0.25713
0.25678
0.25652
0.25635
0.25625
0.25621
0.25623
0.25628
0.25635
0.25643
0.25648
0.2565
0.25646
0.25635
0.25604
0.25565
0.25517
0.2546
0.25394
0.25321
0.25242
0.25157
0.25067
0.24974
0.24879
0.24783
0.24689
0.24596
0.24506
0.24421
0.2434
0.24266
0.24198
0.24136
0.24073
0.24018
0.23972
0.23935
0.23906
0.23887
0.23876
0.23873
0.23877
0.23887
0.23902
0.2392
0.23937
0.23953
0.23964
0.23968
0.23964
0.2395
0.23925
0.23887
0.23823
0.23747
0.2366
0.23565
0.23462
0.23356
0.23247
0.23138
0.23031
0.2293
0.22839
0.22757
0.22683
0.2262
0.22567
0.22525
0.22494
0.22472
0.22461
0.22459
0.22451
0.22452
0.22462
0.22479
0.22504
0.22537
0.22576
0.2262
0.22669
0.22722
0.22782
0.22842
0.22899
0.2295
0.22994
0.23029
0.23052
0.23062
0.23059
0.23041
0.22991
0.22928
0.22856
0.22777
0.22695
0.22613
0.22535
0.22462
0.22398
0.22345
0.22315
0.22298
0.22294
0.22303
0.22322
0.22351
0.22386
0.22427
0.22471
0.22515
0.22546
0.22574
0.22599
0.2262
0.22636
0.22649
0.22657
0.22662
0.22664
0.22664
0.22657
0.2265
0.22645
0.22643
0.22647
0.22658
0.22676
0.22701
0.22735
0.22777
0.22831
0.22891
0.22955
0.2302
0.23085
0.23146
0.23201
0.23247
0.23282
0.23304
0.23297
0.23274
0.23237
0.23185
0.23121
0.23046
0.22961
0.22868
0.22769
0.22667
0.22566
0.22465
0.22366
0.2227
0.22178
0.22091
0.22011
0.21938
0.21874
0.21819
0.21764
0.2172
0.21689
0.21671
0.21668
0.21681
0.2171
0.21754
0.21814
0.2189
0.21976
0.22075
0.22186
0.22307
0.22436
0.22571
0.2271
0.22851
0.22991
0.23127
0.23258
0.23381
0.23494
0.23594
0.2368
0.23752
0.23808
0.23849
0.23875
0.23887
0.23868
0.23842
0.23812
0.23783
0.23761
0.23749
0.23752
0.23774
0.23818
0.23887
0.23997
0.24134
0.24295
0.24478
0.24682
0.24902
0.25134
0.25375
0.2562
0.25865
0.26083
0.26295
0.26501
0.26699
0.2689
0.27072
0.27246
0.27411
0.27567
0.27715
0.27863
0.28002
0.28129
0.28244
0.28345
0.28433
0.28505
0.28561
0.28601
0.28623
0.28619
0.28599
0.28567
0.28523
0.2847
0.28412
0.2835
0.28288
0.28228
0.28174
0.28116
0.28069
0.28036
0.2802
0.28022
0.28044
0.28087
0.28151
0.28236
0.2834
0.28472
0.28618
0.28774
0.28934
0.29096
0.29254
0.29403
0.29541
0.29663
0.29768
0.29828
0.2987
0.29897
0.29911
0.29916
0.29917
0.29918
0.29923
0.29937
0.29964
0.30017
0.30088
0.3018
0.30292
0.30426
0.3058
0.30754
0.30944
0.31148
0.31364
0.31574
0.31789
0.32006
0.32222
0.32432
0.32634
0.32824
0.33
0.33157
0.33292
0.33408
0.33497
0.33557
0.33587
0.33586
0.33553
0.3349
0.33397
0.33277
0.33132
0.32944
0.32742
0.32531
0.32318
0.3211
0.31913
0.31734
0.31577
0.31448
0.31349
0.31291
0.31267
0.31274
0.3131
0.31373
0.31456
0.31556
0.31665
0.31778
0.31888
0.31986
0.32069
0.32129
0.32162
0.32163
0.32129
0.32058
0.31948
0.318
0.31616
0.31363
0.31085
0.30788
0.30483
0.30179
0.29884
0.29609
0.2936
0.29145
0.28969
0.28872
0.28817
0.28801
0.28819
0.28866
0.28935
0.29019
0.2911
0.29202
0.29286
0.29316
0.2933
0.29328
0.2931
0.29276
0.29229
0.29171
0.29106
0.29036
0.28966
0.28909
0.28858
0.28817
0.28788
0.28772
0.28773
0.28791
0.28826
0.28881
0.28953
0.29035
0.29134
0.2925
0.2938
0.29523
0.29678
0.29841
0.3001
0.30181
0.30353
0.30518
0.30678
0.30829
0.3097
0.31099
0.31214
0.31315
0.31399
0.31466
0.31518
0.31537
0.31542
0.31536
0.31521
0.31501
0.31478
0.31455
0.31433
0.31416
0.31404
0.31407
0.31416
0.31431
0.31449
0.31471
0.31493
0.31513
0.3153
0.31541
0.31545
0.31526
0.31498
0.31461
0.31415
0.31362
0.31303
0.3124
0.31175
0.31112
0.31052
0.30987
0.30932
0.30893
0.30872
0.30874
0.30901
0.30955
0.31039
0.31152
0.31295
0.31476
0.31682
0.3191
0.32155
0.32413
0.32677
0.32943
0.33205
0.33457
0.33694
0.33894
0.34072
0.34226
0.34355
0.34459
0.34538
0.34594
0.34627
0.34641
0.34637
0.3461
0.34574
0.34531
0.34487
0.34445
0.34408
0.34381
0.34365
0.34362
0.34374
0.34408
0.34456
0.34516
0.34584
0.34659
0.34737
0.34814
0.34888
0.34954
0.35011
0.35033
0.35043
0.35042
0.3503
0.35011
0.34985
0.34956
0.34926
0.34898
0.34876
0.34861
0.34857
0.34866
0.3489
0.34931
0.34989
0.35065
0.35159
0.35272
0.35401
0.3554
0.35694
0.3586
0.36036
0.36219
0.36407
0.36598
0.36787
0.36973
0.37152
0.37311
0.3746
0.37597
0.37722
0.37833
0.37931
0.38017
0.38089
0.3815
0.38199
0.38235
0.38262
0.38284
0.38302
0.38319
0.38336
0.38356
0.38381
0.38413
0.38452
0.38488
0.38536
0.38596
0.3867
0.38759
0.38862
0.38981
0.39113
0.39257
0.39411
0.39576
0.39746
0.39917
0.40085
0.40246
0.40397
0.40535
0.40656
0.40758
0.4084
0.40877
0.40895
0.40895
0.4088
0.40855
0.40822
0.40787
0.40753
0.40724
0.40704
0.407
0.40711
0.40741
0.4079
0.4086
0.40951
0.41063
0.41195
0.41346
0.41514
0.41686
0.41871
0.42067
0.42271
0.4248
0.42693
0.42906
0.43117
0.43323
0.43523
0.43704
0.43876
0.44039
0.44192
0.44335
0.44471
0.44598
0.44719
0.44834
0.44944
0.4504
0.45136
0.45233
0.45334
0.4544
0.45553
0.45675
0.45805
0.45943
0.46089
0.46245
0.46407
0.46572
0.46737
0.46901
0.47061
0.47213
0.47356
0.47487
0.47604
0.47684
0.47751
0.47804
0.47847
0.47881
0.4791
0.47936
0.47963
0.47992
0.48028
0.48068
0.48119
0.48184
0.48264
0.4836
0.48474
0.48605
0.48753
0.48916
0.49094
0.49283
0.49481
0.49687
0.49897
0.50109
0.50319
0.50524
0.50722
0.5091
0.51086
0.51223
0.51348
0.51463
0.51571
0.51673
0.51772
0.5187
0.5197
0.52074
0.52182
0.52305
0.52433
0.52565
0.52699
0.52833
0.52966
0.53093
0.53213
0.53324
0.53422
0.53485
0.53534
0.5357
0.53592
0.53602
0.53603
0.53595
0.5358
0.53563
0.53544
0.53514
0.5349
0.53474
0.5347
0.5348
0.53508
0.53554
0.53621
0.53708
0.53815
0.53946
0.54093
0.54256
0.5443
0.54613
0.548
0.54988
0.55172
0.55349
0.55515
0.55637
0.55746
0.55842
0.55926
0.55999
0.56064
0.56121
0.56173
0.5622
0.56264
0.56321
0.56376
0.56426
0.56471
0.56509
0.56539
0.5656
0.56571
0.56571
0.56561
0.56496
0.56426
0.56356
0.56291
0.56238
0.56202
0.56186
0.56196
0.56232
0.56299
0.56429
0.56585
0.56762
0.56954
0.57156
0.5736
0.57561
0.57752
0.57927
0.58083
0.58155
0.58208
0.58246
0.58275
0.58301
0.5833
0.58369
0.58424
0.58499
0.586
0.58765
0.58957
0.59173
0.5941
0.59662
0.59923
0.60187
0.60448
0.60699
0.60933
0.61102
0.61248
0.61369
0.61464
0.61536
0.61585
0.61612
0.6162
0.61611
0.61588
0.61553
0.61508
0.61456
0.61399
0.61337
0.61273
0.61208
0.61141
0.61074
0.61005
0.60926
0.60845
0.60762
0.60675
0.60585
0.6049
0.6039
0.60285
0.60173
0.60055
0.59914
0.59768
0.59622
0.59479
0.5934
0.59211
0.59093
0.58991
0.58906
0.58843
0.58798
0.58778
0.58787
0.58826
0.58896
0.58997
0.5913
0.59294
0.59487
0.59706
0.59935
0.60187
0.60458
0.60746
0.61048
0.61359
0.61676
0.61994
0.62308
0.62614
0.62903
0.63175
0.63425
0.63651
0.63847
0.64013
0.64145
0.64242
0.64303
0.64328
0.64294
0.64229
0.64136
0.64022
0.6389
0.63747
0.63599
0.63449
0.63303
0.63166
0.63035
0.6292
0.62822
0.62744
0.62686
0.62649
0.62631
0.6263
0.62644
0.62671
0.62708
0.6275
0.62793
0.62831
0.62862
0.62882
0.62889
0.62881
0.62857
0.62819
0.62717
0.62609
0.62503
0.62408
0.62331
0.62282
0.62268
0.62296
0.62371
0.62496
0.62709
0.6297
0.63275
0.63618
0.63989
0.6438
0.6478
0.65179
0.65566
0.65931
0.6622
0.66473
0.66688
0.66861
0.66993
0.67083
0.67133
0.67146
0.67125
0.67074
0.6699
0.66886
0.66768
0.66642
0.66514
0.66389
0.66272
0.66167
0.66077
0.66005
0.65964
0.65941
0.65937
0.65951
0.65978
0.66018
0.66067
0.66124
0.66184
0.66247
0.66257
0.66271
0.66294
0.6633
0.66384
0.66459
0.66559
0.66686
0.66842
0.67027
0.67278
0.67552
0.67839
0.68134
0.68426
0.68708
0.68969
0.69203
0.69402
0.69559
0.69608
0.69614
0.69579
0.69509
0.69411
0.69292
0.69158
0.69018
0.68879
0.68748
0.6866
0.68589
0.68535
0.68499
0.6848
0.68477
0.68488
0.6851
0.68541
0.68578
0.68563
0.68554
0.68551
0.68557
0.68573
0.68601
0.68642
0.68696
0.68763
0.6884
0.68964
0.69091
0.69215
0.69329
0.69426
0.695
0.69545
0.69557
0.69532
0.6947
0.69299
0.69099
0.68879
0.6865
0.68424
0.68212
0.68025
0.67874
0.67767
0.67712
0.67758
0.6786
0.68014
0.68215
0.68454
0.68723
0.69013
0.69311
0.69607
0.6989
0.70103
0.70286
0.70435
0.70547
0.7062
0.70652
0.70644
0.70595
0.70508
0.70386
0.70224
0.70034
0.6982
0.69587
0.69339
0.69081
0.68817
0.68551
0.68286
0.68025
0.67765
0.67512
0.67266
0.67027
0.66794
0.66566
0.66341
0.66118
0.65893
0.65664
0.65417
0.65163
0.64903
0.64636
0.64363
0.64085
0.63805
0.63523
0.63243
0.62968
0.62673
0.62392
0.62134
0.61906
0.61713
0.61561
0.61456
0.614
0.61396
0.61446
0.61569
0.61741
0.61956
0.62208
0.62489
0.62792
0.63106
0.63424
0.63737
0.64036
0.64268
0.64476
0.64659
0.64816
0.64946
0.65052
0.65133
0.65193
0.65232
0.65252
0.65269
0.6527
0.65255
0.65226
0.65182
0.65123
0.65049
0.64959
0.64855
0.64736
0.6458
0.64412
0.64235
0.64051
0.63865
0.63678
0.63495
0.63317
0.63147
0.62989
0.62822
0.62673
0.62542
0.62433
0.62348
0.62287
0.6225
0.62236
0.62242
0.62268
0.62329
0.62399
0.62471
0.62538
0.62593
0.62629
0.62642
0.62627
0.6258
0.625
0.6232
0.62114
0.61891
0.6166
0.61433
0.6122
0.61029
0.60871
0.60752
0.60679
0.6071
0.60788
0.60906
0.61059
0.61237
0.61431
0.61631
0.61828
0.62011
0.62171
0.6223
0.62258
0.62256
0.62228
0.62178
0.62109
0.62027
0.61937
0.61845
0.61756
0.61705
0.61663
0.6163
0.61606
0.6159
0.61582
0.61579
0.61579
0.61579
0.61579
0.61543
0.61505
0.61466
0.6143
0.61397
0.6137
0.61351
0.61341
0.61343
0.61358
0.61384
0.61424
0.61481
0.61553
0.61641
0.61743
0.61859
0.61986
0.62122
0.62264
0.62403
0.62542
0.6268
0.62812
0.62936
0.63049
0.63148
0.6323
0.63293
0.63335
0.63331
0.63305
0.63257
0.63189
0.63101
0.62995
0.62873
0.62735
0.62583
0.62417
0.62239
0.62049
0.61845
0.61628
0.61397
0.61152
0.6089
0.60613
0.60318
0.60006
0.59657
0.59292
0.58913
0.58522
0.58121
0.57714
0.57303
0.56892
0.56485
0.56085
0.55695
0.55319
0.54961
0.54625
0.54315
0.54033
0.53784
0.53568
0.5339
0.53251
0.53119
0.53033
0.52994
0.53005
0.53067
0.53181
0.53345
0.53557
0.53812
0.54104
0.54456
0.54828
0.55206
0.55578
0.55931
0.56252
0.56529
0.56751
0.56909
0.56996
0.56953
0.56835
0.56645
0.5639
0.56077
0.55715
0.55315
0.54887
0.54443
0.53993
0.53553
0.53126
0.52722
0.52347
0.52005
0.51701
0.51435
0.51207
0.51015
0.50855
0.50746
0.50655
0.50573
0.5049
0.50397
0.50283
0.50141
0.49964
0.49746
0.49484
0.49102
0.48684
0.48239
0.4778
0.4732
0.46871
0.46447
0.46061
0.45723
0.45443
0.4528
0.45182
0.45146
0.45168
0.4524
0.45352
0.45495
0.45655
0.45821
0.45978
0.46092
0.46175
0.46217
0.46212
0.46152
0.46034
0.45855
0.45615
0.45316
0.44962
0.4451
0.44023
0.43513
0.42997
0.42489
0.42003
0.41554
0.41155
0.40815
0.40542
0.40404
0.40336
0.40331
0.40381
0.40477
0.40605
0.40753
0.40908
0.41057
0.41187
0.41216
0.41214
0.41178
0.4111
0.41011
0.40886
0.40737
0.40572
0.40396
0.40214
0.40058
0.39906
0.39761
0.39624
0.39498
0.39383
0.3928
0.39189
0.39107
0.39035
0.38965
0.389
0.38839
0.3878
0.3872
0.38657
0.38591
0.38519
0.3844
0.38355
0.38222
0.38087
0.37953
0.37827
0.37712
0.37612
0.37531
0.37471
0.37433
0.37417
0.3747
0.37538
0.3761
0.3768
0.37737
0.37772
0.37778
0.37747
0.37673
0.37551
0.37308
0.37022
0.36701
0.36354
0.35993
0.35629
0.35274
0.34939
0.34636
0.34374
0.34211
0.34099
0.34039
0.34027
0.34061
0.34136
0.34246
0.34384
0.34543
0.34714
0.34844
0.34977
0.35109
0.35238
0.35364
0.35483
0.35595
0.357
0.35795
0.3588
0.35975
0.36057
0.36123
0.36171
0.36199
0.36205
0.36187
0.36145
0.36078
0.35986
0.35841
0.35675
0.35494
0.35302
0.35103
0.34904
0.34708
0.34521
0.34345
0.34184
0.34055
0.33944
0.33848
0.33767
0.33699
0.33639
0.33587
0.33537
0.33487
0.33434
0.33352
0.33263
0.33168
0.33068
0.32964
0.32857
0.3275
0.32643
0.32539
0.3244
0.32354
0.32277
0.32209
0.32151
0.32104
0.32068
0.32045
0.32033
0.32033
0.32043
0.32043
0.32055
0.32078
0.32114
0.32163
0.32224
0.32295
0.32375
0.32463
0.32554
0.32667
0.32774
0.32871
0.32949
0.33005
0.33032
0.33026
0.32983
0.32902
0.32782
0.32577
0.3234
0.32078
0.31799
0.31513
0.31229
0.30956
0.30704
0.30482
0.30296
0.30183
0.30114
0.30089
0.30106
0.30163
0.30255
0.30378
0.30524
0.30689
0.30864
0.31017
0.3117
0.31319
0.31462
0.31595
0.31715
0.31821
0.31912
0.31986
0.32043
0.32082
0.32104
0.32111
0.32104
0.32084
0.32054
0.32014
0.31967
0.31914
0.31855
0.31793
0.31727
0.31659
0.3159
0.31518
0.31444
0.31368
0.31289
0.31206
0.3112
0.31017
0.3091
0.30799
0.30685
0.30567
0.30447
0.30325
0.30202
0.30079
0.29956
0.29835
0.29716
0.296
0.29488
0.29381
0.29281
0.29187
0.29102
0.29026
0.28961
0.2889
0.28833
0.28793
0.2877
0.28767
0.28784
0.28823
0.28883
0.28963
0.29062
0.29186
0.29324
0.29469
0.29619
0.29766
0.29906
0.30034
0.30145
0.30233
0.30296
0.30317
0.30308
0.30267
0.30194
0.30091
0.2996
0.29804
0.29625
0.29429
0.2922
0.28978
0.28736
0.28501
0.28281
0.28081
0.27908
0.27766
0.27658
0.27586
0.2755
0.27591
0.2766
0.27748
0.27845
0.27943
0.28031
0.281
0.28141
0.28149
0.28117
0.27969
0.27783
0.27566
0.27326
0.27075
0.26821
0.26576
0.26349
0.26151
0.2599
0.25932
0.25917
0.25943
0.26005
0.26099
0.26219
0.26356
0.26504
0.26654
0.268
0.26878
0.26944
0.26997
0.27039
0.2707
0.27094
0.27112
0.27127
0.27141
0.27157
0.2721
0.27266
0.27323
0.27379
0.27433
0.27481
0.27523
0.27556
0.2758
0.27593
0.27555
0.2751
0.27464
0.27421
0.27387
0.27365
0.2736
0.27376
0.27417
0.27482
0.27606
0.27753
0.27919
0.28099
0.28287
0.28476
0.28662
0.28836
0.28994
0.2913
0.29202
0.29247
0.29268
0.29266
0.29244
0.29206
0.29154
0.29094
0.29028
0.28962
0.28911
0.28865
0.28824
0.28791
0.28764
0.28745
0.28732
0.28724
0.2872
0.28717
0.28717
0.28715
0.28709
0.28697
0.28676
0.28648
0.2861
0.28563
0.28509
0.28448
0.28339
0.28234
0.28141
0.28068
0.28023
0.28011
0.2804
0.28114
0.28235
0.28406
0.28684
0.29003
0.29352
0.29719
0.30094
0.30464
0.30817
0.31142
0.31429
0.31671
0.31777
0.31837
0.31854
0.31837
0.31795
0.31738
0.31677
0.31621
0.3158
0.31563
0.31643
0.31752
0.3189
0.32052
0.32234
0.32429
0.32631
0.32833
0.33028
0.33209
0.33308
0.33388
0.33453
0.33503
0.33543
0.33576
0.33606
0.33638
0.33675
0.3372
0.33814
0.33918
0.34029
0.34145
0.34264
0.34381
0.34494
0.34599
0.34695
0.34779
0.34807
0.34826
0.34838
0.34848
0.34862
0.34883
0.34916
0.34966
0.35035
0.35126
0.35264
0.35425
0.35605
0.35802
0.36011
0.36228
0.36447
0.36662
0.36868
0.3706
0.37208
0.37335
0.37438
0.37518
0.37572
0.37601
0.37607
0.37591
0.37553
0.37497
0.37424
0.37339
0.37242
0.37139
0.37032
0.36924
0.36818
0.36716
0.3662
0.36533
0.36452
0.36383
0.36326
0.36283
0.36254
0.36238
0.36235
0.36243
0.36263
0.36292
0.36319
0.36352
0.36391
0.36434
0.3648
0.36527
0.36574
0.36621
0.36664
0.36704
0.36729
0.36748
0.36762
0.3677
0.36773
0.3677
0.36762
0.36748
0.36729
0.36704
0.36681
0.36652
0.36615
0.3657
0.36517
0.36456
0.36388
0.36312
0.3623
0.36145
0.36027
0.35913
0.35809
0.35721
0.35655
0.35616
0.35609
0.35637
0.35705
0.35813
0.35981
0.36187
0.36427
0.36697
0.3699
0.37299
0.37618
0.37937
0.3825
0.38549
0.38804
0.39034
0.39234
0.39402
0.39536
0.39635
0.39699
0.39728
0.39724
0.39689
0.39613
0.39513
0.39394
0.39262
0.39122
0.38978
0.38835
0.38698
0.38569
0.38452
0.38371
0.38303
0.38245
0.38196
0.38154
0.38115
0.38078
0.38041
0.38003
0.37962
0.37866
0.37774
0.37692
0.37627
0.37586
0.37576
0.37603
0.37673
0.37789
0.37955
0.38209
0.38509
0.38851
0.39227
0.3963
0.40051
0.4048
0.40907
0.41323
0.41718
0.42048
0.42344
0.42604
0.42825
0.43006
0.43148
0.43251
0.43317
0.4335
0.43353
0.43326
0.43277
0.43213
0.43138
0.43056
0.42973
0.42893
0.42819
0.42754
0.427
0.42672
0.42656
0.42651
0.42656
0.42669
0.42688
0.42709
0.42732
0.42754
0.42773
0.42744
0.42716
0.42692
0.42678
0.42678
0.42696
0.42736
0.42801
0.42894
0.43015
0.43205
0.43419
0.43651
0.43897
0.44149
0.44399
0.44641
0.44868
0.45075
0.45255
0.45347
0.45412
0.45454
0.45478
0.4549
0.45495
0.45501
0.45512
0.45533
0.45569
0.45669
0.45786
0.45916
0.46055
0.46199
0.46343
0.46482
0.4661
0.46725
0.46821
0.46831
0.46825
0.46808
0.46786
0.46765
0.46751
0.46751
0.4677
0.46813
0.46882
0.47029
0.47202
0.47395
0.47602
0.47817
0.48033
0.48243
0.4844
0.48617
0.48769
0.48832
0.48868
0.48883
0.48882
0.48869
0.48853
0.48839
0.48834
0.48845
0.48877
0.48966
0.49081
0.49221
0.49385
0.4957
0.49772
0.49987
0.50211
0.50437
0.50662
0.50845
0.5102
0.51185
0.5134
0.51484
0.51617
0.51738
0.51849
0.51949
0.52038
0.5212
0.52192
0.52254
0.52307
0.52351
0.52385
0.52411
0.52428
0.52436
0.52435
0.52421
0.524
0.52371
0.52336
0.52296
0.52251
0.52203
0.52155
0.52108
0.52063
0.51989
0.51925
0.51877
0.51849
0.51847
0.51873
0.5193
0.5202
0.52142
0.52294
0.52508
0.52742
0.52988
0.53236
0.53478
0.53702
0.53901
0.54065
0.54187
0.5426
0.5423
0.5415
0.54024
0.53859
0.53662
0.53441
0.53206
0.52966
0.5273
0.5251
0.52321
0.52162
0.52038
0.51955
0.51914
0.51917
0.51964
0.52052
0.52177
0.52335
0.52527
0.52737
0.52956
0.53176
0.53387
0.5358
0.53746
0.53878
0.53969
0.54016
0.53962
0.53864
0.53726
0.53555
0.53357
0.53141
0.52915
0.52689
0.52469
0.52264
0.52114
0.51987
0.51884
0.51804
0.51747
0.51708
0.51687
0.51677
0.51677
0.51681
0.51644
0.51608
0.51574
0.51541
0.51511
0.51485
0.51463
0.51448
0.5144
0.5144
0.51458
0.51483
0.51516
0.51555
0.516
0.51648
0.51699
0.51751
0.51802
0.51852
0.51876
0.51899
0.51921
0.51945
0.51971
0.52002
0.52038
0.52081
0.52131
0.52188
0.52258
0.52336
0.52418
0.52505
0.52595
0.52685
0.52774
0.5286
0.52942
0.53017
0.53056
0.5309
0.5312
0.53148
0.53178
0.5321
0.53246
0.53288
0.53337
0.53393
0.53463
0.53538
0.53617
0.53696
0.53772
0.53843
0.53905
0.53954
0.53988
0.54004
0.53982
0.5394
0.53877
0.53796
0.53697
0.53583
0.53457
0.53322
0.53183
0.53043
0.5289
0.52746
0.52618
0.52511
0.52429
0.52378
0.52361
0.52381
0.52439
0.52537
0.52675
0.5285
0.53059
0.53298
0.53561
0.53843
0.54139
0.5444
0.5474
0.55032
0.55303
0.55553
0.55779
0.55975
0.56139
0.56267
0.56359
0.56414
0.56433
0.56419
0.56332
0.56221
0.56096
0.55965
0.55836
0.55718
0.55616
0.55538
0.55488
0.55467
0.55523
0.55605
0.55704
0.55814
0.55924
0.56026
0.56109
0.56165
0.56185
0.56162
0.56027
0.55848
0.55629
0.55376
0.55097
0.54801
0.54499
0.542
0.53916
0.53655
0.53442
0.5327
0.53144
0.53069
0.53048
0.53082
0.5317
0.53309
0.53497
0.53726
0.53993
0.54286
0.54599
0.5492
0.5524
0.5555
0.5584
0.56102
0.56328
0.56513
0.56619
0.5668
0.56697
0.56672
0.56612
0.56521
0.56407
0.56276
0.56138
0.56
0.55858
0.55732
0.5563
0.55559
0.55524
0.55528
0.55574
0.55663
0.55791
0.55957
0.56183
0.56432
0.56693
0.56956
0.57209
0.5744
0.57639
0.57797
0.57906
0.57959
0.57883
0.57753
0.57577
0.57363
0.57122
0.56865
0.56606
0.56356
0.56127
0.5593
0.55814
0.55743
0.55722
0.55751
0.55829
0.55953
0.5612
0.56325
0.5656
0.56819
0.57063
0.57319
0.57581
0.57844
0.58104
0.58356
0.58596
0.58821
0.59028
0.59215
0.59367
0.59498
0.5961
0.59702
0.59779
0.59842
0.59893
0.59936
0.59974
0.60009
0.60034
0.60062
0.60094
0.60133
0.6018
0.60237
0.60302
0.60376
0.60457
0.60544
0.60639
0.60735
0.60829
0.60918
0.60998
0.61067
0.61122
0.61163
0.61187
0.61195
0.61137
0.6107
0.61002
0.60939
0.6089
0.60862
0.60861
0.60892
0.60961
0.61069
0.6126
0.61487
0.61744
0.62024
0.62317
0.62617
0.62912
0.63195
0.63456
0.6369
0.63834
0.63945
0.64024
0.64075
0.64101
0.64109
0.64105
0.64096
0.64087
0.64087
0.64097
0.64126
0.6418
0.64263
0.64376
0.64521
0.64696
0.64899
0.65126
0.65372
0.6565
0.65931
0.66201
0.66452
0.66671
0.66849
0.66975
0.67042
0.67045
0.66978
0.66778
0.66515
0.66198
0.65838
0.65448
0.65042
0.64635
0.64242
0.63876
0.63551
0.63302
0.63114
0.62992
0.6294
0.62959
0.6305
0.63208
0.63429
0.63706
0.64031
0.64384
0.64765
0.65164
0.65569
0.65971
0.66358
0.66721
0.67051
0.6734
0.67582
0.67731
0.6783
0.67882
0.67891
0.67862
0.67803
0.67719
0.67619
0.67508
0.67394
0.67301
0.67215
0.67136
0.67067
0.67008
0.66959
0.66918
0.66883
0.66852
0.66822
0.66766
0.66708
0.66645
0.66578
0.66506
0.66428
0.66346
0.66259
0.66168
0.66076
0.65963
0.65855
0.65754
0.65665
0.65592
0.6554
0.65511
0.65509
0.65535
0.65592
0.65673
0.65784
0.65926
0.66096
0.66291
0.66508
0.66742
0.66986
0.67236
0.67483
0.67732
0.67964
0.68171
0.68346
0.68481
0.68573
0.68615
0.68605
0.68543
0.68429
0.682
0.67931
0.67633
0.67319
0.67001
0.66692
0.66404
0.66146
0.65929
0.65759
0.657
0.6569
0.65722
0.65788
0.65879
0.65985
0.66094
0.66194
0.66274
0.66325
0.66251
0.66139
0.65991
0.6581
0.65601
0.65369
0.6512
0.64861
0.64596
0.64332
0.6413
0.63931
0.63734
0.63536
0.63333
0.63122
0.62901
0.62665
0.62414
0.62145
0.61786
0.61418
0.61049
0.60687
0.60343
0.60026
0.59744
0.59505
0.59316
0.59183
0.59143
0.59159
0.59228
0.59343
0.59497
0.59682
0.59888
0.60106
0.60326
0.60537
0.60698
0.60836
0.60947
0.61027
0.61074
0.61088
0.61068
0.61017
0.60937
0.60834
0.6068
0.60514
0.60346
0.60183
0.60033
0.59906
0.59806
0.59739
0.59708
0.59715
0.59801
0.5992
0.60065
0.60226
0.60395
0.60562
0.60717
0.60851
0.60956
0.61023
0.60975
0.60888
0.60767
0.60619
0.6045
0.60269
0.60085
0.59906
0.5974
0.59596
0.59521
0.59475
0.59456
0.59464
0.59495
0.59545
0.5961
0.59684
0.59762
0.59838
0.59853
0.59859
0.59857
0.59845
0.59824
0.59795
0.59758
0.59712
0.59658
0.59596
0.59561
0.59514
0.59449
0.59364
0.59253
0.59115
0.58947
0.58748
0.58519
0.58262
0.57898
0.5752
0.57141
0.56774
0.56432
0.56127
0.5587
0.5567
0.55535
0.55468
0.55552
0.55697
0.55891
0.56121
0.56372
0.56627
0.56871
0.57087
0.57262
0.57384
0.57339
0.57233
0.57071
0.5686
0.56609
0.56329
0.56032
0.55731
0.55436
0.55161
0.54977
0.54824
0.54705
0.54617
0.5456
0.54531
0.54524
0.54535
0.54558
0.54588
0.54559
0.5453
0.54503
0.54476
0.5445
0.54427
0.54405
0.54386
0.54369
0.54353
0.54361
0.54366
0.54362
0.54345
0.54311
0.54256
0.54174
0.54064
0.53921
0.53745
0.53497
0.53218
0.52913
0.52587
0.52247
0.51899
0.51551
0.51208
0.50877
0.50565
0.50287
0.50037
0.49816
0.49627
0.49469
0.49343
0.49248
0.49181
0.49141
0.49125
0.49114
0.49122
0.49144
0.4918
0.49227
0.4928
0.49339
0.49401
0.49462
0.49522
0.49554
0.49583
0.49608
0.4963
0.4965
0.49666
0.4968
0.49689
0.49693
0.4969
0.49702
0.49699
0.49676
0.49629
0.49551
0.49438
0.49286
0.49091
0.48852
0.48566
0.48188
0.4777
0.4732
0.46846
0.46357
0.45863
0.45372
0.44894
0.44438
0.44011
0.43638
0.43303
0.43009
0.42756
0.42543
0.42367
0.42224
0.42111
0.42021
0.41948
0.41877
0.41812
0.41745
0.41673
0.41589
0.41489
0.41371
0.41231
0.41068
0.40881
0.40639
0.40379
0.40108
0.39833
0.3956
0.39295
0.39047
0.38821
0.38621
0.38452
0.38343
0.38267
0.3822
0.38198
0.38197
0.38211
0.38233
0.38255
0.38272
0.38275
0.38233
0.38168
0.38079
0.37963
0.3782
0.37652
0.37458
0.37242
0.37007
0.36757
0.36483
0.36204
0.35928
0.3566
0.35407
0.35175
0.3497
0.34795
0.34653
0.34549
0.34496
0.34479
0.34496
0.34542
0.34614
0.34705
0.34809
0.34921
0.35035
0.35144
0.35216
0.35275
0.3532
0.35347
0.35357
0.3535
0.35325
0.35284
0.35227
0.35155
0.35071
0.34975
0.34871
0.34759
0.34642
0.34521
0.34398
0.34272
0.34144
0.34016
0.33888
0.33759
0.33627
0.3349
0.33349
0.33201
0.33046
0.32882
0.32709
0.32528
0.32319
0.32104
0.31885
0.31666
0.31448
0.31237
0.31036
0.30847
0.30675
0.30521
0.30385
0.30272
0.30185
0.30125
0.30091
0.30083
0.301
0.30141
0.30201
0.30278
0.30374
0.30478
0.30584
0.30686
0.3078
0.30859
0.30919
0.30957
0.30967
0.30948
0.30872
0.30767
0.30636
0.30482
0.3031
0.30125
0.29933
0.29738
0.29545
0.2936
0.29201
0.29056
0.28928
0.28819
0.28729
0.28658
0.28606
0.28572
0.28553
0.28548
0.28534
0.28531
0.28538
0.28552
0.28573
0.28599
0.28628
0.28659
0.28689
0.28717
0.2875
0.28776
0.28791
0.28793
0.2878
0.28751
0.28703
0.28636
0.28552
0.2845
0.28301
0.28142
0.27977
0.27813
0.27657
0.27513
0.27386
0.27283
0.27205
0.27157
0.27165
0.27202
0.27263
0.27346
0.27444
0.27552
0.27664
0.27774
0.27876
0.27965
0.28007
0.2803
0.28033
0.28017
0.27982
0.27931
0.27866
0.27792
0.2771
0.27626
0.27539
0.27458
0.27385
0.27325
0.27279
0.27251
0.27242
0.27252
0.27281
0.27328
0.27404
0.27492
0.27587
0.27683
0.27776
0.27858
0.27926
0.27973
0.27996
0.2799
0.27923
0.27827
0.27704
0.27557
0.27392
0.27213
0.27024
0.26832
0.26641
0.26457
0.26301
0.26158
0.26032
0.25923
0.25832
0.2576
0.25705
0.25667
0.25644
0.25635
0.2562
0.25615
0.2562
0.25633
0.25653
0.25678
0.25708
0.2574
0.25773
0.25806
0.25843
0.25877
0.25905
0.25927
0.25941
0.25947
0.25943
0.25929
0.25907
0.25877
0.25815
0.25751
0.25687
0.25628
0.25578
0.2554
0.25518
0.25513
0.25528
0.25563
0.25642
0.25737
0.25843
0.25956
0.26071
0.2618
0.26279
0.26363
0.26425
0.26461
0.26435
0.2638
0.26299
0.26195
0.2607
0.25929
0.25775
0.25615
0.25453
0.25293
0.25155
0.25026
0.24909
0.24805
0.24714
0.24638
0.24577
0.24529
0.24494
0.24469
0.24443
0.24426
0.24416
0.24413
0.24415
0.24422
0.24432
0.24444
0.24457
0.24469
0.24476
0.24481
0.24484
0.24485
0.24486
0.24484
0.24482
0.24478
0.24474
0.24469
0.24464
0.24458
0.24454
0.24451
0.24449
0.24449
0.24451
0.24455
0.24461
0.24469
0.2447
0.24473
0.2448
0.2449
0.24504
0.24523
0.24547
0.24574
0.24605
0.24639
0.24677
0.24716
0.24753
0.24789
0.24821
0.24847
0.24866
0.24878
0.24881
0.24875
0.24846
0.24809
0.24766
0.24719
0.24669
0.24619
0.24572
0.2453
0.24495
0.24469
0.24454
0.24453
0.24465
0.24494
0.24539
0.246
0.24677
0.2477
0.24877
0.24996
0.25126
0.25265
0.2541
0.25559
0.2571
0.25859
0.26005
0.26146
0.26279
0.26403
0.26501
0.2659
0.2667
0.26744
0.26813
0.26879
0.26943
0.27007
0.27073
0.27141
0.27221
0.27305
0.27392
0.2748
0.27568
0.27656
0.27741
0.27822
0.27897
0.27965
0.28006
0.28039
0.28065
0.28086
0.28101
0.28113
0.28123
0.28132
0.28141
0.28151
0.28172
0.28195
0.28218
0.28242
0.28267
0.2829
0.28313
0.28334
0.28354
0.28372
0.28364
0.28358
0.28356
0.28363
0.2838
0.28411
0.28458
0.28524
0.28609
0.28713
0.28857
0.29018
0.29193
0.29378
0.2957
0.29763
0.29954
0.30139
0.30314
0.30475
0.30591
0.30692
0.3078
0.30857
0.30925
0.30987
0.31048
0.3111
0.31177
0.31252
0.31344
0.31449
0.31567
0.31698
0.31843
0.32
0.32169
0.32347
0.32532
0.32721
0.32912
0.331
0.33284
0.3346
0.33624
0.33775
0.33909
0.34026
0.34125
0.34203
0.34234
0.3425
0.34253
0.34249
0.34242
0.34235
0.34234
0.34241
0.3426
0.34291
0.34367
0.34454
0.34548
0.34646
0.34743
0.34832
0.3491
0.34971
0.35011
0.35026
0.34966
0.34881
0.34774
0.34649
0.34512
0.34365
0.34216
0.34068
0.33925
0.33791
0.33708
0.33635
0.3357
0.3351
0.33453
0.33394
0.3333
0.33258
0.33175
0.33078
0.32922
0.32756
0.32583
0.32409
0.32239
0.32079
0.31935
0.31812
0.31715
0.31648
0.31632
0.31649
0.317
0.31782
0.31894
0.3203
0.32187
0.3236
0.32541
0.32725
0.32901
0.33068
0.33219
0.3335
0.33455
0.33531
0.33574
0.33583
0.33557
0.33495
0.33365
0.33207
0.33028
0.32837
0.3264
0.32445
0.32261
0.32093
0.31948
0.31829
0.31785
0.3177
0.3178
0.3181
0.31856
0.31911
0.31971
0.32028
0.32079
0.32118
0.32076
0.32024
0.31965
0.31907
0.31855
0.31816
0.31796
0.318
0.31833
0.31899
0.32061
0.32252
0.32468
0.32701
0.32943
0.33186
0.33423
0.33644
0.33844
0.34017
0.34078
0.34112
0.34123
0.34119
0.34107
0.34093
0.34084
0.34088
0.34108
0.3415
0.34282
0.34432
0.34593
0.34755
0.34911
0.35051
0.35164
0.35243
0.35279
0.35267
0.35135
0.34953
0.34728
0.34466
0.34175
0.33868
0.33553
0.33243
0.32949
0.32682
0.32474
0.3231
0.32196
0.32135
0.32131
0.32184
0.32295
0.32459
0.32675
0.32937
0.33238
0.33572
0.33931
0.34307
0.34693
0.35078
0.35456
0.35819
0.36161
0.36475
0.3672
0.36934
0.37119
0.37275
0.37407
0.37519
0.37614
0.37696
0.3777
0.3784
0.37942
0.38041
0.38137
0.38226
0.38307
0.38378
0.38435
0.38477
0.38502
0.38507
0.38444
0.38367
0.38279
0.38187
0.38096
0.38013
0.37942
0.37889
0.37857
0.37851
0.37903
0.37981
0.38082
0.38201
0.38334
0.38477
0.38623
0.38769
0.38907
0.39035
0.39105
0.39162
0.39205
0.39238
0.39263
0.39283
0.39301
0.3932
0.39343
0.39374
0.39436
0.39506
0.39585
0.3967
0.3976
0.39852
0.39944
0.40034
0.4012
0.402
0.40242
0.40277
0.40307
0.40334
0.4036
0.40388
0.40419
0.40456
0.40501
0.40554
0.40627
0.40709
0.408
0.40899
0.41004
0.41114
0.41226
0.41338
0.41449
0.41555
0.41634
0.41707
0.41774
0.41836
0.41893
0.41946
0.41995
0.42041
0.42085
0.42126
0.42167
0.42205
0.42241
0.42273
0.42302
0.42326
0.42344
0.42357
0.42362
0.4236
0.42334
0.42301
0.42262
0.42219
0.42172
0.42125
0.42077
0.42031
0.41987
0.41948
0.41917
0.41891
0.41873
0.4186
0.41855
0.41858
0.41868
0.41886
0.41912
0.41948
0.41964
0.41992
0.42036
0.42099
0.42183
0.4229
0.42422
0.4258
0.42762
0.42968
0.43217
0.43482
0.43757
0.44037
0.44315
0.44583
0.44836
0.45067
0.45271
0.45443
0.45544
0.45612
0.45649
0.45659
0.45646
0.45616
0.45574
0.45528
0.45482
0.45443
0.45423
0.4542
0.45438
0.4548
0.45548
0.45644
0.45767
0.45916
0.4609
0.46287
0.46498
0.46724
0.46961
0.47203
0.47447
0.47688
0.4792
0.48139
0.48341
0.48523
0.48656
0.48766
0.48855
0.48925
0.48979
0.49018
0.49047
0.49069
0.49086
0.49102
0.49133
0.49166
0.49202
0.49241
0.49283
0.49328
0.49375
0.49423
0.49472
0.49522
0.49542
0.49565
0.49592
0.49626
0.49669
0.49723
0.49789
0.4987
0.49965
0.50075
0.50201
0.50341
0.50492
0.50652
0.50819
0.50989
0.51158
0.51322
0.51478
0.5162
0.51737
0.51834
0.51909
0.51959
0.51982
0.51977
0.51945
0.51886
0.51801
0.51693
0.51544
0.51379
0.51205
0.51029
0.50856
0.50694
0.50549
0.50427
0.50334
0.50275
0.50252
0.5027
0.5033
0.50433
0.50579
0.50767
0.50995
0.51258
0.51552
0.51873
0.52205
0.52553
0.52912
0.53276
0.53639
0.53997
0.54344
0.54676
0.54987
0.55276
0.55522
0.55742
0.55935
0.56103
0.56246
0.56367
0.56468
0.56552
0.56622
0.56682
0.56729
0.56772
0.56813
0.56857
0.56905
0.56959
0.57021
0.57093
0.57174
0.57264
0.57344
0.57434
0.57533
0.5764
0.57756
0.57878
0.58004
0.58132
0.58259
0.5838
0.58513
0.58633
0.58736
0.58816
0.58871
0.58897
0.58893
0.58858
0.58794
0.58704
0.58513
0.58312
0.58113
0.5793
0.57776
0.57664
0.57603
0.57604
0.57672
0.57811
0.58112
0.58473
0.58882
0.59322
0.59776
0.60227
0.60657
0.61049
0.61388
0.61661
0.61736
0.6174
0.61681
0.61568
0.61414
0.61232
0.61038
0.60845
0.60668
0.60519
0.60496
0.60512
0.60568
0.60659
0.6078
0.60925
0.61086
0.61254
0.61422
0.61581
0.61639
0.61683
0.61714
0.61737
0.61755
0.61773
0.61794
0.61822
0.61861
0.61913
0.62028
0.62155
0.6229
0.62427
0.62561
0.62686
0.62797
0.62889
0.62957
0.62998
0.6295
0.62876
0.62781
0.62672
0.62556
0.62439
0.62328
0.6223
0.6215
0.62095
0.62094
0.6212
0.62172
0.62247
0.62342
0.62451
0.6257
0.62692
0.62812
0.62922
0.62976
0.63014
0.63032
0.63031
0.63008
0.62964
0.62899
0.62813
0.62706
0.62581
0.62453
0.62307
0.62142
0.6196
0.61761
0.61545
0.61316
0.61074
0.60823
0.60566
0.60256
0.59953
0.59665
0.59401
0.59171
0.58981
0.58837
0.58746
0.5871
0.5873
0.58849
0.59018
0.59228
0.5947
0.59733
0.60006
0.60278
0.60539
0.60779
0.60989
0.61089
0.61154
0.61189
0.61198
0.61187
0.61163
0.61136
0.61111
0.61097
0.61101
0.61171
0.61266
0.61386
0.61528
0.61691
0.61871
0.62064
0.62266
0.62472
0.62678
0.62828
0.62974
0.63118
0.63261
0.63404
0.6355
0.63699
0.63854
0.64014
0.64181
0.64369
0.64561
0.64754
0.64945
0.65131
0.65306
0.65468
0.65613
0.65736
0.65835
0.6588
0.65898
0.65891
0.65858
0.65803
0.65727
0.65634
0.65526
0.65408
0.65282
0.65141
0.65
0.64863
0.64734
0.64616
0.64511
0.64422
0.6435
0.64295
0.64256
0.64237
0.64232
0.64238
0.64252
0.64272
0.64293
0.64313
0.64327
0.64333
0.64329
0.64273
0.64207
0.64133
0.64055
0.63976
0.63899
0.63828
0.63766
0.63714
0.63675
0.63669
0.63674
0.63689
0.63709
0.63732
0.63753
0.63768
0.63775
0.63769
0.63748
0.63675
0.63588
0.63487
0.63377
0.63261
0.63143
0.63029
0.62923
0.6283
0.62754
0.62687
0.62646
0.62635
0.62658
0.62716
0.6281
0.62941
0.63105
0.633
0.63523
0.63785
0.64061
0.64341
0.64617
0.64878
0.65115
0.65321
0.65488
0.65608
0.65679
0.65634
0.6554
0.65402
0.65229
0.65029
0.64809
0.64579
0.64348
0.64124
0.63914
0.6376
0.63627
0.63513
0.63417
0.63334
0.63261
0.63192
0.63122
0.63044
0.62953
0.6281
0.62648
0.62465
0.62262
0.62041
0.61802
0.61549
0.61285
0.61014
0.60741
0.60448
0.60165
0.59898
0.59654
0.5944
0.5926
0.59118
0.59017
0.58958
0.58942
0.58991
0.59074
0.59184
0.59311
0.59446
0.5958
0.59703
0.59804
0.59876
0.59911
0.59844
0.59734
0.59582
0.59392
0.59167
0.58915
0.58639
0.58346
0.58043
0.57736
0.57466
0.572
0.56937
0.5668
0.56427
0.56178
0.55934
0.55693
0.55457
0.55223
0.54932
0.5465
0.54386
0.54146
0.53936
0.53761
0.53626
0.53535
0.53488
0.53487
0.53588
0.53725
0.53888
0.54065
0.54247
0.54421
0.54576
0.54704
0.54796
0.54844
0.54743
0.54601
0.54428
0.54235
0.54032
0.53831
0.53644
0.53479
0.53346
0.53251
0.53296
0.53375
0.53478
0.53593
0.53708
0.53808
0.53881
0.53913
0.53893
0.53812
0.53551
0.5323
0.52857
0.52445
0.52006
0.51555
0.51108
0.5068
0.50284
0.49935
0.49706
0.49537
0.4943
0.49383
0.49392
0.49453
0.49557
0.49697
0.49864
0.50047
0.50194
0.50342
0.50487
0.50622
0.50745
0.50852
0.5094
0.51009
0.51057
0.51084
0.51084
0.51065
0.51033
0.50988
0.50936
0.5088
0.50824
0.50771
0.50724
0.50687
0.50663
0.50652
0.50655
0.50672
0.50704
0.50749
0.50805
0.50872
0.50947
0.51027
0.51099
0.51173
0.51248
0.51321
0.51391
0.51458
0.51521
0.5158
0.51633
0.51682
0.51693
0.51703
0.51717
0.51737
0.51766
0.51808
0.51864
0.51935
0.52019
0.52116
0.52268
0.52421
0.52568
0.52697
0.52801
0.52869
0.52894
0.5287
0.5279
0.52653
0.52373
0.52043
0.51675
0.5128
0.50873
0.50467
0.50076
0.49713
0.4939
0.49116
0.48965
0.4887
0.48828
0.48832
0.48876
0.48949
0.49043
0.49145
0.49247
0.49336
0.49345
0.49329
0.49288
0.49221
0.4913
0.49016
0.48883
0.48734
0.48574
0.48407
0.48247
0.48088
0.47935
0.4779
0.47657
0.47536
0.47429
0.47337
0.47258
0.47191
0.47137
0.4709
0.47046
0.47003
0.46956
0.469
0.46831
0.46746
0.4664
0.46511
0.46334
0.46133
0.45909
0.45666
0.45406
0.45134
0.44854
0.44569
0.44286
0.44008
0.43732
0.4347
0.43228
0.43009
0.42817
0.42654
0.4252
0.42415
0.4234
0.4229
0.42283
0.42293
0.42314
0.4234
0.42364
0.42378
0.42377
0.42354
0.42306
0.42229
0.4207
0.41884
0.41676
0.41453
0.41222
0.40991
0.40767
0.40556
0.40365
0.402
0.40097
0.40024
0.39977
0.39955
0.39952
0.39963
0.39983
0.40003
0.40019
0.40023
0.3998
0.39916
0.39827
0.39713
0.39572
0.39405
0.39212
0.38994
0.38756
0.38499
0.38218
0.37929
0.37636
0.37345
0.37063
0.36795
0.36545
0.36319
0.3612
0.35952
0.35819
0.3572
0.35653
0.35618
0.35612
0.35633
0.35676
0.35736
0.3581
0.35892
0.35967
0.36041
0.36108
0.36166
0.3621
0.36238
0.36247
0.36235
0.36201
0.36145
0.3605
0.35936
0.35806
0.35664
0.35515
0.35361
0.35208
0.35059
0.34918
0.34788
0.3468
0.34587
0.34507
0.3444
0.34385
0.3434
0.34302
0.3427
0.3424
0.34209
0.34157
0.34101
0.3404
0.33974
0.33902
0.33824
0.33741
0.33652
0.33559
0.33461
0.33354
0.33245
0.33136
0.33028
0.32922
0.32819
0.32721
0.32627
0.32539
0.32455
0.32379
0.32307
0.32237
0.32169
0.321
0.3203
0.31957
0.3188
0.31796
0.31707
0.31597
0.31482
0.31361
0.31237
0.31112
0.30987
0.30865
0.30748
0.30638
0.30538
0.30436
0.30348
0.30278
0.30228
0.302
0.30195
0.30213
0.30253
0.30314
0.30393
0.30512
0.30639
0.30768
0.30892
0.31003
0.31095
0.31162
0.31198
0.31201
0.31168
0.31046
0.30893
0.30715
0.3052
0.30318
0.30117
0.29926
0.29755
0.2961
0.29499
0.29468
0.29476
0.29521
0.296
0.29708
0.2984
0.29989
0.30148
0.30309
0.30466
0.3057
0.30659
0.30731
0.30786
0.30821
0.30836
0.30832
0.30808
0.30767
0.30708
0.30653
0.30582
0.30494
0.3039
0.3027
0.30134
0.29983
0.29818
0.29641
0.29454
0.29231
0.29005
0.28783
0.28568
0.28368
0.28187
0.2803
0.27901
0.27802
0.27736
0.27726
0.27749
0.27799
0.27874
0.27968
0.28076
0.28194
0.28315
0.28434
0.28548
0.28612
0.28667
0.28712
0.28748
0.28779
0.28804
0.28828
0.28851
0.28875
0.28902
0.2896
0.29018
0.29075
0.29127
0.29171
0.29203
0.29219
0.29216
0.29191
0.29142
0.29039
0.28911
0.28762
0.28595
0.28413
0.2822
0.28021
0.2782
0.27622
0.2743
0.2725
0.27083
0.26932
0.26799
0.26684
0.2659
0.26514
0.26457
0.26415
0.26388
0.26381
0.26381
0.26383
0.26383
0.26375
0.26357
0.26324
0.26274
0.26205
0.26117
0.25975
0.25819
0.25654
0.25487
0.25325
0.25175
0.25044
0.24937
0.24862
0.24821
0.24843
0.24903
0.25
0.25133
0.25297
0.25487
0.25697
0.25921
0.2615
0.26379
0.26586
0.26778
0.2695
0.27098
0.27217
0.27302
0.27353
0.27368
0.27345
0.27286
0.27173
0.2703
0.26861
0.26672
0.2647
0.26259
0.26048
0.25841
0.25645
0.25463
0.25324
0.25206
0.25108
0.2503
0.2497
0.24928
0.249
0.24885
0.24879
0.24881
0.24852
0.24829
0.24816
0.24814
0.24826
0.24853
0.24898
0.24962
0.25044
0.25146
0.25291
0.25451
0.25621
0.25795
0.25969
0.26136
0.26291
0.26428
0.26544
0.26632
0.26663
0.26665
0.26638
0.26583
0.26504
0.26404
0.26287
0.26157
0.26019
0.25877
0.25746
0.2562
0.255
0.25391
0.25295
0.25212
0.25146
0.25097
0.25066
0.25052
0.25037
0.2504
0.25064
0.25107
0.2517
0.25253
0.25352
0.25467
0.25595
0.25732
0.25893
0.26055
0.26211
0.26355
0.26482
0.26587
0.26664
0.26711
0.26726
0.26705
0.26611
0.26488
0.2634
0.26174
0.25998
0.2582
0.25646
0.25484
0.2534
0.25221
0.25165
0.25138
0.25138
0.25164
0.25212
0.25279
0.25359
0.25448
0.25542
0.25635
0.25681
0.25723
0.2576
0.25793
0.25823
0.25851
0.25879
0.25909
0.2594
0.25974
0.26036
0.26099
0.2616
0.26216
0.26264
0.263
0.26321
0.26325
0.26309
0.26271
0.2618
0.26069
0.2594
0.25796
0.25642
0.25482
0.25319
0.25159
0.25004
0.24859
0.24745
0.24644
0.24557
0.24483
0.24423
0.24375
0.24338
0.2431
0.2429
0.24277
0.24244
0.24218
0.242
0.24193
0.24197
0.24215
0.24248
0.24296
0.2436
0.24441
0.24551
0.24674
0.24809
0.24952
0.25102
0.25252
0.25402
0.25546
0.25681
0.25804
0.25897
0.25974
0.26034
0.26078
0.26106
0.26118
0.26116
0.26101
0.26075
0.2604
0.25998
0.25952
0.25902
0.25852
0.25803
0.25757
0.25715
0.25681
0.25653
0.25635
0.25615
0.25606
0.25609
0.25625
0.25654
0.25696
0.25751
0.25817
0.25892
0.25976
0.26067
0.26161
0.26254
0.26344
0.26426
0.26498
0.26557
0.266
0.26624
0.26629
0.26603
0.26557
0.26491
0.26407
0.26307
0.26194
0.26071
0.25943
0.25812
0.25684
0.25552
0.25432
0.25329
0.25247
0.25193
0.25168
0.25175
0.25217
0.25294
0.25406
0.25565
0.25754
0.25969
0.26204
0.26455
0.26715
0.26978
0.27237
0.27487
0.27723
0.27909
0.28074
0.28218
0.28342
0.28445
0.28529
0.28596
0.28648
0.28688
0.28717
0.28757
0.28789
0.28814
0.28831
0.28841
0.28844
0.28839
0.28828
0.2881
0.28786
0.28729
0.28671
0.28617
0.28571
0.28537
0.28519
0.28522
0.28547
0.28598
0.28676
0.28802
0.28954
0.29129
0.29323
0.29533
0.29755
0.29984
0.30215
0.30446
0.30671
0.30851
0.31023
0.3119
0.31353
0.31513
0.31674
0.31837
0.32003
0.32176
0.32354
0.32569
0.32787
0.33006
0.3322
0.33426
0.33619
0.33795
0.33951
0.34082
0.34187
0.34226
0.34238
0.34229
0.34203
0.34164
0.34117
0.34068
0.34023
0.33985
0.3396
0.33968
0.33994
0.34036
0.34097
0.34173
0.34264
0.34366
0.34477
0.34593
0.34711
0.34814
0.34912
0.35004
0.35089
0.35163
0.35227
0.35279
0.3532
0.35349
0.35367
0.3536
0.35345
0.35326
0.35305
0.35286
0.35272
0.35266
0.35269
0.35283
0.35311
0.35365
0.35432
0.35509
0.35594
0.35685
0.35779
0.35872
0.35962
0.36046
0.36122
0.36159
0.36187
0.36207
0.36221
0.3623
0.36237
0.36244
0.36255
0.36271
0.36294
0.36332
0.36379
0.36437
0.36504
0.3658
0.36663
0.36753
0.36848
0.36946
0.37044
0.37131
0.37215
0.37296
0.37372
0.37442
0.37507
0.37565
0.37616
0.37661
0.377
0.37716
0.37728
0.37739
0.37753
0.3777
0.37794
0.37827
0.37871
0.37926
0.37995
0.38099
0.38214
0.38338
0.38468
0.38601
0.38735
0.38868
0.38998
0.39124
0.39245
0.39293
0.39345
0.39409
0.39491
0.396
0.39743
0.39924
0.40147
0.40415
0.40726
0.41168
0.41639
0.42122
0.42601
0.4306
0.43483
0.43854
0.4416
0.44391
0.44537
0.44464
0.44313
0.441
0.43841
0.43555
0.43261
0.4298
0.4273
0.42528
0.42389
0.42438
0.42558
0.42744
0.42985
0.43271
0.43588
0.4392
0.44253
0.44571
0.44861
0.4501
0.45117
0.45182
0.45207
0.45196
0.45157
0.45095
0.4502
0.44939
0.44861
0.44829
0.44812
0.44813
0.44834
0.44876
0.44939
0.45022
0.45124
0.45241
0.45371
0.45497
0.45629
0.45762
0.45893
0.46017
0.46131
0.46233
0.46319
0.46388
0.46438
0.46442
0.46428
0.46402
0.46366
0.46325
0.46285
0.46248
0.4622
0.46204
0.46204
0.46228
0.46271
0.46334
0.46415
0.46514
0.46627
0.46753
0.46887
0.47026
0.47166
0.47301
0.47428
0.47544
0.47645
0.47729
0.47793
0.47837
0.47859
0.47862
0.47847
0.47775
0.47696
0.47618
0.4755
0.47501
0.4748
0.47493
0.47547
0.47648
0.47798
0.48033
0.48316
0.48641
0.49001
0.49387
0.49791
0.50201
0.50608
0.50999
0.51365
0.51659
0.51912
0.52122
0.52286
0.52402
0.52471
0.52493
0.52472
0.52409
0.5231
0.52175
0.52013
0.51832
0.51637
0.51434
0.51229
0.51027
0.50835
0.50655
0.50492
0.50353
0.50235
0.50137
0.50059
0.5
0.49958
0.49931
0.49916
0.4991
0.4991
0.49885
0.49863
0.49845
0.49833
0.49826
0.49825
0.49831
0.49844
0.49865
0.49894
0.49941
0.49994
0.5005
0.50107
0.50163
0.50216
0.50263
0.50301
0.50329
0.50346
0.50315
0.50273
0.50224
0.50169
0.50112
0.50056
0.50003
0.49954
0.49913
0.49879
0.49881
0.49888
0.49898
0.49906
0.49909
0.49903
0.49885
0.49853
0.49804
0.49739
0.49595
0.49441
0.49284
0.49134
0.48998
0.48885
0.48802
0.48757
0.48754
0.48797
0.4894
0.49128
0.49354
0.49609
0.49887
0.50176
0.50468
0.50753
0.51023
0.51269
0.51412
0.51526
0.51615
0.51683
0.51734
0.51776
0.51812
0.51851
0.51896
0.51952
0.52074
0.52209
0.52353
0.52504
0.52656
0.52804
0.52943
0.53068
0.53175
0.53259
0.53255
0.5323
0.53189
0.53137
0.53081
0.53027
0.52981
0.5295
0.52937
0.52949
0.53018
0.53114
0.53233
0.53372
0.53527
0.53694
0.53866
0.54038
0.54205
0.5436
0.54466
0.54556
0.54628
0.54683
0.54722
0.54748
0.54762
0.54768
0.54768
0.54765
0.54763
0.54765
0.54775
0.54796
0.54831
0.54882
0.5495
0.55038
0.55144
0.55268
0.55396
0.5554
0.557
0.55874
0.56058
0.5625
0.56445
0.56639
0.56827
0.57003
0.57169
0.57313
0.57428
0.57508
0.57549
0.57548
0.575
0.57405
0.57262
0.57072
0.56797
0.56485
0.56145
0.55787
0.5542
0.55056
0.54704
0.54373
0.54073
0.53811
0.53605
0.53446
0.53336
0.53273
0.53257
0.53284
0.53348
0.53443
0.53562
0.53697
0.5384
0.53981
0.54114
0.5423
0.54322
0.54384
0.54413
0.54405
0.54361
0.5428
0.54109
0.53915
0.53709
0.53504
0.53312
0.53147
0.53021
0.52943
0.52925
0.52973
0.53134
0.53364
0.53659
0.54012
0.54414
0.54854
0.55321
0.55802
0.56282
0.56749
0.57162
0.57539
0.57873
0.58157
0.58388
0.58561
0.58677
0.58736
0.58743
0.58701
0.58568
0.58406
0.5823
0.58054
0.57894
0.57761
0.57667
0.57624
0.57638
0.57714
0.57938
0.58217
0.58541
0.58895
0.59266
0.59636
0.59991
0.60316
0.60597
0.60823
0.6085
0.60819
0.60741
0.60625
0.60484
0.60332
0.60181
0.60045
0.59935
0.59859
0.59943
0.60061
0.60203
0.60358
0.60513
0.60653
0.60765
0.60837
0.60855
0.60812
0.60575
0.60276
0.59927
0.59539
0.59128
0.58708
0.58297
0.57909
0.57561
0.57265
0.57108
0.57018
0.56993
0.57031
0.57126
0.57273
0.57462
0.57685
0.5793
0.58189
0.58384
0.5858
0.58773
0.5896
0.59142
0.59316
0.59482
0.59642
0.59794
0.59939
0.60099
0.60251
0.60393
0.60524
0.60642
0.60747
0.60836
0.60908
0.60964
0.61002
0.60996
0.60975
0.60945
0.60908
0.60868
0.60831
0.60798
0.60774
0.6076
0.60761
0.60772
0.60799
0.60843
0.60905
0.60982
0.61073
0.61175
0.61285
0.61399
0.61513
0.61616
0.6171
0.61789
0.61852
0.61892
0.61906
0.61893
0.61848
0.61772
0.61662
0.61502
0.61313
0.61097
0.60861
0.60609
0.60347
0.60082
0.59819
0.59566
0.59328
0.59096
0.58893
0.58724
0.58593
0.58505
0.58463
0.58467
0.58517
0.58611
0.58746
0.5893
0.59142
0.59375
0.5962
0.59866
0.60104
0.60326
0.60521
0.60681
0.608
0.60827
0.60806
0.6074
0.6063
0.6048
0.60295
0.60081
0.59843
0.59588
0.59322
0.5907
0.58817
0.58565
0.58318
0.58076
0.57842
0.57617
0.57401
0.57194
0.56996
0.56773
0.56562
0.56365
0.56184
0.56021
0.55878
0.55755
0.55653
0.55573
0.55514
0.55483
0.5547
0.55471
0.55483
0.55502
0.55525
0.55548
0.5557
0.55585
0.55594
0.55556
0.55512
0.55464
0.55417
0.55374
0.55338
0.55313
0.55302
0.55307
0.55331
0.55399
0.55484
0.55583
0.55692
0.55808
0.55926
0.56041
0.5615
0.56249
0.56335
0.56357
0.56367
0.56368
0.56364
0.5636
0.56361
0.56371
0.56394
0.56433
0.5649
0.56587
0.56702
0.56834
0.56979
0.57133
0.57292
0.57448
0.57597
0.57733
0.57848
0.57923
0.57968
0.57981
0.5796
0.57901
0.57806
0.57675
0.57507
0.57308
0.57078
0.5679
0.56485
0.5617
0.55855
0.55546
0.55253
0.54981
0.54738
0.54527
0.54352
0.54247
0.54176
0.54134
0.54116
0.54114
0.54121
0.54129
0.5413
0.54117
0.54084
0.53967
0.53825
0.53661
0.53478
0.53281
0.53074
0.52864
0.52655
0.52454
0.52265
0.52125
0.52002
0.51895
0.51806
0.5173
0.51668
0.51616
0.51572
0.51534
0.515
0.51425
0.51355
0.51291
0.51237
0.51194
0.51167
0.51156
0.51166
0.51196
0.51248
0.51331
0.51434
0.51556
0.51694
0.51843
0.52
0.52159
0.52317
0.52467
0.52604
0.52707
0.52789
0.52848
0.52881
0.52887
0.52863
0.52811
0.52729
0.52619
0.52482
0.52317
0.52129
0.51923
0.51702
0.5147
0.51232
0.50993
0.50758
0.50531
0.50318
0.50092
0.49891
0.49723
0.49593
0.49506
0.49466
0.49474
0.49531
0.49635
0.49782
0.5001
0.50265
0.50537
0.50814
0.51082
0.51328
0.51542
0.51712
0.51829
0.51887
0.51801
0.51656
0.51459
0.5122
0.50948
0.50657
0.50357
0.50061
0.49779
0.49522
0.4936
0.49231
0.49135
0.49067
0.49025
0.49002
0.48993
0.48989
0.48984
0.48971
0.48879
0.48773
0.48657
0.48531
0.48399
0.48265
0.48132
0.48003
0.47883
0.47774
0.47708
0.47654
0.47612
0.47579
0.47552
0.47529
0.47507
0.47482
0.47453
0.47416
0.4734
0.47256
0.47167
0.47074
0.4698
0.46888
0.46802
0.46725
0.4666
0.46609
0.46574
0.46558
0.46563
0.46589
0.46636
0.46703
0.4679
0.46893
0.47011
0.47139
0.47267
0.47398
0.47526
0.47649
0.4776
0.47855
0.47929
0.47978
0.47997
0.47982
0.47924
0.47827
0.4769
0.47512
0.47294
0.47037
0.46742
0.46412
0.46051
0.45662
0.45227
0.44777
0.44318
0.43858
0.43405
0.42965
0.42543
0.42145
0.41776
0.41437
0.41151
0.40897
0.40671
0.4047
0.40289
0.40124
0.3997
0.3982
0.39672
0.39519
0.39321
0.39117
0.38907
0.38692
0.38477
0.38265
0.38058
0.37861
0.37678
0.37513
0.37377
0.37264
0.37176
0.37115
0.3708
0.37072
0.37089
0.3713
0.37192
0.37273
0.37369
0.37476
0.37591
0.37709
0.37827
0.3794
0.38045
0.38139
0.38219
0.38282
0.38293
0.38288
0.3827
0.38243
0.38209
0.38172
0.38134
0.38099
0.38067
0.38041
0.38046
0.38053
0.38057
0.38054
0.38038
0.38005
0.37949
0.37865
0.37748
0.37597
0.37383
0.37132
0.36848
0.36534
0.36195
0.35836
0.35465
0.35089
0.34716
0.34354
0.33985
0.33645
0.33344
0.3309
0.32889
0.32749
0.32672
0.32659
0.3271
0.3282
0.33039
0.33299
0.33586
0.33885
0.34179
0.34451
0.34688
0.34874
0.34998
0.3505
0.34942
0.34758
0.34508
0.34199
0.33844
0.33456
0.3305
0.32641
0.32243
0.3187
0.31583
0.3134
0.31147
0.31007
0.3092
0.30885
0.309
0.30959
0.31056
0.31184
0.31326
0.31484
0.3165
0.31815
0.31972
0.32116
0.3224
0.3234
0.32413
0.32458
0.32419
0.32358
0.32283
0.32203
0.32126
0.32062
0.32019
0.32004
0.32022
