0.37098
0.368
0.36559
0.36377
0.36251
0.36179
0.36154
0.36171
0.3622
0.36292
0.36378
0.36445
0.36509
0.36562
0.36598
0.36614
0.36605
0.3657
0.36509
0.36424
0.36319
0.36143
0.35963
0.35788
0.35633
0.35508
0.35425
0.35392
0.35419
0.35509
0.35666
0.35972
0.36333
0.36736
0.37164
0.37601
0.38028
0.38429
0.38785
0.39081
0.39305
0.39346
0.39305
0.39188
0.39002
0.38757
0.38465
0.38138
0.37791
0.37437
0.3709
0.36816
0.36567
0.36347
0.36158
0.36001
0.35876
0.35779
0.35708
0.35657
0.35621
0.35571
0.35526
0.35481
0.35432
0.35375
0.35305
0.35222
0.35122
0.35004
0.34869
0.34697
0.34511
0.34317
0.34118
0.3392
0.3373
0.33551
0.33391
0.33253
0.33142
0.3306
0.3301
0.32994
0.33011
0.33061
0.33141
0.33248
0.33375
0.33519
0.33671
0.33846
0.34014
0.34164
0.34287
0.34376
0.34423
0.34422
0.3437
0.34264
0.34107
0.33839
0.33534
0.33202
0.32859
0.32521
0.32202
0.31918
0.31685
0.31516
0.31423
0.31447
0.3156
0.31762
0.3205
0.3242
0.32864
0.33373
0.33934
0.34534
0.35158
0.35805
0.36443
0.37056
0.37628
0.38145
0.38594
0.38966
0.39253
0.39451
0.39559
0.39474
0.39317
0.39104
0.38854
0.38587
0.38323
0.3808
0.37872
0.37715
0.37616
0.37725
0.37887
0.38085
0.38301
0.38514
0.38702
0.38844
0.38918
0.38907
0.38795
0.3842
0.3794
0.37368
0.36718
0.3601
0.35265
0.34505
0.33756
0.3304
0.32379
0.31887
0.3148
0.31165
0.30943
0.30817
0.30782
0.30835
0.30968
0.31172
0.31436
0.31691
0.31989
0.32321
0.32678
0.33054
0.3344
0.33828
0.34209
0.34578
0.34925
0.35267
0.35574
0.35837
0.3605
0.36209
0.36309
0.36347
0.36323
0.36237
0.36092
0.35847
0.35556
0.35229
0.34879
0.34516
0.34152
0.33799
0.33468
0.33166
0.32902
0.32735
0.32611
0.32527
0.3248
0.32464
0.32474
0.32503
0.32545
0.32594
0.32645
0.3261
0.32578
0.32555
0.32546
0.3256
0.32602
0.32678
0.32795
0.32956
0.33164
0.33491
0.33856
0.34252
0.34665
0.35085
0.35498
0.35893
0.36258
0.36582
0.36856
0.36996
0.37082
0.37118
0.37109
0.37063
0.3699
0.36899
0.36799
0.367
0.36613
0.36593
0.36596
0.36621
0.3667
0.36741
0.36834
0.36944
0.3707
0.37208
0.37355
0.37458
0.37567
0.37685
0.37812
0.3795
0.38101
0.38266
0.38445
0.38639
0.38846
0.39089
0.39341
0.39596
0.39851
0.401
0.40338
0.40558
0.40755
0.40926
0.41065
0.4115
0.412
0.41215
0.41196
0.41147
0.41069
0.40967
0.40845
0.40707
0.4056
0.4039
0.40221
0.40062
0.39917
0.39792
0.39693
0.39622
0.39581
0.39572
0.39594
0.39677
0.39782
0.39904
0.40033
0.40162
0.40283
0.40387
0.40468
0.40521
0.4054
0.4046
0.4035
0.40215
0.40065
0.39908
0.39753
0.39611
0.39489
0.39397
0.39341
0.39374
0.39448
0.39564
0.39716
0.399
0.40111
0.4034
0.40581
0.40826
0.41065
0.4124
0.41401
0.41545
0.41672
0.41781
0.41871
0.41944
0.41998
0.42036
0.42057
0.42102
0.42128
0.42134
0.42117
0.42076
0.4201
0.4192
0.41807
0.41674
0.41525
0.41297
0.41072
0.40861
0.4068
0.40542
0.4046
0.40445
0.40507
0.40653
0.40889
0.41269
0.41733
0.42274
0.4288
0.43536
0.44228
0.4494
0.45653
0.46351
0.47017
0.47586
0.48099
0.48549
0.48929
0.49237
0.49471
0.49632
0.49723
0.49748
0.49713
0.49633
0.49508
0.49347
0.49158
0.48952
0.48737
0.48525
0.48323
0.4814
0.47984
0.47848
0.47752
0.47703
0.47703
0.47755
0.47861
0.48018
0.48225
0.48477
0.48768
0.49087
0.49431
0.4979
0.50156
0.50519
0.50869
0.51196
0.51491
0.51746
0.51953
0.52112
0.52211
0.52249
0.52224
0.52136
0.51987
0.51783
0.5153
0.51236
0.50912
0.50506
0.50099
0.4971
0.49357
0.49057
0.48827
0.48679
0.48625
0.48671
0.48821
0.49159
0.49587
0.5009
0.50648
0.5124
0.51843
0.52434
0.52991
0.53493
0.53921
0.54147
0.54279
0.5432
0.54273
0.54145
0.53945
0.53685
0.53376
0.53032
0.52666
0.52361
0.52052
0.51742
0.51435
0.51132
0.50835
0.50543
0.50257
0.49976
0.49698
0.49363
0.49035
0.48721
0.48425
0.48152
0.47906
0.47691
0.4751
0.47364
0.47254
0.47213
0.47203
0.47219
0.47254
0.47301
0.47353
0.47404
0.47447
0.47477
0.47488
0.4742
0.47333
0.4723
0.47117
0.46998
0.46879
0.46766
0.46664
0.46576
0.46508
0.46508
0.46527
0.4656
0.46602
0.46649
0.46694
0.46731
0.46755
0.46761
0.46745
0.46642
0.46518
0.46378
0.4623
0.46078
0.45932
0.45796
0.45679
0.45585
0.4552
0.45518
0.45547
0.45608
0.45696
0.45808
0.45938
0.46081
0.4623
0.46379
0.4652
0.46625
0.46711
0.46777
0.46817
0.46831
0.46817
0.46776
0.46707
0.46613
0.46495
0.46338
0.46166
0.45987
0.45806
0.45631
0.45466
0.45319
0.45194
0.45095
0.45026
0.45008
0.4502
0.4506
0.45125
0.45211
0.45312
0.45423
0.45538
0.45653
0.4576
0.4581
0.45848
0.45874
0.45888
0.45891
0.45884
0.45868
0.45845
0.45813
0.45774
0.45767
0.45749
0.45714
0.45658
0.45578
0.45469
0.45328
0.45154
0.44945
0.44702
0.44359
0.43993
0.43616
0.43239
0.42872
0.42528
0.42218
0.4195
0.41734
0.41575
0.41535
0.41553
0.41622
0.41736
0.41885
0.42059
0.42247
0.42437
0.4262
0.42785
0.42856
0.429
0.42916
0.42907
0.42877
0.42828
0.42765
0.42695
0.42621
0.4255
0.42524
0.42506
0.42496
0.42493
0.42495
0.42502
0.42512
0.42523
0.42533
0.42542
0.425
0.42459
0.42421
0.42392
0.42375
0.42373
0.42388
0.42423
0.4248
0.42557
0.42693
0.42843
0.43002
0.43163
0.43317
0.43459
0.4358
0.43676
0.43739
0.43768
0.43696
0.4359
0.43455
0.43299
0.43127
0.42949
0.4277
0.42599
0.4244
0.423
0.42266
0.42248
0.4224
0.42233
0.42221
0.42193
0.42143
0.42063
0.41949
0.41795
0.41395
0.40971
0.4054
0.40121
0.39729
0.3938
0.39082
0.38841
0.38657
0.38523
0.38798
0.39062
0.39262
0.39342
0.39251
0.38941
0.38372
0.37515
0.36354
0.34886
0.32562
0.3002
0.27352
0.24656
0.22036
0.19597
0.17438
0.15649
0.1431
0.1348
0.13811
0.14661
0.15976
0.17687
0.19709
0.21949
0.24306
0.2668
0.28973
0.31093
0.32443
0.33521
0.3432
0.34847
0.35121
0.35172
0.35036
0.34757
0.34382
0.33959
0.33841
0.33736
0.33657
0.33612
0.33605
0.33635
0.33699
0.33791
0.33902
0.34022
0.33993
0.33967
0.33947
0.33934
0.33932
0.33943
0.33968
0.34009
0.34065
0.34137
0.34276
0.3442
0.34561
0.3469
0.34799
0.34878
0.3492
0.34919
0.3487
0.34769
0.34563
0.34309
0.34013
0.33685
0.33333
0.32969
0.32602
0.32246
0.31909
0.31601
0.31359
0.3116
0.31007
0.30902
0.30845
0.30834
0.30865
0.30935
0.31039
0.31168
0.31315
0.31474
0.31638
0.318
0.31954
0.32093
0.32212
0.32308
0.32378
0.32421
0.32384
0.32326
0.32255
0.32177
0.32102
0.32037
0.31991
0.3197
0.3198
0.32023
0.32176
0.32358
0.32563
0.32779
0.32998
0.33209
0.33402
0.33568
0.33699
0.3379
0.33731
0.33635
0.33511
0.3337
0.33224
0.33085
0.32965
0.32876
0.32827
0.32826
0.32973
0.33167
0.334
0.33663
0.33944
0.3423
0.34509
0.34767
0.34994
0.3518
0.35222
0.35217
0.35169
0.35085
0.34973
0.34842
0.34702
0.34562
0.34431
0.34319
0.34288
0.34283
0.34303
0.34345
0.34404
0.34477
0.34557
0.34637
0.3471
0.3477
0.34769
0.34746
0.34697
0.34621
0.34519
0.3439
0.34234
0.34053
0.33849
0.33624
0.33394
0.33148
0.32887
0.32615
0.32332
0.32043
0.3175
0.31456
0.31166
0.30882
0.30576
0.30287
0.30022
0.29784
0.29581
0.29416
0.29292
0.2921
0.29171
0.29174
0.29252
0.29362
0.29495
0.2964
0.29789
0.29931
0.30056
0.30156
0.30224
0.30253
0.30184
0.30075
0.2993
0.29755
0.29557
0.29344
0.29125
0.2891
0.28708
0.28527
0.28401
0.28308
0.2825
0.28231
0.28249
0.28305
0.28394
0.28514
0.2866
0.28826
0.28993
0.29168
0.29345
0.29519
0.29684
0.29834
0.29965
0.30071
0.3015
0.30198
0.30206
0.30182
0.30127
0.30044
0.29934
0.29803
0.29656
0.29497
0.29333
0.29172
0.29002
0.28848
0.28718
0.2862
0.28558
0.28539
0.28566
0.28642
0.28768
0.28942
0.29183
0.29465
0.29779
0.30116
0.30468
0.30824
0.31173
0.31506
0.31812
0.32082
0.32275
0.32422
0.32521
0.32571
0.32574
0.32532
0.32448
0.32327
0.32174
0.31994
0.31806
0.31602
0.31388
0.3117
0.30951
0.30738
0.30534
0.30342
0.30167
0.30011
0.29865
0.29742
0.29644
0.29573
0.29528
0.2951
0.29519
0.29552
0.29607
0.29684
0.29774
0.2988
0.29999
0.30128
0.30263
0.30403
0.30544
0.30684
0.3082
0.30951
0.31075
0.3119
0.31296
0.31392
0.31479
0.31556
0.31626
0.31688
0.31744
0.31797
0.31808
0.31823
0.31848
0.31886
0.31942
0.32019
0.32118
0.32239
0.3238
0.32538
0.32782
0.33024
0.3325
0.33446
0.33596
0.33688
0.3371
0.33653
0.33511
0.3328
0.3284
0.32328
0.31762
0.31162
0.30553
0.29956
0.29396
0.28894
0.28471
0.28141
0.28027
0.2802
0.28115
0.28305
0.28578
0.2892
0.29313
0.29741
0.30186
0.30628
0.30981
0.31306
0.31596
0.31845
0.3205
0.32209
0.32322
0.32393
0.32425
0.32423
0.32376
0.32309
0.32233
0.32154
0.32083
0.32025
0.31987
0.31973
0.31985
0.32023
0.32171
0.32331
0.32492
0.32638
0.32757
0.32835
0.3286
0.32823
0.32716
0.32538
0.32134
0.31676
0.31183
0.30679
0.30188
0.29734
0.2934
0.29027
0.28813
0.28713
0.28893
0.29185
0.29576
0.30048
0.30577
0.31141
0.31715
0.32274
0.32795
0.33256
0.33487
0.33639
0.33714
0.33719
0.33662
0.33555
0.3341
0.33241
0.33062
0.32885
0.32827
0.32785
0.32757
0.32741
0.32733
0.3273
0.32725
0.32714
0.32691
0.32652
0.32502
0.32337
0.32166
0.31995
0.31832
0.31686
0.31564
0.31472
0.31416
0.314
0.31506
0.31648
0.31818
0.32007
0.32207
0.32408
0.326
0.32776
0.32929
0.33055
0.33037
0.32999
0.32951
0.32907
0.32879
0.32881
0.32924
0.33019
0.33174
0.33394
0.338
0.34262
0.34766
0.35295
0.35831
0.36356
0.3685
0.37296
0.37678
0.37983
0.38082
0.38099
0.38041
0.37919
0.37747
0.37539
0.37313
0.37085
0.36872
0.36691
0.36614
0.36588
0.36619
0.36707
0.36853
0.37052
0.37299
0.37587
0.37908
0.38249
0.38588
0.38927
0.39255
0.39561
0.39836
0.4007
0.40256
0.40389
0.40463
0.40478
0.40389
0.40246
0.40057
0.39831
0.39578
0.3931
0.39038
0.38774
0.38528
0.3831
0.38169
0.38068
0.38006
0.37984
0.37999
0.38047
0.38125
0.38226
0.38344
0.38473
0.38556
0.38641
0.38726
0.38811
0.38892
0.38971
0.39044
0.3911
0.39168
0.39216
0.39293
0.39353
0.3939
0.39398
0.39374
0.39313
0.39213
0.39073
0.38894
0.38677
0.38353
0.38007
0.37653
0.37305
0.36976
0.36681
0.36432
0.3624
0.36115
0.36062
0.36164
0.36335
0.3657
0.36855
0.37179
0.37528
0.37887
0.38242
0.38579
0.38887
0.39067
0.39206
0.39305
0.39368
0.394
0.39407
0.39397
0.39375
0.39351
0.39331
0.39368
0.39416
0.39475
0.39544
0.3962
0.39699
0.39777
0.3985
0.39913
0.39959
0.39958
0.39934
0.39883
0.39806
0.397
0.39565
0.39403
0.39214
0.38999
0.38762
0.38489
0.38201
0.37905
0.37606
0.37311
0.37025
0.36754
0.36503
0.36275
0.36074
0.35923
0.35802
0.35709
0.35642
0.35598
0.35574
0.35567
0.35575
0.35594
0.35621
0.3562
0.35628
0.35645
0.35674
0.35718
0.3578
0.35862
0.35966
0.36096
0.36251
0.36426
0.36629
0.36856
0.37107
0.37379
0.37667
0.37965
0.38268
0.38568
0.38857
0.39167
0.39445
0.3968
0.39858
0.39971
0.4001
0.39967
0.3984
0.39628
0.39331
0.38849
0.38306
0.37723
0.37122
0.36526
0.35956
0.35435
0.34982
0.34612
0.3434
0.34299
0.34357
0.34502
0.34721
0.34996
0.35308
0.35636
0.35962
0.36267
0.36532
0.36612
0.36639
0.36617
0.36554
0.36456
0.36336
0.36204
0.36073
0.35953
0.35857
0.35875
0.35926
0.36007
0.36114
0.36242
0.36385
0.36534
0.3668
0.36815
0.36931
0.3697
0.36977
0.36951
0.3689
0.36794
0.36663
0.36499
0.36305
0.36084
0.35839
0.35579
0.35303
0.35018
0.34727
0.34436
0.34149
0.3387
0.33603
0.33352
0.3312
0.32903
0.32708
0.32539
0.32395
0.32277
0.32184
0.32115
0.32067
0.32037
0.32024
0.32022
0.32029
0.3204
0.3205
0.32057
0.32055
0.32042
0.32014
0.31971
0.3191
0.31809
0.31692
0.31562
0.31423
0.31277
0.3113
0.30985
0.30847
0.30718
0.30604
0.30512
0.30438
0.30382
0.30345
0.30326
0.30323
0.30334
0.30357
0.30389
0.30426
0.30462
0.30498
0.30528
0.30551
0.30564
0.30565
0.30552
0.30524
0.30482
0.30426
0.30334
0.30234
0.30131
0.30031
0.2994
0.29862
0.29804
0.29771
0.29766
0.29792
0.29864
0.2997
0.30107
0.30275
0.30469
0.30684
0.30916
0.31158
0.31403
0.31645
0.31872
0.32083
0.3227
0.32427
0.32551
0.32635
0.32679
0.32678
0.32633
0.32544
0.32381
0.32181
0.31951
0.31699
0.31432
0.31159
0.30887
0.30623
0.30373
0.30143
0.29972
0.29823
0.29696
0.29586
0.29489
0.29401
0.29316
0.29229
0.29135
0.2903
0.28861
0.28677
0.28481
0.28276
0.28064
0.2785
0.27637
0.27429
0.2723
0.27044
0.26897
0.26765
0.26648
0.26544
0.26451
0.26368
0.26293
0.26222
0.26154
0.26087
0.26013
0.25937
0.25858
0.25777
0.25695
0.25614
0.25534
0.2546
0.25396
0.25344
0.2526
0.25203
0.2518
0.252
0.2527
0.25396
0.2558
0.25824
0.26127
0.26484
0.2697
0.27489
0.2802
0.28545
0.29044
0.29496
0.29883
0.30188
0.30396
0.30496
0.30367
0.30131
0.29797
0.29379
0.28895
0.28363
0.27802
0.27233
0.26675
0.26147
0.25769
0.25442
0.25169
0.24949
0.24782
0.24664
0.24591
0.24555
0.24553
0.24578
0.24521
0.2449
0.24491
0.24529
0.24609
0.24735
0.24912
0.25141
0.25422
0.25754
0.26221
0.2672
0.27236
0.27752
0.28251
0.28716
0.29128
0.29472
0.29736
0.29907
0.2989
0.29776
0.29571
0.29286
0.28931
0.2852
0.28067
0.27589
0.271
0.26617
0.2621
0.25829
0.2548
0.25167
0.24892
0.24657
0.24462
0.24303
0.24181
0.24091
0.23992
0.23923
0.23882
0.2387
0.23886
0.2393
0.24001
0.241
0.24225
0.24375
0.24551
0.24751
0.24974
0.25219
0.25485
0.2577
0.26072
0.26388
0.26715
0.27052
0.27396
0.27743
0.28086
0.28423
0.28749
0.2906
0.29352
0.29621
0.29864
0.30078
0.30252
0.30393
0.30502
0.30578
0.30622
0.30636
0.3062
0.30579
0.30513
0.30426
0.30304
0.30169
0.30026
0.29879
0.29733
0.29591
0.29456
0.29331
0.29217
0.29115
0.29048
0.2899
0.28936
0.28881
0.28822
0.28752
0.28669
0.28569
0.28449
0.28307
0.28109
0.27893
0.27665
0.27431
0.27197
0.26973
0.26765
0.26581
0.2643
0.26317
0.26244
0.26221
0.2625
0.26334
0.26473
0.26665
0.26905
0.27189
0.27509
0.27855
0.28251
0.28649
0.29031
0.29382
0.29686
0.2993
0.30101
0.30187
0.30182
0.30081
0.29826
0.29481
0.29057
0.28565
0.28023
0.27447
0.26857
0.26273
0.25715
0.252
0.24743
0.24364
0.24077
0.23893
0.23821
0.23863
0.2402
0.24289
0.2466
0.25123
0.25753
0.26435
0.27139
0.27837
0.285
0.29102
0.29618
0.30027
0.30314
0.30469
0.30296
0.30004
0.29616
0.29161
0.28669
0.28172
0.27701
0.27285
0.26953
0.26725
0.26821
0.2703
0.27339
0.27729
0.28178
0.28659
0.29145
0.29609
0.30025
0.30367
0.30458
0.30454
0.30356
0.30172
0.29911
0.29589
0.2922
0.28824
0.28422
0.28033
0.27721
0.27457
0.27253
0.27121
0.27069
0.27102
0.27223
0.2743
0.2772
0.28085
0.28551
0.29067
0.29615
0.30176
0.30731
0.3126
0.31745
0.32169
0.32518
0.3278
0.32863
0.32855
0.32763
0.32596
0.32368
0.32094
0.31788
0.3147
0.31155
0.3086
0.30655
0.30494
0.30382
0.30325
0.30323
0.30377
0.30484
0.30641
0.30842
0.3108
0.31319
0.31581
0.3186
0.32147
0.32437
0.32723
0.32997
0.33255
0.3349
0.33698
0.33861
0.33992
0.34093
0.34165
0.34209
0.34228
0.34227
0.34208
0.34176
0.34137
0.34116
0.34094
0.34074
0.34056
0.34043
0.34038
0.34043
0.34059
0.3409
0.34137
0.34144
0.34177
0.34244
0.34351
0.34504
0.34707
0.34962
0.3527
0.35629
0.36034
0.36539
0.37071
0.37613
0.38147
0.38658
0.39127
0.39538
0.39875
0.40127
0.40283
0.40283
0.40183
0.39987
0.39704
0.39346
0.38927
0.38465
0.37979
0.37488
0.37014
0.36545
0.36136
0.35809
0.35585
0.35479
0.35504
0.35669
0.35978
0.36429
0.37016
0.37832
0.38749
0.39736
0.40763
0.41796
0.42803
0.4375
0.44609
0.45352
0.4596
0.46259
0.46411
0.46425
0.46316
0.46104
0.45813
0.45466
0.4509
0.44713
0.44358
0.44166
0.44028
0.43953
0.43941
0.43995
0.44109
0.44279
0.44497
0.44752
0.45034
0.4526
0.45497
0.45738
0.45978
0.46213
0.46437
0.46647
0.46838
0.47007
0.47151
0.47271
0.47362
0.4742
0.47446
0.47436
0.47393
0.47313
0.47199
0.47051
0.46868
0.46672
0.46444
0.46183
0.4589
0.45568
0.45217
0.44841
0.44445
0.44031
0.43607
0.43108
0.42618
0.4215
0.41717
0.41332
0.41006
0.40748
0.40564
0.40459
0.40432
0.40578
0.40788
0.41043
0.41328
0.41622
0.41906
0.42162
0.42372
0.42523
0.42603
0.42464
0.42256
0.41989
0.41678
0.41341
0.40997
0.40663
0.40359
0.40102
0.39905
0.39911
0.39987
0.40127
0.40322
0.40561
0.40831
0.41118
0.41408
0.41687
0.41944
0.42023
0.42073
0.42099
0.4211
0.42113
0.42118
0.42132
0.42164
0.42218
0.423
0.42548
0.42812
0.43076
0.43324
0.43538
0.43704
0.43804
0.43828
0.43765
0.43609
0.43187
0.42687
0.42131
0.41541
0.40944
0.40365
0.3983
0.39361
0.38981
0.38706
0.38699
0.38802
0.39005
0.39292
0.39645
0.40043
0.40461
0.40877
0.41269
0.41613
0.41766
0.41849
0.41861
0.41803
0.4168
0.415
0.41272
0.41007
0.40717
0.40415
0.40165
0.39922
0.39694
0.39485
0.39301
0.39145
0.39018
0.38921
0.38855
0.38817
0.38786
0.3878
0.38796
0.38831
0.38883
0.38946
0.39018
0.39093
0.39169
0.39241
0.39295
0.3934
0.39374
0.39398
0.3941
0.39411
0.39403
0.39385
0.39361
0.39331
0.39291
0.39253
0.39218
0.39191
0.39175
0.39172
0.39185
0.39215
0.39264
0.39331
0.39411
0.39508
0.39621
0.39748
0.39886
0.40031
0.4018
0.40326
0.40465
0.40591
0.40706
0.40796
0.40857
0.40883
0.40871
0.40818
0.4072
0.40577
0.4039
0.40161
0.3986
0.39528
0.39174
0.38807
0.38437
0.38076
0.37734
0.37421
0.37145
0.36915
0.36744
0.36629
0.36573
0.36577
0.3664
0.36759
0.36929
0.37143
0.37394
0.37672
0.37994
0.38321
0.38639
0.38937
0.39201
0.39423
0.39592
0.39703
0.39752
0.39736
0.39554
0.39322
0.39055
0.3877
0.38484
0.38213
0.37973
0.37777
0.37637
0.37558
0.37687
0.37869
0.38087
0.38324
0.38558
0.38768
0.38934
0.39036
0.39059
0.38987
0.38639
0.38199
0.37683
0.37108
0.36496
0.3587
0.35252
0.34666
0.34132
0.33669
0.3344
0.33295
0.33229
0.33232
0.33292
0.33397
0.33531
0.33679
0.33826
0.33959
0.33939
0.33896
0.33832
0.33756
0.33675
0.33597
0.33532
0.33489
0.33477
0.33504
0.33637
0.33814
0.34029
0.34279
0.34556
0.34851
0.35155
0.35457
0.35747
0.36012
0.36235
0.36415
0.36543
0.36615
0.36625
0.3657
0.3645
0.36267
0.36025
0.3573
0.35329
0.34899
0.34458
0.34024
0.33614
0.33247
0.32937
0.32698
0.32542
0.32474
0.3257
0.32752
0.33012
0.33337
0.33711
0.34117
0.34535
0.34947
0.35333
0.35675
0.3591
0.36074
0.36159
0.3616
0.36075
0.35904
0.35652
0.35325
0.34932
0.34485
0.3396
0.33411
0.32857
0.32316
0.31806
0.31344
0.30944
0.30619
0.30378
0.30225
0.30245
0.30346
0.30517
0.30741
0.31003
0.31282
0.31561
0.31819
0.32041
0.32209
0.32209
0.32142
0.32013
0.31825
0.31588
0.31311
0.31005
0.30684
0.30359
0.30044
0.29804
0.29591
0.29408
0.2926
0.29146
0.29068
0.29023
0.29008
0.29021
0.29055
0.29094
0.29146
0.29206
0.2927
0.29334
0.29395
0.2945
0.29497
0.29536
0.29568
0.29548
0.29529
0.29518
0.29524
0.29554
0.29617
0.29719
0.29865
0.30062
0.30311
0.30668
0.31073
0.31516
0.3199
0.32482
0.32981
0.33477
0.33957
0.34412
0.3483
0.35139
0.35403
0.35624
0.35804
0.35946
0.36056
0.36137
0.36197
0.3624
0.36272
0.36325
0.36372
0.36413
0.36447
0.36473
0.36487
0.36487
0.36469
0.36429
0.36363
0.36275
0.36153
0.35994
0.35794
0.35552
0.35268
0.34943
0.3458
0.34183
0.33758
0.33237
0.32711
0.32198
0.31715
0.31278
0.30904
0.30604
0.3039
0.30268
0.30244
0.30432
0.30704
0.31041
0.31423
0.31829
0.32237
0.32623
0.32967
0.33251
0.33458
0.33429
0.33317
0.33131
0.32883
0.32588
0.32263
0.31926
0.31593
0.31281
0.31004
0.30901
0.30843
0.30826
0.30843
0.30885
0.30939
0.30995
0.31041
0.31064
0.31055
0.309
0.30706
0.30478
0.30221
0.29944
0.29655
0.29363
0.29077
0.28808
0.28563
0.28406
0.28282
0.28191
0.2813
0.28097
0.28088
0.28099
0.28125
0.2816
0.282
0.282
0.28199
0.28196
0.28192
0.28188
0.28184
0.28181
0.28182
0.28188
0.282
0.28228
0.28264
0.28308
0.28361
0.28423
0.28493
0.28569
0.28651
0.28738
0.28829
0.28912
0.28996
0.29079
0.29162
0.29242
0.29318
0.29391
0.29457
0.29518
0.29571
0.29616
0.29652
0.2968
0.297
0.29713
0.29718
0.29717
0.2971
0.29699
0.29684
0.29642
0.29602
0.29567
0.29541
0.29527
0.29526
0.29541
0.29573
0.29621
0.29684
0.29801
0.29925
0.30047
0.30162
0.30261
0.30337
0.30384
0.30397
0.30374
0.30311
0.30129
0.29918
0.29688
0.29451
0.29219
0.29006
0.28823
0.2868
0.28586
0.28548
0.28655
0.28816
0.29022
0.29263
0.29525
0.29796
0.30064
0.30314
0.30534
0.30716
0.30764
0.30766
0.30725
0.30648
0.30542
0.30416
0.3028
0.30144
0.30019
0.29913
0.29869
0.29857
0.29881
0.29942
0.30039
0.30171
0.30332
0.30519
0.30723
0.30938
0.3117
0.31394
0.31598
0.31774
0.31911
0.32001
0.32038
0.32018
0.31937
0.31796
0.31521
0.312
0.30847
0.30477
0.30105
0.29749
0.29423
0.29141
0.28916
0.28758
0.28749
0.28811
0.28938
0.29121
0.29349
0.29611
0.29891
0.30177
0.30453
0.30706
0.30879
0.31011
0.31098
0.31137
0.31129
0.31077
0.30984
0.30858
0.30706
0.30539
0.30326
0.30124
0.29947
0.2981
0.29726
0.29708
0.29765
0.29902
0.30123
0.30426
0.30903
0.31443
0.32025
0.32629
0.33232
0.33809
0.3434
0.34801
0.35176
0.3545
0.35483
0.35409
0.35235
0.34975
0.34643
0.3426
0.33844
0.33416
0.32996
0.32606
0.3234
0.32128
0.31977
0.31888
0.31863
0.31899
0.31992
0.32135
0.3232
0.32538
0.32747
0.32972
0.33205
0.33439
0.33668
0.33884
0.34083
0.3426
0.34414
0.3454
0.34613
0.34662
0.34693
0.3471
0.3472
0.3473
0.34745
0.34771
0.34814
0.34879
0.35
0.35145
0.35313
0.355
0.35703
0.35917
0.36137
0.36357
0.36573
0.36778
0.36932
0.3707
0.37193
0.37302
0.37397
0.37481
0.37555
0.37621
0.37682
0.37741
0.37809
0.37877
0.37947
0.38018
0.38092
0.38168
0.38246
0.38326
0.38408
0.3849
0.3856
0.3863
0.38701
0.38773
0.38847
0.38922
0.38999
0.39078
0.39158
0.39239
0.3931
0.39382
0.39456
0.39531
0.39608
0.39686
0.39764
0.39841
0.39917
0.39988
0.4007
0.40144
0.40205
0.4025
0.40277
0.40283
0.40266
0.40225
0.40161
0.40073
0.39915
0.39742
0.39562
0.39385
0.39218
0.39069
0.38944
0.38851
0.38792
0.38771
0.38833
0.38928
0.39049
0.39189
0.39338
0.39485
0.39621
0.39734
0.39816
0.39858
0.39809
0.39711
0.39566
0.39374
0.3914
0.38869
0.38568
0.38245
0.37908
0.37567
0.37227
0.36903
0.36605
0.36341
0.3612
0.35949
0.35833
0.35777
0.35782
0.35849
0.35993
0.36191
0.36439
0.36727
0.37047
0.37388
0.37741
0.38096
0.38441
0.38768
0.39043
0.39286
0.39495
0.39667
0.39801
0.39899
0.39962
0.39994
0.40001
0.39986
0.39929
0.39866
0.39806
0.39758
0.3973
0.39729
0.39761
0.39828
0.39932
0.40073
0.4031
0.40571
0.40844
0.41117
0.41376
0.41607
0.41799
0.4194
0.4202
0.42033
0.41875
0.41653
0.41377
0.41061
0.40718
0.40364
0.40014
0.39684
0.39388
0.39137
0.39016
0.38952
0.38943
0.38985
0.39072
0.39195
0.39345
0.3951
0.39679
0.39842
0.39937
0.40008
0.40052
0.40064
0.40043
0.39987
0.39898
0.39776
0.39624
0.39446
0.39243
0.39024
0.38795
0.38563
0.38335
0.38116
0.37913
0.3773
0.37573
0.37444
0.37364
0.37315
0.37296
0.37305
0.37338
0.37393
0.37465
0.3755
0.37644
0.37742
0.37794
0.37848
0.37905
0.37967
0.38035
0.3811
0.38193
0.38285
0.38385
0.38494
0.38662
0.3883
0.38988
0.39129
0.39246
0.3933
0.39377
0.3938
0.39336
0.39245
0.39009
0.38736
0.3844
0.38133
0.37831
0.37545
0.3729
0.37075
0.36909
0.36797
0.36854
0.36958
0.37095
0.3725
0.37406
0.37545
0.37651
0.37706
0.37698
0.37614
0.37319
0.36948
0.36509
0.36016
0.35483
0.34928
0.34369
0.33822
0.33305
0.32834
0.32503
0.32235
0.32029
0.31884
0.31795
0.31756
0.31758
0.31792
0.31846
0.3191
0.31929
0.31941
0.31939
0.31919
0.31877
0.31811
0.31718
0.31598
0.31452
0.31283
0.3108
0.30861
0.30633
0.30401
0.30172
0.29953
0.29749
0.29567
0.2941
0.29284
0.29213
0.29174
0.29164
0.29182
0.29222
0.29281
0.29354
0.29434
0.29518
0.29599
0.2964
0.29673
0.29698
0.29714
0.29722
0.29722
0.29718
0.29708
0.29697
0.29684
0.29679
0.29675
0.29674
0.29674
0.29676
0.29679
0.29683
0.29686
0.29687
0.29684
0.2967
0.29649
0.29619
0.2958
0.29529
0.29465
0.29386
0.29292
0.29182
0.29056
0.28904
0.28736
0.28554
0.28359
0.28154
0.2794
0.27721
0.27498
0.27275
0.27054
0.26834
0.26621
0.26417
0.26226
0.26048
0.25885
0.2574
0.25611
0.25501
0.25409
0.25323
0.25255
0.25204
0.2517
0.25152
0.25148
0.25156
0.25174
0.25201
0.25231
0.25282
0.2533
0.25371
0.25402
0.25419
0.25419
0.254
0.25362
0.25306
0.25231
0.25092
0.24946
0.24802
0.2467
0.24559
0.24479
0.24437
0.2444
0.24493
0.24598
0.24818
0.25084
0.25389
0.25722
0.26071
0.26424
0.26768
0.2709
0.2738
0.27626
0.27746
0.27814
0.2783
0.27797
0.27721
0.27605
0.27458
0.27284
0.27092
0.26887
0.26727
0.26561
0.26387
0.26205
0.26012
0.25806
0.25585
0.25347
0.25091
0.24813
0.24476
0.24121
0.23755
0.23382
0.23008
0.2264
0.22284
0.21947
0.21634
0.21352
0.21108
0.20904
0.20741
0.20622
0.20548
0.20517
0.20529
0.20579
0.20664
0.20779
0.20936
0.21109
0.21288
0.21464
0.21629
0.21775
0.21893
0.21978
0.22026
0.22032
0.21943
0.21817
0.2166
0.21479
0.21283
0.2108
0.20881
0.20693
0.20525
0.20382
0.20324
0.20296
0.20296
0.20321
0.20365
0.20423
0.20488
0.20554
0.20616
0.20666
0.20644
0.20608
0.20559
0.205
0.20435
0.20367
0.203
0.2024
0.20189
0.20151
0.20168
0.20199
0.20242
0.20297
0.20358
0.20424
0.20491
0.20555
0.20615
0.20667
0.20669
0.20664
0.20655
0.20646
0.20641
0.20642
0.20654
0.20679
0.2072
0.20779
0.2089
0.21016
0.21154
0.21299
0.21447
0.21591
0.21728
0.21852
0.21958
0.22044
0.22062
0.22058
0.22034
0.21994
0.21942
0.21881
0.21817
0.21752
0.21691
0.21637
0.21628
0.21626
0.21629
0.21635
0.21639
0.21638
0.21629
0.21608
0.21573
0.21521
0.21408
0.2128
0.21141
0.20995
0.20848
0.20705
0.20571
0.2045
0.20348
0.20266
0.20242
0.20241
0.20261
0.20299
0.20352
0.20415
0.20485
0.20557
0.20627
0.20692
0.20712
0.20725
0.20731
0.20732
0.20732
0.20731
0.20733
0.20741
0.20755
0.20779
0.20832
0.20894
0.20964
0.21039
0.21116
0.21193
0.21266
0.21333
0.21389
0.21432
0.21448
0.21448
0.21429
0.21394
0.21341
0.21273
0.2119
0.21095
0.2099
0.20879
0.20747
0.20618
0.20494
0.20382
0.20286
0.20209
0.20156
0.20128
0.20127
0.20153
0.20234
0.20338
0.20459
0.20591
0.2073
0.20868
0.20998
0.21116
0.21217
0.21296
0.21302
0.21285
0.21251
0.21201
0.21143
0.21081
0.2102
0.20966
0.20923
0.20895
0.20927
0.20974
0.21034
0.21102
0.21174
0.21245
0.21308
0.2136
0.21395
0.21409
0.2136
0.21287
0.21194
0.21082
0.20955
0.20818
0.20675
0.20532
0.20392
0.20261
0.20151
0.20058
0.19983
0.19928
0.19895
0.19885
0.19895
0.19925
0.19974
0.20037
0.20127
0.20224
0.20322
0.20417
0.20502
0.20574
0.20628
0.20663
0.20675
0.20666
0.20581
0.20481
0.20375
0.20272
0.20179
0.20107
0.20061
0.20051
0.20079
0.20151
0.20329
0.20545
0.20792
0.21062
0.21343
0.21625
0.21897
0.22147
0.22366
0.22545
0.22625
0.22659
0.22646
0.2259
0.22497
0.22373
0.22227
0.22068
0.21904
0.21747
0.21596
0.21471
0.21381
0.21334
0.21337
0.21394
0.21507
0.21677
0.21901
0.22176
0.22562
0.22978
0.23406
0.2383
0.24232
0.24597
0.24909
0.25158
0.25332
0.25426
0.25303
0.25111
0.24867
0.24589
0.24299
0.24017
0.23764
0.2356
0.23421
0.2336
0.23531
0.23783
0.24104
0.24478
0.2489
0.25318
0.25744
0.26146
0.26505
0.26806
0.26912
0.26946
0.2691
0.26811
0.2666
0.26467
0.26248
0.26016
0.25786
0.25575
0.25429
0.25325
0.25271
0.25274
0.25339
0.25465
0.25654
0.259
0.26199
0.26542
0.26988
0.27451
0.27915
0.2836
0.2877
0.29131
0.29429
0.29657
0.29807
0.2988
0.29692
0.29454
0.29194
0.2894
0.28724
0.28575
0.2852
0.28581
0.28776
0.29117
0.29847
0.30703
0.31655
0.32668
0.33702
0.34717
0.35671
0.36525
0.37245
0.378
0.37931
0.37879
0.37655
0.37279
0.36774
0.3617
0.35499
0.34794
0.3409
0.3342
0.32948
0.32554
0.32249
0.3204
0.31929
0.31914
0.31989
0.32146
0.32372
0.32652
0.32951
0.33274
0.33607
0.33935
0.34245
0.34523
0.3476
0.34947
0.3508
0.35156
0.35082
0.34963
0.34815
0.34653
0.34496
0.3436
0.3426
0.34212
0.34226
0.3431
0.34608
0.34969
0.35378
0.35817
0.36265
0.36701
0.37104
0.37453
0.37731
0.37922
0.3787
0.37724
0.37493
0.37191
0.36831
0.36431
0.36011
0.3559
0.35185
0.34815
0.34574
0.3439
0.34264
0.34198
0.3419
0.34233
0.34323
0.34448
0.34599
0.34764
0.3491
0.35048
0.35168
0.3526
0.35316
0.35329
0.35294
0.35208
0.35069
0.34879
0.34589
0.34261
0.33904
0.33533
0.3316
0.32799
0.32463
0.32164
0.31913
0.31719
0.31651
0.31644
0.31697
0.31802
0.31952
0.32139
0.32353
0.32582
0.32818
0.33049
0.33202
0.33339
0.33461
0.33569
0.33664
0.33748
0.33825
0.33898
0.33972
0.34049
0.34167
0.34293
0.34425
0.34562
0.34704
0.34847
0.34991
0.35132
0.3527
0.35402
0.35487
0.35566
0.35643
0.35718
0.35795
0.35875
0.3596
0.3605
0.36147
0.36249
0.3639
0.36532
0.36667
0.3679
0.36895
0.36978
0.37032
0.37053
0.3704
0.3699
0.36831
0.36642
0.36434
0.36215
0.35997
0.35788
0.35599
0.35437
0.35311
0.35224
0.35273
0.35358
0.3547
0.35598
0.35732
0.3586
0.35973
0.3606
0.36115
0.36133
0.35974
0.35787
0.35587
0.35389
0.35209
0.35065
0.34971
0.34941
0.34985
0.35111
0.35451
0.35864
0.36334
0.36843
0.37368
0.37888
0.38379
0.3882
0.39188
0.39466
0.39538
0.39504
0.39363
0.39123
0.38792
0.38382
0.37908
0.37388
0.3684
0.36282
0.35741
0.35228
0.34759
0.34351
0.34015
0.33762
0.33598
0.33527
0.33547
0.33654
0.33905
0.3422
0.34578
0.3496
0.35344
0.35706
0.36027
0.36286
0.36468
0.36559
0.36441
0.36228
0.35928
0.35553
0.35119
0.34644
0.34146
0.33647
0.33165
0.32721
0.32387
0.32117
0.31919
0.31797
0.31753
0.31784
0.31887
0.32053
0.32274
0.32538
0.32848
0.33172
0.33495
0.33799
0.3407
0.34294
0.3446
0.34558
0.34583
0.34531
0.34296
0.33998
0.33656
0.33287
0.32911
0.3255
0.32222
0.31946
0.31737
0.31608
0.31702
0.31877
0.32121
0.32419
0.32754
0.33107
0.3346
0.33792
0.34086
0.34327
0.34343
0.34297
0.34196
0.34049
0.33868
0.33666
0.33457
0.33253
0.33068
0.32912
0.32932
0.32982
0.33055
0.3314
0.33226
0.33302
0.33355
0.33375
0.33353
0.33284
0.33019
0.32715
0.32387
0.32052
0.31728
0.31434
0.31187
0.31005
0.30902
0.3089
0.31097
0.31395
0.31777
0.32228
0.32734
0.33276
0.33837
0.34398
0.34941
0.3545
0.358
0.36098
0.36344
0.3654
0.3669
0.368
0.36877
0.36929
0.36964
0.36991
0.37087
0.37183
0.37277
0.37368
0.37455
0.37535
0.37605
0.37664
0.37707
0.37733
0.3767
0.37595
0.37513
0.3743
0.37353
0.37288
0.37238
0.37209
0.37203
0.3722
0.37323
0.37441
0.37565
0.37685
0.37791
0.37871
0.37916
0.37917
0.37866
0.37758
0.37511
0.3721
0.36862
0.36477
0.36067
0.35645
0.35222
0.34812
0.34427
0.34076
0.33828
0.33626
0.3347
0.33361
0.33293
0.33264
0.33266
0.33293
0.33338
0.33394
0.33396
0.334
0.33404
0.33408
0.33411
0.33412
0.33412
0.33409
0.33404
0.33394
0.33432
0.3346
0.33472
0.33462
0.33427
0.33361
0.33263
0.3313
0.32964
0.32767
0.32454
0.32126
0.31799
0.31486
0.31204
0.30966
0.30785
0.30673
0.30637
0.30682
0.30902
0.31195
0.31548
0.31945
0.32369
0.328
0.33219
0.33607
0.33945
0.34218
0.34319
0.34339
0.3428
0.34145
0.33941
0.33676
0.33363
0.33012
0.32638
0.32252
0.31915
0.31588
0.31279
0.30994
0.3074
0.30519
0.30334
0.30189
0.30082
0.30014
0.29962
0.29946
0.29967
0.30023
0.30112
0.3023
0.30375
0.30544
0.30732
0.30936
0.3115
0.31372
0.31598
0.31826
0.3205
0.3227
0.32481
0.32683
0.32872
0.33049
0.33184
0.33306
0.33418
0.33521
0.33617
0.33708
0.33795
0.33877
0.33953
0.34023
0.34137
0.34233
0.34305
0.34342
0.34337
0.34282
0.34172
0.34003
0.33772
0.3348
0.33025
0.32526
0.31999
0.31461
0.30931
0.30427
0.29965
0.2956
0.29225
0.2897
0.28913
0.28933
0.2902
0.2916
0.29338
0.29535
0.29734
0.29917
0.30068
0.30173
0.30104
0.29978
0.298
0.29577
0.29317
0.29033
0.28737
0.28441
0.28158
0.27901
0.27761
0.27659
0.27598
0.27576
0.27592
0.27641
0.2772
0.27824
0.27947
0.28085
0.2816
0.28246
0.28345
0.28457
0.28586
0.28733
0.28899
0.29085
0.29289
0.29511
0.29802
0.30099
0.30394
0.30675
0.30934
0.3116
0.31345
0.31481
0.31563
0.31586
0.31479
0.31318
0.3111
0.30866
0.30597
0.30314
0.30029
0.29755
0.29503
0.29283
0.29153
0.29066
0.29022
0.29018
0.29052
0.2912
0.29215
0.29332
0.29463
0.29602
0.29692
0.29781
0.29867
0.29949
0.30028
0.30101
0.30169
0.30233
0.30291
0.30344
0.30427
0.305
0.30562
0.30607
0.30634
0.3064
0.30622
0.30581
0.30515
0.30426
0.30259
0.30079
0.29894
0.29713
0.29545
0.294
0.29284
0.29204
0.29165
0.2917
0.2928
0.2943
0.29611
0.29814
0.30029
0.30245
0.3045
0.30635
0.30791
0.30909
0.30911
0.30872
0.30797
0.30692
0.30564
0.30423
0.30277
0.30135
0.30009
0.29904
0.29874
0.29877
0.29914
0.29983
0.30085
0.30215
0.3037
0.30546
0.30736
0.30936
0.31106
0.31277
0.31447
0.31613
0.31772
0.31923
0.32065
0.32195
0.32313
0.32418
0.32525
0.32615
0.32688
0.32742
0.32775
0.32789
0.32782
0.32755
0.32712
0.32652
0.32532
0.32406
0.32283
0.3217
0.32074
0.32002
0.31958
0.31946
0.31969
0.32024
0.32184
0.32365
0.32557
0.32746
0.32919
0.33065
0.33172
0.33229
0.33228
0.33165
0.32928
0.32637
0.32302
0.31941
0.31568
0.31201
0.30857
0.30553
0.30302
0.30117
0.30096
0.30149
0.30272
0.30456
0.30693
0.30971
0.31276
0.31593
0.3191
0.32211
0.32431
0.32617
0.32763
0.32867
0.32926
0.32943
0.32919
0.32858
0.32767
0.32652
0.32501
0.32345
0.32194
0.32058
0.31948
0.31872
0.31837
0.31849
0.3191
0.32022
0.32238
0.32494
0.32778
0.33078
0.33379
0.33668
0.33929
0.3415
0.34317
0.34422
0.34372
0.34254
0.34071
0.3383
0.3354
0.33212
0.32856
0.32485
0.3211
0.31742
0.31448
0.31177
0.3093
0.30711
0.30518
0.30353
0.30212
0.30094
0.29997
0.29916
0.29801
0.29702
0.2962
0.29558
0.29518
0.295
0.29507
0.29539
0.29598
0.29684
0.29832
0.30002
0.3019
0.30392
0.30603
0.30819
0.31036
0.31251
0.31462
0.31667
0.31797
0.31928
0.32069
0.32226
0.32408
0.32623
0.32875
0.33169
0.33508
0.33892
0.344
0.3494
0.35496
0.36053
0.36596
0.37108
0.37574
0.37979
0.38312
0.38561
0.38629
0.38612
0.38518
0.38358
0.38145
0.37893
0.3762
0.3734
0.37071
0.36827
0.36661
0.36544
0.36482
0.36479
0.36537
0.36654
0.36828
0.37053
0.3732
0.37621
0.37949
0.38286
0.38618
0.38933
0.39217
0.39457
0.39642
0.39763
0.39813
0.39787
0.39629
0.39398
0.39103
0.38754
0.38363
0.37944
0.3751
0.37078
0.36661
0.36272
0.35967
0.3571
0.35506
0.35358
0.35268
0.35235
0.35258
0.35334
0.35456
0.35621
0.35786
0.35983
0.36208
0.36456
0.36722
0.37001
0.37289
0.37581
0.37871
0.38155
0.38429
0.38687
0.38927
0.39145
0.39337
0.395
0.39634
0.39737
0.39807
0.39844
0.39846
0.39817
0.39759
0.39675
0.39568
0.39442
0.393
0.39146
0.38985
0.38821
0.38638
0.38462
0.38301
0.3816
0.38044
0.37958
0.37905
0.37887
0.37906
0.37961
0.38075
0.3822
0.38391
0.38582
0.38787
0.38998
0.3921
0.39417
0.39613
0.39794
0.39904
0.39998
0.4008
0.40154
0.40225
0.40298
0.40378
0.40471
0.40579
0.40706
0.40891
0.41094
0.41313
0.41541
0.41774
0.42005
0.42228
0.42437
0.42623
0.42783
0.42886
0.42956
0.4299
0.42988
0.42954
0.42888
0.42794
0.42678
0.42543
0.42397
0.42206
0.4202
0.41849
0.41702
0.41587
0.41511
0.41479
0.41495
0.41559
0.4167
0.4189
0.4214
0.42407
0.42674
0.42925
0.43146
0.4332
0.43434
0.43476
0.43439
0.43222
0.42927
0.42563
0.42143
0.41682
0.41198
0.40707
0.40229
0.39781
0.3938
0.39093
0.38876
0.38737
0.38678
0.387
0.38802
0.38979
0.39226
0.39534
0.39894
0.40281
0.40698
0.41135
0.4158
0.42023
0.42453
0.4286
0.43237
0.43577
0.43873
0.4408
0.44242
0.44362
0.44446
0.44499
0.44528
0.4454
0.44539
0.44533
0.44526
0.44553
0.44583
0.44614
0.44644
0.44668
0.44682
0.44681
0.44658
0.44609
0.44526
0.44398
0.44229
0.44017
0.43759
0.43456
0.43109
0.42723
0.42302
0.41853
0.41385
0.40847
0.40316
0.39809
0.39343
0.38934
0.38599
0.3835
0.38197
0.38148
0.38207
0.38448
0.38788
0.39211
0.39701
0.4024
0.40805
0.41377
0.41932
0.42451
0.42914
0.43221
0.43448
0.43591
0.43649
0.43625
0.43522
0.43347
0.43108
0.42815
0.42479
0.42152
0.41803
0.41438
0.41068
0.40699
0.4034
0.39997
0.39678
0.39388
0.39133
0.38882
0.38677
0.38526
0.38433
0.38402
0.38435
0.38535
0.38699
0.38928
0.39216
0.39574
0.39979
0.40422
0.40893
0.41382
0.41877
0.42367
0.42843
0.43294
0.43712
0.44059
0.4436
0.44615
0.44822
0.44982
0.45095
0.45165
0.45196
0.45191
0.45154
0.45092
0.45009
0.44908
0.44794
0.44671
0.44542
0.4441
0.44276
0.44143
0.4401
0.43886
0.43762
0.43636
0.43506
0.43369
0.43224
0.43068
0.429
0.4272
0.42525
0.4228
0.42025
0.41768
0.41512
0.41264
0.41031
0.40817
0.40627
0.40467
0.40339
0.40261
0.40218
0.40208
0.40227
0.40274
0.40342
0.40426
0.40519
0.40615
0.40707
0.40793
0.40862
0.40905
0.40919
0.40896
0.40835
0.40734
0.40591
0.40408
0.40188
0.39859
0.39511
0.39156
0.38809
0.38485
0.38194
0.3795
0.37761
0.37633
0.37569
0.37689
0.37861
0.38068
0.38292
0.38514
0.38716
0.38879
0.38987
0.39027
0.38989
0.38688
0.38318
0.37896
0.37446
0.36989
0.3655
0.36152
0.35819
0.35569
0.35418
0.35569
0.35821
0.3616
0.36569
0.37028
0.37514
0.38005
0.38481
0.38922
0.39312
0.39421
0.39476
0.39493
0.39489
0.39483
0.39495
0.39544
0.39647
0.3982
0.40073
0.40615
0.41227
0.4189
0.42579
0.43267
0.43928
0.44534
0.45059
0.4548
0.45777
0.45729
0.45552
0.45258
0.44866
0.44398
0.43875
0.43325
0.4277
0.42235
0.41741
0.41485
0.41288
0.41144
0.41046
0.40985
0.40948
0.40923
0.409
0.40867
0.40815
0.40554
0.40281
0.4001
0.39758
0.39543
0.39382
0.39291
0.39283
0.39369
0.39557
0.39994
0.4052
0.41117
0.41761
0.42429
0.43094
0.43729
0.44308
0.44806
0.45203
0.45382
0.45437
0.45366
0.45175
0.44872
0.44469
0.43983
0.43431
0.42837
0.42222
0.41592
0.40991
0.40442
0.39969
0.39592
0.39328
0.3919
0.39186
0.39321
0.39591
0.40095
0.40709
0.41408
0.42164
0.42947
0.43729
0.44478
0.45167
0.45771
0.46271
0.46469
0.46552
0.46531
0.46419
0.46236
0.46001
0.45738
0.45468
0.45211
0.44987
0.4498
0.45019
0.45097
0.45205
0.45332
0.45464
0.45587
0.45689
0.45756
0.45778
0.45583
0.45345
0.45073
0.44782
0.44488
0.44206
0.43952
0.43741
0.43586
0.43498
0.43623
0.43816
0.44067
0.44364
0.44692
0.45038
0.45386
0.45721
0.4603
0.46303
0.46356
0.46374
0.46367
0.4635
0.46337
0.46342
0.46377
0.46452
0.46576
0.46752
0.47172
0.47624
0.48084
0.48526
0.48923
0.49248
0.49476
0.49585
0.49556
0.49379
0.48834
0.48152
0.4736
0.46488
0.45568
0.44638
0.43735
0.42893
0.42149
0.4153
0.41216
0.41059
0.4106
0.41215
0.41512
0.41936
0.42467
0.43084
0.43762
0.44475
0.45097
0.45714
0.46309
0.46871
0.47387
0.47849
0.48248
0.48579
0.48839
0.49027
0.49188
0.49276
0.49292
0.49239
0.4912
0.48943
0.48716
0.48448
0.4815
0.47837
0.47433
0.47049
0.46705
0.46422
0.4622
0.46113
0.46116
0.46237
0.46479
0.46842
0.47458
0.48167
0.48941
0.49753
0.5057
0.51361
0.52096
0.52747
0.53291
0.53708
0.53764
0.5369
0.53505
0.5323
0.5289
0.52512
0.52124
0.51751
0.51418
0.51145
0.51183
0.51287
0.51444
0.51636
0.51841
0.52039
0.52208
0.52325
0.52375
0.52341
0.51976
0.51535
0.51039
0.50514
0.49987
0.49487
0.49042
0.48678
0.48419
0.48286
0.48467
0.48781
0.49215
0.49752
0.50371
0.51047
0.51752
0.52457
0.53135
0.53759
0.54183
0.54516
0.5475
0.54881
0.54907
0.54831
0.54659
0.54399
0.54061
0.53657
0.53227
0.52756
0.5226
0.51749
0.51238
0.50738
0.50259
0.49813
0.49406
0.49046
0.48728
0.48465
0.48259
0.4811
0.48017
0.47977
0.47986
0.48036
0.48122
0.48236
0.48403
0.48581
0.4876
0.48931
0.49088
0.49225
0.49339
0.49429
0.49498
0.4955
0.49423
0.4931
0.49237
0.49229
0.4931
0.49501
0.49818
0.50273
0.5087
0.51608
0.52772
0.54025
0.5532
0.56604
0.57825
0.58932
0.59877
0.6062
0.61127
0.61376
0.60935
0.60261
0.59403
0.58418
0.57366
0.56313
0.55322
0.54454
0.53762
0.53293
0.53478
0.53907
0.54553
0.55383
0.5635
0.57407
0.58499
0.59572
0.60571
0.61447
0.61859
0.62097
0.6216
0.62057
0.61802
0.61417
0.60928
0.60367
0.59768
0.59164
0.58697
0.58283
0.57943
0.57696
0.57555
0.5753
0.57626
0.57845
0.58181
0.58626
0.59169
0.59792
0.60474
0.61194
0.61926
0.62645
0.63325
0.63942
0.64474
0.64899
0.6515
0.65268
0.65248
0.65089
0.64795
0.64372
0.63833
0.6319
0.62463
0.61672
0.60832
0.59974
0.59121
0.58299
0.57531
0.5684
0.56244
0.55763
0.55409
0.55193
0.55124
0.55203
0.55425
0.55786
0.56275
0.56878
0.57578
0.58354
0.59184
0.60045
0.60918
0.6177
0.62577
0.63315
0.63962
0.64498
0.64908
0.65179
0.65304
0.65279
0.65019
0.64624
0.6411
0.635
0.62816
0.62082
0.61325
0.6057
0.5984
0.59158
0.58649
0.58214
0.57855
0.57574
0.57367
0.57231
0.57159
0.57144
0.57179
0.57257
0.57224
0.57234
0.57295
0.57413
0.57597
0.57853
0.58185
0.58596
0.59086
0.5965
0.60413
0.61222
0.62055
0.62885
0.63684
0.64428
0.65089
0.65646
0.66079
0.6637
0.66378
0.66241
0.65968
0.65574
0.65079
0.64504
0.63871
0.63206
0.62531
0.6187
0.61281
0.60741
0.60264
0.59857
0.59526
0.59271
0.59089
0.58974
0.58915
0.58898
0.59
0.59105
0.59187
0.59219
0.5918
0.59048
0.58807
0.58448
0.57965
0.57362
0.56353
0.55272
0.54166
0.53084
0.52075
0.51188
0.50464
0.49942
0.49648
0.49602
0.5022
0.5105
0.52041
0.53134
0.54263
0.55363
0.5637
0.57221
0.57864
0.58256
0.57909
0.57301
0.56468
0.55454
0.54312
0.53103
0.51888
0.50728
0.49684
0.48807
0.48475
0.4836
0.48459
0.48756
0.4923
0.4985
0.50579
0.51376
0.52199
0.53004
0.53581
0.54074
0.54464
0.54733
0.5487
0.5487
0.54731
0.54457
0.54057
0.53546
0.52908
0.52197
0.51438
0.50657
0.49883
0.4914
0.48454
0.47846
0.47333
0.46931
0.4677
0.46723
0.46777
0.4692
0.47132
0.47395
0.47686
0.47986
0.48275
0.48534
0.48571
0.48569
0.48533
0.48475
0.48406
0.48338
0.48285
0.48258
0.48268
0.48323
0.48591
0.48898
0.49229
0.49567
0.49894
0.50192
0.50443
0.5063
0.50739
0.5076
0.50517
0.50191
0.49796
0.49352
0.48877
0.48394
0.47925
0.4749
0.47108
0.46795
0.46675
0.46636
0.4667
0.46768
0.46919
0.47108
0.47317
0.47529
0.47726
0.4789
0.47957
0.47965
0.47909
0.47782
0.47585
0.47317
0.46984
0.46593
0.46155
0.45682
0.45114
0.44548
0.44009
0.4352
0.43103
0.42778
0.42561
0.42463
0.42494
0.42653
0.43088
0.43626
0.44242
0.44903
0.45576
0.46229
0.46826
0.47337
0.47733
0.47991
0.47899
0.47656
0.47271
0.46763
0.4615
0.45457
0.4471
0.43936
0.43161
0.42411
0.41846
0.41335
0.40881
0.40485
0.40142
0.39847
0.39593
0.39369
0.39165
0.3897
0.38695
0.38417
0.38132
0.37841
0.37544
0.37242
0.36939
0.36638
0.36344
0.36062
0.35783
0.35529
0.35305
0.35118
0.34973
0.34873
0.34823
0.34823
0.34871
0.34967
0.35153
0.3537
0.35609
0.35854
0.36094
0.36315
0.36505
0.36651
0.36744
0.36776
0.36668
0.36497
0.36269
0.35993
0.3568
0.3534
0.34987
0.34632
0.34289
0.33969
0.33729
0.33528
0.33369
0.33254
0.33183
0.33154
0.33166
0.33213
0.33291
0.33394
0.33478
0.33578
0.33693
0.33819
0.33954
0.34095
0.34238
0.34381
0.3452
0.34651
0.34781
0.34895
0.34992
0.35065
0.35113
0.35132
0.35119
0.35073
0.34993
0.34879
0.34725
0.34539
0.34323
0.34081
0.33818
0.33537
0.33245
0.32947
0.32651
0.32363
0.32061
0.31783
0.31537
0.31332
0.31176
0.31073
0.31028
0.31044
0.31121
0.31258
0.31485
0.31761
0.32075
0.32415
0.3277
0.33126
0.33472
0.33794
0.34082
0.34325
0.34467
0.34555
0.34588
0.34568
0.34499
0.34385
0.34234
0.34051
0.33847
0.33628
0.33422
0.33216
0.33017
0.3283
0.32659
0.32508
0.3238
0.32276
0.32199
0.32147
0.32107
0.32092
0.32099
0.32128
0.32176
0.32239
0.32313
0.32396
0.32482
0.32568
0.32647
0.32717
0.32775
0.32818
0.32842
0.32847
0.32831
0.32793
0.32733
0.32652
0.32534
0.324
0.32257
0.32108
0.3196
0.31818
0.31686
0.31569
0.31471
0.31394
0.31356
0.31342
0.31351
0.31382
0.31431
0.31495
0.31571
0.31654
0.31739
0.31823
0.3188
0.31928
0.31968
0.31996
0.32012
0.32015
0.32006
0.31985
0.31953
0.3191
0.31857
0.31796
0.31729
0.31658
0.31585
0.31512
0.31441
0.31373
0.3131
0.31254
0.31202
0.31159
0.31126
0.31102
0.31089
0.31086
0.31092
0.31109
0.31134
0.31168
0.31196
0.31231
0.31275
0.31327
0.31387
0.31455
0.3153
0.31613
0.31701
0.31793
0.31898
0.32003
0.32106
0.32203
0.32291
0.32369
0.32434
0.32484
0.32518
0.32535
0.32494
0.3244
0.32377
0.3231
0.32242
0.32179
0.32123
0.32077
0.32044
0.32024
0.32064
0.32111
0.32159
0.32199
0.32224
0.32227
0.32202
0.32143
0.32047
0.3191
0.31666
0.3139
0.31092
0.30782
0.30472
0.30176
0.29907
0.29676
0.29496
0.29376
0.29365
0.29425
0.29557
0.29758
0.30025
0.30351
0.30729
0.31151
0.31605
0.32082
0.32543
0.33006
0.33462
0.339
0.34314
0.34696
0.35039
0.35337
0.35586
0.35783
0.35919
0.36001
0.3603
0.36007
0.35937
0.35823
0.35671
0.35487
0.35276
0.35045
0.34802
0.34553
0.34303
0.34059
0.33827
0.33612
0.33417
0.33246
0.33102
0.32988
0.32893
0.32829
0.32797
0.32795
0.32823
0.32877
0.32955
0.33053
0.33167
0.33291
0.33413
0.33536
0.33655
0.33768
0.33868
0.33952
0.34016
0.34056
0.34068
0.34051
0.3402
0.33955
0.33852
0.33712
0.33533
0.33318
0.33069
0.32789
0.32484
0.32161
0.31757
0.31357
0.30977
0.30631
0.30333
0.30097
0.29932
0.29847
0.29847
0.29933
0.30205
0.30546
0.30941
0.31368
0.31807
0.32237
0.32636
0.32986
0.33268
0.33469
0.33449
0.33342
0.33158
0.32909
0.32611
0.3228
0.31934
0.31593
0.31273
0.30992
0.30859
0.30781
0.30759
0.30789
0.30867
0.30986
0.31137
0.3131
0.31494
0.31679
0.31781
0.3187
0.31942
0.31996
0.3203
0.32045
0.32039
0.32014
0.31971
0.3191
0.31874
0.3182
0.31747
0.31653
0.31537
0.31399
0.31241
0.31062
0.30866
0.30656
0.30381
0.30107
0.29844
0.29604
0.29398
0.29235
0.29124
0.29074
0.29089
0.29174
0.29372
0.29636
0.29958
0.30328
0.30735
0.31167
0.31612
0.32056
0.32485
0.32888
0.33219
0.33505
0.33743
0.33929
0.34062
0.34143
0.34174
0.34161
0.34108
0.34025
0.33896
0.33756
0.33616
0.33488
0.33383
0.33311
0.33281
0.33301
0.33376
0.33509
0.33756
0.34056
0.34401
0.34782
0.35186
0.35602
0.36018
0.36423
0.36806
0.37158
0.37371
0.37548
0.37695
0.37819
0.37927
0.38026
0.38124
0.38228
0.38343
0.38473
0.38718
0.38972
0.39223
0.39459
0.39668
0.39837
0.39955
0.4001
0.39994
0.399
0.39638
0.39303
0.38904
0.38455
0.37972
0.3747
0.36969
0.36486
0.36041
0.3565
0.35347
0.35126
0.34997
0.34967
0.3504
0.35217
0.35495
0.35867
0.36325
0.36855
0.37478
0.38139
0.38814
0.39483
0.40121
0.40706
0.41218
0.41639
0.41953
0.42148
0.42134
0.41998
0.41746
0.4139
0.40945
0.40427
0.39855
0.3925
0.38632
0.3802
0.37492
0.37002
0.36558
0.36169
0.3584
0.35574
0.35374
0.35237
0.35162
0.35145
0.35134
0.35174
0.3526
0.3539
0.35558
0.3576
0.35988
0.36238
0.36501
0.3677
0.37057
0.37334
0.37594
0.37829
0.38033
0.38198
0.38322
0.384
0.3843
0.38413
0.38323
0.38193
0.38029
0.37841
0.37635
0.37423
0.37214
0.37018
0.36842
0.36697
0.3659
0.36525
0.36508
0.36539
0.36621
0.36752
0.36929
0.37147
0.374
0.3768
0.37984
0.38295
0.38603
0.38895
0.3916
0.39388
0.39567
0.39691
0.3975
0.39741
0.39635
0.39457
0.39212
0.38906
0.38545
0.38139
0.377
0.37238
0.36767
0.36299
0.35835
0.35401
0.35012
0.34679
0.34414
0.34224
0.34117
0.34096
0.34162
0.34314
0.34589
0.34937
0.35343
0.35794
0.36274
0.36767
0.37258
0.37732
0.38173
0.38571
0.38827
0.39029
0.39181
0.39285
0.3935
0.39381
0.39387
0.39376
0.39355
0.39331
0.39401
0.3947
0.39533
0.39585
0.3962
0.39631
0.39612
0.39558
0.39465
0.39331
0.39042
0.38724
0.3839
0.38055
0.37734
0.37443
0.37194
0.37
0.36871
0.36815
0.36942
0.37138
0.37391
0.37687
0.38011
0.38347
0.38677
0.38987
0.39262
0.3949
0.39537
0.39532
0.39482
0.39395
0.39285
0.39162
0.39042
0.38936
0.38857
0.38816
0.38933
0.39093
0.39293
0.39526
0.39782
0.40052
0.40328
0.406
0.4086
0.41099
0.41161
0.41207
0.41247
0.41291
0.41352
0.41439
0.41561
0.41725
0.41933
0.42187
0.42683
0.43197
0.43702
0.4417
0.44572
0.44882
0.45077
0.45138
0.45053
0.44814
0.44138
0.43342
0.42465
0.41551
0.40644
0.39791
0.39037
0.38422
0.37981
0.37741
0.38
0.38462
0.39101
0.39883
0.40768
0.41714
0.42671
0.43594
0.44437
0.45157
0.45496
0.45665
0.4566
0.45486
0.4515
0.44669
0.44063
0.43356
0.42576
0.41751
0.40989
0.40234
0.39506
0.38824
0.38204
0.37662
0.37206
0.36844
0.3658
0.36414
0.36366
0.36404
0.36518
0.36695
0.3692
0.37178
0.37453
0.37729
0.37994
0.38235
0.38342
0.38417
0.38463
0.38486
0.38493
0.38493
0.38494
0.38505
0.38535
0.38589
0.38769
0.38974
0.39197
0.39432
0.39668
0.39897
0.40108
0.40292
0.40442
0.40552
0.40523
0.40454
0.40353
0.40228
0.4009
0.39948
0.39814
0.39698
0.39609
0.39556
0.39593
0.39671
0.39789
0.39943
0.40127
0.40334
0.40556
0.40783
0.41006
0.41214
0.41369
0.41493
0.4158
0.41627
0.41628
0.41583
0.41489
0.41348
0.41161
0.4093
0.40659
0.40355
0.40025
0.39676
0.39316
0.38955
0.38601
0.38263
0.3795
0.3767
0.37403
0.37186
0.37026
0.36929
0.369
0.36939
0.37049
0.37225
0.37464
0.37757
0.3815
0.38572
0.39008
0.39439
0.39848
0.40216
0.40529
0.40773
0.40935
0.41009
0.40886
0.40676
0.40392
0.40046
0.39654
0.39234
0.38802
0.38377
0.37975
0.3761
0.37391
0.37222
0.37102
0.37028
0.36992
0.36988
0.37006
0.37038
0.37074
0.37105
0.3703
0.36945
0.36854
0.3676
0.3667
0.3659
0.36524
0.3648
0.36463
0.36476
0.3658
0.36716
0.36878
0.37061
0.3726
0.37467
0.37675
0.37878
0.38069
0.38242
0.38334
0.38405
0.38456
0.38491
0.38514
0.38529
0.3854
0.38552
0.38567
0.38589
0.38666
0.3875
0.38837
0.38925
0.39009
0.39086
0.3915
0.392
0.39231
0.39243
0.39159
0.39061
0.38957
0.38855
0.38763
0.38689
0.38641
0.38624
0.38642
0.38698
0.38881
0.39093
0.39324
0.39562
0.39793
0.40006
0.4019
0.40334
0.40431
0.40475
0.40326
0.40133
0.39912
0.39678
0.39449
0.39243
0.39076
0.38963
0.38916
0.38943
0.39206
0.39536
0.39918
0.40332
0.4076
0.41178
0.41566
0.41905
0.42177
0.42367
0.42271
0.42094
0.41851
0.4156
0.41241
0.40913
0.40599
0.40316
0.40081
0.39909
0.39993
0.40137
0.40326
0.40541
0.40761
0.40965
0.41131
0.4124
0.41274
0.41218
0.4089
0.40472
0.39982
0.39436
0.38858
0.38271
0.37701
0.37173
0.36711
0.36339
0.36173
0.36122
0.36189
0.36371
0.36665
0.37062
0.3755
0.38115
0.38741
0.39409
0.40058
0.40716
0.41368
0.41998
0.42594
0.43142
0.43632
0.44054
0.44402
0.4467
0.44816
0.44883
0.44875
0.44798
0.4466
0.44471
0.44239
0.43973
0.43684
0.43378
0.43145
0.42905
0.42654
0.42392
0.42116
0.41826
0.4152
0.412
0.40868
0.40527
0.40021
0.39534
0.39089
0.38709
0.38416
0.38229
0.38167
0.3824
0.38456
0.38818
0.39541
0.40376
0.4129
0.42245
0.43203
0.44125
0.44973
0.45714
0.4632
0.46768
0.46758
0.46595
0.46304
0.45918
0.45473
0.45006
0.44556
0.44161
0.43853
0.43662
0.43882
0.44229
0.44689
0.45238
0.45848
0.46489
0.47127
0.4773
0.48266
0.48707
0.48781
0.48739
0.48589
0.48344
0.4802
0.47637
0.47216
0.46781
0.46351
0.45948
0.45776
0.45646
0.45555
0.45495
0.45457
0.45432
0.4541
0.4538
0.45335
0.45268
0.44983
0.44686
0.44396
0.44131
0.4391
0.4375
0.43669
0.43679
0.4379
0.44008
0.44522
0.45122
0.45784
0.46477
0.47172
0.47839
0.48445
0.48964
0.49371
0.49647
0.49573
0.49364
0.49034
0.48604
0.48098
0.47545
0.46972
0.46409
0.45884
0.45422
0.45188
0.45044
0.44992
0.45028
0.45144
0.4533
0.45573
0.45857
0.46166
0.46482
0.46694
0.46891
0.47063
0.47208
0.47321
0.474
0.47445
0.47456
0.47434
0.47383
0.47335
0.47263
0.47168
0.47054
0.46925
0.46783
0.46633
0.46479
0.46327
0.46181
0.45996
0.45831
0.45694
0.45594
0.45538
0.45529
0.45572
0.45668
0.45815
0.4601
0.46325
0.46668
0.47023
0.47373
0.47702
0.47993
0.48232
0.48406
0.48506
0.48525
0.48315
0.48035
0.47705
0.47344
0.46974
0.46617
0.46295
0.46028
0.45832
0.45722
0.45865
0.46094
0.46398
0.4676
0.47162
0.47583
0.48003
0.48401
0.48759
0.49061
0.49131
0.49137
0.4909
0.49
0.48884
0.48756
0.48633
0.48534
0.48474
0.48466
0.48619
0.48836
0.49114
0.49447
0.49826
0.50241
0.50679
0.51124
0.51563
0.5198
0.52309
0.52593
0.52824
0.52997
0.53106
0.5315
0.53128
0.53042
0.52894
0.52689
0.52427
0.52123
0.51789
0.51436
0.51074
0.50717
0.50376
0.50063
0.49788
0.49561
0.49374
0.49251
0.49199
0.49221
0.4932
0.49495
0.49743
0.5006
0.50437
0.50865
0.51382
0.51923
0.52469
0.53003
0.53508
0.53967
0.54367
0.54696
0.54946
0.55112
0.55056
0.5493
0.54752
0.54543
0.54323
0.54114
0.53937
0.53809
0.53748
0.53764
0.54035
0.54379
0.54779
0.55216
0.55667
0.5611
0.56522
0.5688
0.57166
0.57364
0.57255
0.57059
0.56792
0.56472
0.56122
0.55767
0.55429
0.55132
0.54896
0.5474
0.54845
0.55038
0.55308
0.55641
0.56021
0.56429
0.56845
0.57248
0.57621
0.57945
0.58062
0.58118
0.58117
0.58066
0.57976
0.57858
0.57725
0.57591
0.57469
0.57373
0.57371
0.5741
0.57492
0.57617
0.57783
0.57985
0.58219
0.58477
0.58749
0.59025
0.59292
0.59543
0.59768
0.59958
0.60104
0.602
0.60239
0.60219
0.60137
0.59995
0.59716
0.59392
0.59038
0.58669
0.583
0.57949
0.57628
0.57352
0.57132
0.56975
0.56977
0.57041
0.57159
0.57319
0.57508
0.5771
0.57911
0.58097
0.58252
0.58366
0.58339
0.58261
0.58138
0.57974
0.57779
0.57563
0.57338
0.57116
0.56912
0.56736
0.56596
0.56509
0.56483
0.56526
0.56644
0.56836
0.57103
0.5744
0.57837
0.58286
0.58862
0.59451
0.60028
0.60566
0.61041
0.61428
0.61708
0.61863
0.61882
0.61758
0.61295
0.60711
0.60034
0.59296
0.58529
0.5777
0.57051
0.56406
0.55861
0.55441
0.55357
0.55406
0.55576
0.55846
0.56193
0.56589
0.57006
0.57412
0.57779
0.58079
0.58125
0.58075
0.57928
0.57685
0.57354
0.56946
0.56475
0.55954
0.55403
0.54839
0.54332
0.53843
0.53382
0.5296
0.52586
0.52264
0.51999
0.51793
0.51645
0.51551
0.51511
0.51513
0.51549
0.51609
0.5168
0.51753
0.51815
0.51856
0.51865
0.51834
0.51703
0.51525
0.51299
0.51029
0.5072
0.50377
0.50006
0.49615
0.49212
0.48804
0.48423
0.48051
0.4769
0.47346
0.47021
0.46717
0.46435
0.46177
0.45943
0.45731
0.45522
0.45336
0.45173
0.45033
0.44915
0.4482
0.44746
0.44692
0.44657
0.4464
0.44623
0.44623
0.4464
0.44672
0.4472
0.44783
0.4486
0.44948
0.45047
0.45153
0.4527
0.45388
0.45503
0.45612
0.45709
0.45792
0.45855
0.45895
0.45909
0.45894
0.45824
0.45724
0.45596
0.45442
0.45264
0.45066
0.4485
0.44621
0.44382
0.44136
0.43895
0.43654
0.43414
0.43178
0.42946
0.42721
0.42505
0.42297
0.42099
0.41913
0.41713
0.41528
0.41362
0.41218
0.41099
0.41007
0.40944
0.4091
0.40905
0.4093
0.40995
0.41084
0.41192
0.41316
0.41449
0.41586
0.41722
0.41851
0.41968
0.42068
0.42109
0.42128
0.42127
0.42106
0.42068
0.42013
0.41944
0.41863
0.41771
0.41671
0.41611
0.41541
0.41458
0.41356
0.41235
0.41093
0.40927
0.40739
0.40529
0.40303
0.39959
0.39618
0.39296
0.3901
0.38777
0.3861
0.38524
0.38527
0.38626
0.38823
0.39245
0.39746
0.40307
0.40904
0.41512
0.42105
0.42658
0.43147
0.4355
0.43849
0.43883
0.43804
0.4362
0.43343
0.42989
0.42577
0.42126
0.41658
0.41191
0.40745
0.40426
0.40151
0.39925
0.39747
0.39616
0.39528
0.39475
0.3945
0.39444
0.39445
0.39421
0.39387
0.39334
0.39256
0.39146
0.39002
0.38822
0.38605
0.38355
0.38076
0.377
0.37317
0.36944
0.366
0.363
0.36061
0.35898
0.35822
0.35842
0.35963
0.36297
0.3672
0.37215
0.37761
0.38337
0.38918
0.39482
0.40006
0.40467
0.40848
0.40992
0.41041
0.40998
0.40872
0.40671
0.4041
0.40102
0.3976
0.394
0.39036
0.38803
0.38577
0.38355
0.38136
0.37914
0.37684
0.37443
0.37186
0.36911
0.36616
0.36157
0.35693
0.35244
0.34825
0.34455
0.3415
0.33926
0.33794
0.33763
0.33838
0.34169
0.34591
0.35083
0.35621
0.36181
0.36737
0.37263
0.37735
0.38132
0.38435
0.38466
0.38397
0.38237
0.38001
0.37707
0.37374
0.37024
0.36676
0.36352
0.36069
0.35961
0.35911
0.35919
0.35979
0.36085
0.36225
0.36388
0.36562
0.36733
0.36887
0.36951
0.3698
0.3697
0.3692
0.36828
0.36695
0.36526
0.36324
0.36096
0.35849
0.35566
0.35285
0.35018
0.34776
0.3457
0.3441
0.34305
0.34261
0.34282
0.34369
0.34578
0.34843
0.35151
0.35489
0.35841
0.36193
0.36527
0.36829
0.37085
0.37281
0.37337
0.37323
0.37241
0.37095
0.3689
0.36637
0.36344
0.36022
0.35684
0.35341
0.3503
0.34734
0.34462
0.34221
0.34016
0.33851
0.33729
0.33651
0.33615
0.33621
0.33675
0.3376
0.33869
0.33996
0.34133
0.3427
0.34402
0.34521
0.34622
0.34699
0.34687
0.34652
0.34599
0.34534
0.34464
0.34395
0.34334
0.34286
0.34256
0.34246
0.34328
0.34427
0.34535
0.34643
0.34742
0.34823
0.34876
0.34893
0.34866
0.3479
0.34586
0.34334
0.34041
0.33717
0.33371
0.33016
0.32661
0.3232
0.32003
0.31721
0.31521
0.31369
0.31267
0.31215
0.31213
0.31258
0.31344
0.31468
0.31621
0.31796
0.31965
0.32142
0.32321
0.32495
0.3266
0.32809
0.32938
0.33042
0.33119
0.33165
0.33168
0.33139
0.33082
0.32997
0.32889
0.32761
0.32616
0.32461
0.32299
0.32136
0.31984
0.31839
0.31705
0.31584
0.31478
0.31392
0.31325
0.3128
0.31257
0.31257
0.3126
0.31287
0.31341
0.31422
0.3153
0.31664
0.31824
0.32007
0.32212
0.32435
0.32673
0.32921
0.33174
0.33427
0.33673
0.33907
0.34124
0.34317
0.34482
0.34613
0.34714
0.34774
0.34788
0.34756
0.34675
0.34547
0.34374
0.34157
0.33902
0.33616
0.33253
0.32878
0.32504
0.32143
0.31809
0.31513
0.31266
0.31077
0.30952
0.30895
0.30967
0.31101
0.31287
0.31514
0.31767
0.32033
0.32297
0.32545
0.32762
0.32937
0.32994
0.32997
0.32945
0.32842
0.32691
0.32501
0.32278
0.32031
0.31772
0.3151
0.31267
0.3104
0.30838
0.30667
0.30532
0.3044
0.30392
0.30389
0.30431
0.30515
0.30667
0.3085
0.31055
0.31272
0.31491
0.31704
0.319
0.32072
0.32214
0.32321
0.32306
0.32261
0.32194
0.32117
0.32039
0.31973
0.31929
0.31918
0.31947
0.32024
0.32244
0.32509
0.32812
0.33143
0.3349
0.33841
0.34183
0.34504
0.34793
0.35041
0.35146
0.35205
0.35224
0.35212
0.35176
0.35126
0.35073
0.35027
0.34998
0.34993
0.35074
0.35187
0.3533
0.35502
0.35696
0.35908
0.36128
0.36349
0.36563
0.3676
0.36907
0.37022
0.37102
0.37142
0.3714
0.37093
0.37002
0.36867
0.36691
0.36477
0.36207
0.35912
0.35601
0.35283
0.34968
0.34665
0.34384
0.34133
0.3392
0.33749
0.33655
0.33609
0.33611
0.33659
0.3375
0.33878
0.34039
0.34227
0.34435
0.34657
0.34847
0.35043
0.35244
0.3545
0.3566
0.35873
0.3609
0.3631
0.36534
0.36761
0.3702
0.37278
0.37533
0.37782
0.38021
0.38248
0.3846
0.38655
0.38832
0.3899
0.39078
0.39152
0.3922
0.39287
0.39358
0.39441
0.39539
0.39656
0.39796
0.39959
0.40193
0.40444
0.40702
0.4096
0.41207
0.41433
0.41628
0.41785
0.41895
0.41951
0.41882
0.41758
0.41586
0.41374
0.4113
0.40864
0.40586
0.40307
0.40036
0.39784
0.39613
0.39471
0.3936
0.39279
0.39228
0.39204
0.39205
0.39229
0.39272
0.39331
0.3933
0.39346
0.39386
0.39453
0.39552
0.39685
0.39855
0.40063
0.40307
0.40586
0.40968
0.41366
0.41767
0.42155
0.42516
0.42834
0.43096
0.4329
0.43406
0.43437
0.43293
0.43067
0.4277
0.42416
0.42019
0.41596
0.41165
0.40744
0.4035
0.39999
0.39748
0.39563
0.3945
0.39411
0.39447
0.39555
0.39731
0.39968
0.40257
0.40587
0.40933
0.41297
0.41666
0.42027
0.42369
0.42681
0.4295
0.43169
0.43331
0.43429
0.43429
0.43364
0.43237
0.43054
0.42822
0.4255
0.42246
0.41922
0.41588
0.41254
0.40943
0.40651
0.40385
0.40149
0.3995
0.3979
0.39672
0.39595
0.39559
0.39561
0.39581
0.39633
0.39713
0.39816
0.39937
0.4007
0.40208
0.40344
0.40473
0.40588
0.40697
0.40781
0.40833
0.4085
0.40829
0.40768
0.40667
0.4053
0.40359
0.40161
0.39872
0.39577
0.39293
0.39036
0.38822
0.38664
0.38576
0.38567
0.38645
0.38812
0.39172
0.39608
0.40106
0.40645
0.41207
0.41769
0.42311
0.42812
0.43254
0.43621
0.43769
0.43832
0.43818
0.43736
0.43597
0.43417
0.43209
0.42988
0.42769
0.42565
0.42478
0.42417
0.42381
0.42367
0.42368
0.42376
0.42383
0.42379
0.42355
0.423
0.42156
0.41969
0.41738
0.41462
0.41142
0.4078
0.40381
0.3995
0.39494
0.39021
0.38523
0.38029
0.37548
0.37093
0.36675
0.36303
0.35987
0.35734
0.35548
0.35435
0.35428
0.35491
0.35618
0.35801
0.3603
0.36296
0.36588
0.36893
0.37201
0.375
0.37725
0.37927
0.38102
0.38248
0.38363
0.38446
0.38499
0.38521
0.38514
0.38479
0.38455
0.38401
0.38315
0.38195
0.3804
0.37847
0.37616
0.37348
0.37042
0.36702
0.36284
0.35842
0.35386
0.34925
0.3447
0.34029
0.33613
0.33231
0.32891
0.32598
0.32377
0.3221
0.32098
0.32039
0.32031
0.32068
0.32144
0.32253
0.32387
0.32537
0.32689
0.32841
0.32985
0.33114
0.33221
0.33301
0.3335
0.33363
0.3334
0.33279
0.33155
0.33
0.3282
0.32624
0.32417
0.32209
0.32008
0.3182
0.31653
0.31513
0.31419
0.31358
0.3133
0.31334
0.31368
0.31427
0.31506
0.31598
0.31698
0.31796
0.31891
0.3197
0.32024
0.32047
0.32032
0.31976
0.31873
0.31723
0.31525
0.31283
0.30932
0.30552
0.30155
0.29755
0.29367
0.29003
0.28677
0.28399
0.28179
0.28022
0.28039
0.28114
0.28239
0.28399
0.28581
0.28771
0.28953
0.29116
0.29248
0.2934
0.29229
0.29083
0.28915
0.28741
0.28577
0.28439
0.28343
0.28303
0.28329
0.2843
0.28782
0.29196
0.29653
0.30131
0.30606
0.31055
0.31453
0.3178
0.32016
0.32146
0.31971
0.31692
0.31326
0.30894
0.30417
0.29921
0.29432
0.28975
0.28571
0.28241
0.28153
0.28154
0.28236
0.28392
0.28607
0.28865
0.2915
0.29442
0.29724
0.29977
0.30086
0.30147
0.30158
0.3012
0.30036
0.29911
0.29753
0.29571
0.29374
0.29173
0.28988
0.2882
0.28679
0.28573
0.28509
0.28492
0.28527
0.28615
0.28754
0.28942
0.29226
0.29542
0.29877
0.30215
0.30543
0.30846
0.31109
0.31322
0.31475
0.3156
0.31471
0.31317
0.31111
0.30864
0.30592
0.30309
0.30033
0.29778
0.29559
0.29388
0.29366
0.29401
0.29488
0.29621
0.29793
0.29991
0.30206
0.30426
0.30638
0.30832
0.30917
0.30971
0.30995
0.3099
0.30958
0.30903
0.30828
0.30739
0.30641
0.30538
0.30478
0.30418
0.30356
0.30293
0.30227
0.30156
0.30079
0.29995
0.29901
0.29796
0.2964
0.29477
0.29311
0.29147
0.28988
0.28841
0.28707
0.28592
0.28498
0.28427
0.28415
0.28425
0.28453
0.28496
0.2855
0.28609
0.2867
0.28729
0.28782
0.28826
0.28805
0.28778
0.28749
0.28724
0.28709
0.28708
0.28728
0.28771
0.28842
0.28942
0.29121
0.29325
0.29545
0.29774
0.30002
0.30222
0.30422
0.30595
0.30733
0.30828
0.30804
0.30734
0.30623
0.30475
0.30297
0.30095
0.29877
0.2965
0.29421
0.29194
0.29066
0.28943
0.28821
0.28695
0.28561
0.28414
0.28252
0.28074
0.2788
0.27671
0.27297
0.26935
0.26605
0.2633
0.26131
0.26028
0.26036
0.26169
0.26434
0.26832
0.27565
0.284
0.29306
0.30247
0.31184
0.3208
0.32898
0.33603
0.34166
0.34564
0.34546
0.34357
0.34018
0.33553
0.32992
0.32369
0.31719
0.31077
0.30478
0.29954
0.29717
0.29587
0.29565
0.29645
0.2982
0.30075
0.30395
0.30762
0.31156
0.31558
0.31823
0.3207
0.32295
0.32495
0.32669
0.32816
0.32937
0.33036
0.33114
0.33176
0.33279
0.33368
0.33441
0.33495
0.33531
0.33547
0.33541
0.33514
0.33465
0.33394
0.33256
0.33103
0.32943
0.32783
0.32628
0.32485
0.32359
0.32255
0.32176
0.32124
0.32161
0.32219
0.3229
0.32368
0.32443
0.32508
0.32555
0.32578
0.32573
0.32536
0.32345
0.32133
0.31916
0.31706
0.3152
0.3137
0.31269
0.31228
0.31253
0.31349
0.3167
0.32045
0.32453
0.32871
0.33275
0.33642
0.33949
0.34175
0.34305
0.34325
0.34046
0.33665
0.332
0.32677
0.3212
0.3156
0.31023
0.3054
0.30137
0.29837
0.29807
0.29901
0.30117
0.30446
0.30877
0.31396
0.31985
0.32624
0.33293
0.33971
0.34513
0.35037
0.35538
0.36012
0.36456
0.36868
0.37247
0.37591
0.379
0.38174
0.38524
0.38827
0.39073
0.39252
0.39355
0.39376
0.3931
0.39155
0.38913
0.38589
0.38023
0.3741
0.36779
0.36159
0.35581
0.35074
0.34663
0.34371
0.34214
0.34204
0.34549
0.35026
0.35609
0.36267
0.36967
0.37674
0.38352
0.38969
0.39494
0.39902
0.39957
0.39881
0.39687
0.39395
0.39026
0.38609
0.38171
0.37742
0.37352
0.37029
0.36923
0.36916
0.37013
0.37215
0.37516
0.3791
0.38384
0.38923
0.3951
0.40125
0.40721
0.41308
0.4187
0.42388
0.4285
0.43242
0.43555
0.43781
0.43919
0.43967
0.43851
0.43665
0.43424
0.43148
0.42858
0.42574
0.42319
0.4211
0.41967
0.41902
0.42025
0.42236
0.42533
0.42905
0.43343
0.43833
0.44359
0.44906
0.45456
0.45995
0.46406
0.46785
0.47131
0.4744
0.47715
0.47955
0.48164
0.48343
0.48497
0.48628
0.48786
0.48922
0.49034
0.49122
0.49181
0.4921
0.49205
0.49166
0.49091
0.48979
0.48822
0.4863
0.48406
0.48155
0.47882
0.47592
0.47296
0.47
0.46715
0.46453
0.46133
0.45865
0.45667
0.45556
0.45547
0.45653
0.45881
0.46236
0.46717
0.47319
0.48193
0.49149
0.50154
0.51173
0.52171
0.53112
0.53964
0.54697
0.55288
0.55719
0.55744
0.55615
0.55358
0.55002
0.5458
0.5413
0.53688
0.53289
0.52968
0.52751
0.52878
0.53131
0.535
0.5397
0.54521
0.5513
0.55771
0.56414
0.57033
0.576
0.57909
0.58136
0.58281
0.58344
0.5833
0.58245
0.58097
0.57896
0.57652
0.57375
0.57189
0.56978
0.56738
0.56466
0.56159
0.55814
0.55427
0.54995
0.54519
0.53998
0.5332
0.52614
0.51894
0.51178
0.50481
0.4982
0.49208
0.48658
0.48181
0.47784
0.47569
0.47431
0.47358
0.47336
0.47351
0.47386
0.47424
0.4745
0.47448
0.47407
0.47212
0.46969
0.46683
0.46361
0.46013
0.45652
0.45289
0.44938
0.44612
0.44326
0.44129
0.43988
0.43909
0.43894
0.43944
0.44057
0.4423
0.44456
0.44728
0.45037
0.45374
0.45728
0.46085
0.46434
0.46763
0.47062
0.47321
0.47532
0.47689
0.47788
0.47774
0.47706
0.47591
0.47438
0.47258
0.47062
0.46863
0.46671
0.46499
0.46357
0.46268
0.46222
0.46222
0.46269
0.46361
0.46497
0.46668
0.46868
0.47088
0.47316
0.47569
0.47803
0.48004
0.48158
0.48252
0.48273
0.48212
0.48064
0.47825
0.47494
0.46967
0.46368
0.45719
0.45042
0.44358
0.43692
0.43065
0.42499
0.42011
0.41616
0.41455
0.41392
0.41417
0.41517
0.41676
0.41876
0.42099
0.42325
0.42537
0.42719
0.42711
0.42662
0.42577
0.42464
0.42332
0.42193
0.42058
0.41939
0.41847
0.41791
0.41885
0.42019
0.42185
0.42376
0.42582
0.42791
0.42993
0.43176
0.43329
0.43444
0.43412
0.43336
0.4322
0.43071
0.42896
0.42703
0.425
0.42294
0.42094
0.41905
0.41805
0.41718
0.41642
0.4157
0.41497
0.41416
0.41321
0.41208
0.4107
0.40906
0.40637
0.40345
0.40039
0.39727
0.39419
0.39125
0.38856
0.38621
0.38429
0.38286
0.38224
0.38219
0.3827
0.38375
0.38527
0.38721
0.38948
0.39199
0.39462
0.39726
0.39996
0.40241
0.40449
0.40606
0.40703
0.40731
0.40684
0.40559
0.40354
0.40073
0.39632
0.39137
0.38608
0.38066
0.37533
0.3703
0.36579
0.36197
0.35901
0.35703
0.35719
0.35837
0.36048
0.36339
0.36694
0.37097
0.37528
0.37967
0.38395
0.38795
0.39034
0.39225
0.39368
0.39463
0.39515
0.39529
0.3951
0.39466
0.39404
0.39331
0.39334
0.3933
0.39318
0.39293
0.39254
0.39195
0.39113
0.39005
0.38868
0.38702
0.38437
0.38148
0.37845
0.37536
0.37231
0.3694
0.36671
0.36433
0.36234
0.36079
0.36005
0.35979
0.35999
0.36062
0.36162
0.36292
0.36444
0.36608
0.36776
0.36936
0.37069
0.37176
0.37251
0.37286
0.37277
0.3722
0.3711
0.36948
0.36734
0.36471
0.36126
0.35743
0.35334
0.34907
0.34475
0.34049
0.33638
0.33253
0.32902
0.32592
0.32369
0.32192
0.3206
0.31967
0.3191
0.31882
0.31875
0.31882
0.31896
0.3191
0.31871
0.31824
0.31768
0.31704
0.31633
0.31558
0.31482
0.31408
0.31339
0.3128
0.31245
0.31226
0.31226
0.31245
0.31286
0.31349
0.31435
0.31543
0.31672
0.31821
0.31983
0.32161
0.32352
0.32554
0.32763
0.32976
0.33189
0.334
0.33604
0.33799
0.33967
0.34121
0.3426
0.34383
0.34489
0.34578
0.3465
0.34705
0.34743
0.34765
0.34768
0.34757
0.34732
0.34694
0.34645
0.34585
0.34516
0.34437
0.34349
0.34252
0.34149
0.34037
0.33917
0.33789
0.33652
0.33508
0.33355
0.33196
0.3303
0.32859
0.32664
0.32469
0.32277
0.32093
0.31921
0.31764
0.31625
0.31508
0.31414
0.31345
0.3131
0.31299
0.31312
0.31346
0.31399
0.31466
0.31544
0.31628
0.31715
0.31801
0.31875
0.3194
0.31993
0.32032
0.32055
0.3206
0.32047
0.32017
0.31971
0.3191
0.31811
0.31705
0.31599
0.31498
0.31408
0.31334
0.31282
0.31253
0.31252
0.3128
0.31365
0.31475
0.31603
0.31744
0.31889
0.32032
0.32165
0.32279
0.32368
0.32424
0.32394
0.32327
0.32223
0.32085
0.31917
0.31721
0.31503
0.31268
0.31021
0.30766
0.30551
0.30334
0.30114
0.29892
0.29669
0.29443
0.29216
0.28988
0.28761
0.28538
0.28258
0.27995
0.27757
0.27555
0.27398
0.27295
0.27254
0.2728
0.27377
0.27547
0.27847
0.28211
0.28628
0.29086
0.2957
0.30066
0.30559
0.31033
0.31474
0.3187
0.32141
0.3235
0.32497
0.32582
0.32607
0.32576
0.32493
0.32364
0.32196
0.31996
0.31822
0.31625
0.31405
0.31165
0.30905
0.30628
0.30336
0.30031
0.29716
0.29394
0.28997
0.28609
0.28241
0.27905
0.27611
0.27369
0.27188
0.27073
0.27028
0.27056
0.2724
0.27484
0.27774
0.28097
0.28436
0.28775
0.29099
0.29393
0.29646
0.29848
0.29872
0.29845
0.29775
0.29674
0.29555
0.29432
0.29319
0.2923
0.29176
0.29168
0.2932
0.2952
0.29759
0.30029
0.30317
0.3061
0.30894
0.31154
0.31379
0.31556
0.31591
0.31569
0.31492
0.31365
0.31194
0.30987
0.30756
0.30509
0.30259
0.30016
0.29806
0.29623
0.29475
0.29366
0.29302
0.29286
0.29318
0.29397
0.29521
0.29684
0.29912
0.30163
0.30424
0.30683
0.30928
0.31147
0.31329
0.31465
0.31547
0.31571
0.31456
0.31286
0.31073
0.30828
0.30563
0.30293
0.30031
0.29791
0.29585
0.29425
0.29387
0.29402
0.2947
0.29586
0.29742
0.29932
0.30146
0.30373
0.30604
0.30827
0.3098
0.31111
0.31217
0.31295
0.31344
0.31363
0.31353
0.31316
0.31253
0.31168
0.31072
0.3096
0.30835
0.307
0.30559
0.30415
0.3027
0.30128
0.2999
0.2986
0.29739
0.29628
0.29526
0.29433
0.2935
0.29276
0.2921
0.29151
0.29099
0.29053
0.28987
0.28929
0.2888
0.28842
0.28817
0.28807
0.28814
0.28839
0.28881
0.28942
0.2904
0.29153
0.29278
0.29412
0.29551
0.29691
0.29829
0.29962
0.30088
0.30204
0.30276
0.3034
0.30399
0.30459
0.30523
0.30596
0.30682
0.30785
0.30909
0.31055
0.31244
0.31457
0.31693
0.31949
0.32222
0.32508
0.32802
0.33099
0.33394
0.33682
0.33944
0.3419
0.34418
0.34626
0.34811
0.34973
0.35112
0.35227
0.35319
0.35391
0.35427
0.35447
0.35458
0.35463
0.35468
0.35476
0.35493
0.35521
0.35563
0.35621
0.35717
0.35828
0.35953
0.36087
0.36228
0.36371
0.36512
0.36646
0.36771
0.36882
0.36934
0.36971
0.36996
0.37013
0.37023
0.37032
0.37042
0.37055
0.37076
0.37105
0.37182
0.37265
0.37353
0.3744
0.37522
0.37596
0.37657
0.37702
0.37728
0.37735
0.37665
0.3758
0.37486
0.37392
0.37304
0.37231
0.3718
0.37158
0.37169
0.37219
0.3735
0.37521
0.37726
0.37962
0.38221
0.38497
0.38783
0.39069
0.39349
0.39614
0.39818
0.4
0.40158
0.40292
0.40403
0.40493
0.40564
0.4062
0.40665
0.40701
0.40741
0.40781
0.40824
0.40874
0.40934
0.41006
0.41091
0.41193
0.4131
0.41445
0.4159
0.41751
0.41927
0.42118
0.42321
0.42534
0.42754
0.4298
0.43207
0.43434
0.43638
0.43836
0.44028
0.44213
0.44388
0.44554
0.44709
0.44853
0.44983
0.45099
0.45213
0.4531
0.45387
0.45443
0.45475
0.45483
0.45465
0.45423
0.45357
0.45268
0.45111
0.44941
0.44766
0.44594
0.44433
0.44291
0.44172
0.44084
0.44029
0.4401
0.44083
0.44185
0.44311
0.44451
0.44597
0.44738
0.44865
0.44971
0.45048
0.45091
0.4501
0.44898
0.44763
0.44613
0.44459
0.44312
0.44183
0.44083
0.4402
0.44003
0.44102
0.4425
0.44442
0.44674
0.44938
0.45224
0.45524
0.45828
0.46125
0.46406
0.46613
0.46794
0.46948
0.47074
0.47175
0.47252
0.47309
0.47349
0.47379
0.47402
0.47401
0.47406
0.47422
0.47455
0.47509
0.47586
0.47689
0.47817
0.47966
0.48133
0.48396
0.48655
0.48896
0.49101
0.49255
0.49344
0.49356
0.49283
0.4912
0.48864
0.48338
0.47747
0.47116
0.46475
0.45853
0.4528
0.44782
0.44383
0.44103
0.43955
0.44161
0.44489
0.44916
0.45413
0.4595
0.46491
0.47004
0.47456
0.47816
0.4806
0.47951
0.47711
0.47352
0.46891
0.46349
0.45751
0.45125
0.44499
0.43899
0.43354
0.43017
0.42765
0.42602
0.42528
0.42539
0.4263
0.42789
0.43005
0.43264
0.4355
0.43783
0.44019
0.44247
0.44458
0.44646
0.44802
0.44923
0.45003
0.45041
0.45035
0.4498
0.44886
0.44756
0.44595
0.4441
0.44209
0.43998
0.43784
0.43576
0.43381
0.43201
0.43046
0.42921
0.4283
0.42776
0.42759
0.42779
0.42836
0.42925
0.43042
0.43194
0.43362
0.43537
0.43711
0.43876
0.44023
0.44144
0.44234
0.44287
0.443
0.44217
0.44097
0.43943
0.43765
0.4357
0.43367
0.43164
0.42971
0.42795
0.42644
0.42562
0.42511
0.42491
0.425
0.42535
0.42591
0.42664
0.42748
0.42838
0.42927
0.42981
0.43027
0.43063
0.43089
0.43104
0.43108
0.43102
0.43088
0.43067
0.43042
0.42988
0.42936
0.42892
0.42861
0.42844
0.42846
0.42867
0.42909
0.42968
0.43042
0.43174
0.43307
0.43429
0.43528
0.43593
0.43611
0.43573
0.4347
0.43294
0.43042
0.4264
0.42168
0.41634
0.41051
0.40434
0.39798
0.39159
0.38535
0.37942
0.37395
0.36942
0.36559
0.36253
0.36029
0.35888
0.35831
0.35855
0.35957
0.36129
0.36363
0.36618
0.36917
0.3725
0.37608
0.37979
0.38352
0.38715
0.39059
0.39371
0.39642
0.3989
0.40078
0.40196
0.40238
0.40198
0.40076
0.39871
0.39587
0.3923
0.3881
0.38262
0.37683
0.37096
0.36525
0.35993
0.35523
0.35136
0.34851
0.34683
0.34643
0.34818
0.35124
0.35551
0.36086
0.36711
0.37407
0.38152
0.38923
0.39696
0.40449
0.41079
0.41654
0.42162
0.42596
0.42949
0.43217
0.43399
0.43496
0.43509
0.43445
0.43344
0.43173
0.42938
0.42643
0.42296
0.41902
0.41471
0.4101
0.40527
0.40032
0.39476
0.38931
0.38408
0.37921
0.37479
0.37092
0.36766
0.36507
0.36316
0.36193
0.36229
0.36316
0.36438
0.36577
0.36716
0.3684
0.36933
0.36985
0.36986
0.36932
0.36637
0.36305
0.35958
0.35624
0.35326
0.35092
0.34945
0.34906
0.34991
0.35212
0.35784
0.36478
0.37268
0.38124
0.39014
0.39902
0.40753
0.41532
0.42209
0.42756
0.42956
0.43007
0.42917
0.427
0.42375
0.41965
0.41495
0.40991
0.40483
0.39998
0.39646
0.39357
0.39142
0.39009
0.38964
0.39007
0.39136
0.39345
0.39623
0.3996
0.40364
0.40795
0.41235
0.41665
0.42068
0.42428
0.42731
0.42966
0.43127
0.43211
0.43066
0.42862
0.42622
0.42368
0.42127
0.41924
0.41781
0.41719
0.41757
0.41906
0.42378
0.42953
0.43607
0.44315
0.4505
0.4578
0.46476
0.47111
0.47659
0.48099
0.48187
0.48161
0.48039
0.4784
0.47588
0.47309
0.47031
0.46779
0.46577
0.46448
0.46576
0.4679
0.47083
0.47442
0.47853
0.48295
0.48748
0.4919
0.49598
0.49951
0.50121
0.50209
0.50209
0.50119
0.49942
0.49679
0.49338
0.48927
0.48456
0.47939
0.47411
0.46861
0.46302
0.45745
0.45204
0.44689
0.44212
0.43781
0.43406
0.43091
0.42837
0.42653
0.42541
0.42502
0.42532
0.42629
0.42787
0.42999
0.43258
0.43553
0.43855
0.44176
0.44505
0.44833
0.45152
0.45451
0.45722
0.45959
0.46153
0.463
0.46422
0.46486
0.46488
0.46426
0.46301
0.46114
0.45869
0.45574
0.45236
0.44867
0.44368
0.43873
0.43408
0.42995
0.42657
0.42413
0.42281
0.42272
0.42392
0.42644
0.43204
0.43865
0.44598
0.45368
0.46141
0.46881
0.47553
0.48127
0.48575
0.48877
0.48751
0.48481
0.48091
0.4761
0.4707
0.46506
0.45953
0.45445
0.45012
0.44679
0.44756
0.44942
0.45219
0.45564
0.45952
0.46353
0.4674
0.47085
0.47364
0.47557
0.47334
0.47031
0.46672
0.46285
0.45903
0.45556
0.45278
0.45095
0.45033
0.4511
0.45619
0.46258
0.47001
0.47815
0.48662
0.49505
0.50303
0.51019
0.51619
0.52071
0.52102
0.51968
0.51682
0.51264
0.50737
0.5013
0.49474
0.488
0.48142
0.47529
0.47158
0.46869
0.46666
0.46552
0.46524
0.46575
0.46698
0.46882
0.47116
0.47386
0.47544
0.47726
0.47932
0.48163
0.48417
0.48695
0.48997
0.49319
0.49659
0.50013
0.50482
0.50942
0.51374
0.51762
0.52088
0.52337
0.52495
0.52551
0.52499
0.52336
0.51916
0.51404
0.50824
0.502
0.49559
0.4893
0.48338
0.4781
0.47368
0.47032
0.46951
0.46987
0.47133
0.47378
0.47706
0.48099
0.48539
0.49004
0.49474
0.49931
0.50234
0.50502
0.50734
0.50933
0.51101
0.51244
0.51371
0.51488
0.51605
0.51732
0.5192
0.52129
0.52361
0.52617
0.52898
0.53202
0.53525
0.53865
0.54216
0.54571
0.54905
0.55231
0.55543
0.55834
0.56097
0.56327
0.56517
0.56663
0.5676
0.56805
0.56783
0.56707
0.56579
0.56401
0.56178
0.55916
0.55621
0.55302
0.54965
0.54622
0.54266
0.53923
0.53607
0.53327
0.53095
0.52919
0.52808
0.52769
0.52807
0.52924
0.53113
0.53382
0.53729
0.5415
0.54638
0.55184
0.55778
0.56409
0.57063
0.57726
0.58396
0.59044
0.59656
0.60217
0.60713
0.61133
0.61466
0.61706
0.61847
0.61889
0.6178
0.61583
0.61307
0.60968
0.6058
0.60162
0.59731
0.59306
0.58904
0.58542
0.58251
0.58026
0.57878
0.57812
0.57832
0.57942
0.58138
0.58417
0.58772
0.59195
0.59667
0.60185
0.60736
0.61307
0.61884
0.62453
0.63001
0.63516
0.63988
0.64407
0.64739
0.6501
0.65217
0.65364
0.65453
0.65492
0.65487
0.65447
0.65383
0.65305
0.65188
0.65083
0.65002
0.64959
0.64964
0.65026
0.65151
0.65343
0.65603
0.65929
0.66404
0.66923
0.67468
0.6802
0.68558
0.69064
0.6952
0.6991
0.70222
0.70447
0.70409
0.70295
0.70125
0.69921
0.69707
0.69507
0.69344
0.69241
0.69215
0.69281
0.69591
0.69993
0.70472
0.71011
0.71586
0.72173
0.72744
0.7327
0.73726
0.74083
0.74245
0.74273
0.74161
0.73904
0.73503
0.72963
0.72295
0.71514
0.70637
0.69688
0.6861
0.67519
0.66448
0.65432
0.64505
0.63695
0.6303
0.62529
0.62207
0.62072
0.62292
0.62679
0.63205
0.63836
0.64537
0.65269
0.65994
0.66675
0.67277
0.67771
0.67891
0.67883
0.67757
0.67528
0.67217
0.66847
0.66442
0.66027
0.65627
0.65263
0.65173
0.65133
0.65136
0.65169
0.65218
0.65269
0.65306
0.65314
0.6528
0.65192
0.64816
0.64396
0.63953
0.63509
0.63086
0.62708
0.62398
0.62173
0.62051
0.62042
0.62351
0.62762
0.63255
0.63804
0.64381
0.64955
0.65498
0.65979
0.66374
0.66661
0.66611
0.66441
0.66165
0.65798
0.65361
0.64877
0.64367
0.63857
0.6337
0.62925
0.62701
0.62536
0.62427
0.62366
0.62342
0.62344
0.62358
0.6237
0.62367
0.62336
0.62123
0.61876
0.61604
0.61315
0.61019
0.60727
0.60451
0.602
0.59986
0.59817
0.59787
0.59805
0.59864
0.59957
0.60074
0.60207
0.60344
0.60475
0.6059
0.6068
0.60641
0.60572
0.60477
0.60361
0.60231
0.60092
0.59952
0.59817
0.59693
0.59584
0.59581
0.59592
0.5961
0.59629
0.59641
0.59639
0.59615
0.59564
0.59483
0.59368
0.59086
0.58784
0.58478
0.58185
0.5792
0.57698
0.57535
0.5744
0.57422
0.57484
0.57755
0.58092
0.58474
0.5888
0.59285
0.59664
0.59991
0.60242
0.60395
0.60431
0.60228
0.59894
0.59434
0.58857
0.58176
0.57409
0.56576
0.55698
0.54801
0.53909
0.53031
0.52207
0.51459
0.50808
0.5027
0.49858
0.49579
0.49437
0.49428
0.49544
0.49899
0.50338
0.50829
0.51336
0.51826
0.52263
0.52615
0.52855
0.5296
0.52913
0.52467
0.51877
0.51171
0.50379
0.49536
0.48679
0.47845
0.4707
0.46387
0.45825
0.45644
0.45601
0.45681
0.45869
0.4614
0.46469
0.46828
0.47189
0.47523
0.47805
0.47787
0.47697
0.47542
0.47331
0.47077
0.46795
0.46501
0.46211
0.45941
0.45705
0.45678
0.45691
0.45734
0.45797
0.45868
0.45933
0.4598
0.45996
0.45971
0.45896
0.45616
0.45291
0.44933
0.44559
0.44185
0.43827
0.43504
0.4323
0.4302
0.42884
0.42927
0.43048
0.4324
0.43494
0.43796
0.4413
0.44479
0.44827
0.45154
0.45444
0.45629
0.45752
0.45806
0.45784
0.45685
0.45509
0.4526
0.44942
0.44563
0.44134
0.43635
0.43113
0.42585
0.42067
0.41577
0.41129
0.40739
0.40416
0.40172
0.40011
0.39985
0.40039
0.40168
0.40358
0.40597
0.4087
0.4116
0.4145
0.41721
0.41959
0.4211
0.42202
0.42227
0.4218
0.42057
0.41859
0.41589
0.4125
0.40852
0.40404
0.39879
0.39333
0.38781
0.38242
0.37733
0.37269
0.36865
0.36533
0.36283
0.3612
0.36105
0.36174
0.36318
0.36523
0.36775
0.37058
0.37354
0.37646
0.37915
0.38146
0.38271
0.38336
0.38336
0.38269
0.38136
0.37939
0.37685
0.37381
0.37038
0.36668
0.36269
0.35871
0.3549
0.3514
0.34836
0.34591
0.34417
0.34322
0.34312
0.34391
0.34596
0.34883
0.35243
0.35664
0.36131
0.36628
0.37138
0.37645
0.38129
0.38574
0.38917
0.39197
0.39405
0.39536
0.39586
0.39555
0.39444
0.39256
0.38997
0.38674
0.38299
0.37877
0.37419
0.36937
0.36443
0.35947
0.35462
0.34998
0.34565
0.34172
0.33834
0.3355
0.33323
0.33156
0.33051
0.33007
0.33022
0.33095
0.3322
0.33394
0.33589
0.33824
0.34093
0.34392
0.34716
0.35061
0.35419
0.35787
0.36158
0.36527
0.36883
0.37227
0.37553
0.37856
0.38134
0.3838
0.38593
0.38767
0.38901
0.38992
0.39053
0.39067
0.3903
0.38941
0.388
0.38608
0.38364
0.38074
0.3774
0.37367
0.369
0.36412
0.35919
0.35434
0.34968
0.34535
0.34145
0.33806
0.33524
0.33303
0.33238
0.33225
0.3325
0.333
0.3336
0.33414
0.33448
0.33449
0.33406
0.3331
0.3301
0.32664
0.32288
0.31897
0.3151
0.31145
0.30821
0.30553
0.30355
0.30238
0.30372
0.30582
0.30853
0.31168
0.31507
0.31848
0.3217
0.32453
0.3268
0.32834
0.32722
0.32536
0.32287
0.31992
0.31669
0.31336
0.31011
0.30715
0.30462
0.30267
0.3031
0.30414
0.30564
0.30747
0.30946
0.31142
0.31319
0.31459
0.31548
0.31574
0.31346
0.31057
0.30722
0.30358
0.29983
0.29619
0.29284
0.28997
0.28775
0.28631
0.28734
0.28918
0.29169
0.29473
0.29811
0.30166
0.30518
0.30847
0.31136
0.31369
0.31383
0.31334
0.31229
0.3108
0.30899
0.30701
0.305
0.30312
0.3015
0.30028
0.30066
0.30151
0.30278
0.30439
0.30626
0.30828
0.31034
0.31233
0.31412
0.31562
0.3158
0.31561
0.31507
0.31424
0.31317
0.31192
0.31056
0.30916
0.30779
0.30652
0.30607
0.30575
0.30554
0.30541
0.30533
0.30525
0.30513
0.30495
0.30466
0.30426
0.30293
0.30154
0.30017
0.29892
0.29786
0.29707
0.29664
0.29662
0.29706
0.29797
0.30012
0.30266
0.3055
0.30851
0.31156
0.31452
0.31727
0.31967
0.32162
0.32303
0.32305
0.3225
0.32142
0.3199
0.31803
0.31591
0.31368
0.31144
0.30934
0.30748
0.30633
0.30559
0.30532
0.30555
0.30629
0.30753
0.30926
0.31142
0.31397
0.31683
0.31981
0.32295
0.32617
0.32939
0.33252
0.33548
0.33819
0.34059
0.3426
0.34419
0.34516
0.34565
0.34569
0.34527
0.34446
0.34327
0.34179
0.34007
0.33818
0.3362
0.3342
0.33227
0.3305
0.32895
0.3277
0.32681
0.32633
0.3263
0.32675
0.32768
0.32904
0.33088
0.33317
0.3359
0.339
0.34243
0.34612
0.35
0.35397
0.35797
0.36203
0.36593
0.36959
0.37293
0.37588
0.37839
0.38039
0.38189
0.38285
0.3833
0.3827
0.3817
0.38042
0.37897
0.37748
0.37607
0.37485
0.37391
0.37335
0.37321
0.37417
0.37556
0.3773
0.37931
0.38148
0.38371
0.38587
0.38785
0.38952
0.39079
0.39092
0.39055
0.38969
0.38837
0.38664
0.38455
0.3822
0.37966
0.37702
0.37438
0.37203
0.36985
0.36791
0.36627
0.36497
0.36406
0.36357
0.36352
0.36392
0.36476
0.36601
0.36767
0.36969
0.37203
0.37465
0.37749
0.38048
0.38358
0.38673
0.38986
0.39257
0.3952
0.39774
0.40018
0.40251
0.40473
0.40683
0.4088
0.41064
0.41233
0.41416
0.41578
0.41714
0.41818
0.41885
0.41912
0.41895
0.41831
0.41718
0.41558
0.4131
0.41023
0.40703
0.40361
0.40006
0.39649
0.39301
0.38973
0.38675
0.38417
0.38208
0.38055
0.37964
0.37939
0.37982
0.38094
0.38273
0.38515
0.38815
0.39165
0.39571
0.40008
0.40462
0.40922
0.41375
0.41807
0.42207
0.42565
0.42871
0.4312
0.43265
0.43347
0.43371
0.43342
0.43266
0.43153
0.43012
0.42853
0.42689
0.4253
0.4239
0.42276
0.42195
0.42156
0.42162
0.42219
0.42328
0.42489
0.427
0.42956
0.43264
0.43604
0.43966
0.44339
0.44713
0.45076
0.45417
0.45726
0.45993
0.46212
0.46338
0.46409
0.46426
0.46392
0.46312
0.46193
0.46043
0.4587
0.45685
0.45497
0.4532
0.45158
0.45022
0.44919
0.44856
0.44838
0.44868
0.4495
0.45084
0.45268
0.45507
0.45789
0.46105
0.46449
0.46812
0.47184
0.47554
0.47914
0.48253
0.48562
0.48805
0.49005
0.49161
0.4927
0.49332
0.49346
0.49315
0.49241
0.49128
0.48979
0.48784
0.48564
0.48324
0.48071
0.47809
0.47543
0.47277
0.47015
0.46758
0.46508
0.46313
0.4612
0.45923
0.45717
0.45496
0.45256
0.44991
0.44702
0.44387
0.44048
0.43573
0.43096
0.42632
0.42201
0.41823
0.41514
0.41291
0.41167
0.41152
0.41252
0.41593
0.42037
0.42567
0.43162
0.43799
0.44452
0.45095
0.45704
0.46255
0.46726
0.46984
0.47142
0.47201
0.47165
0.47043
0.46846
0.46587
0.46282
0.45945
0.45595
0.45291
0.45
0.44733
0.44499
0.44304
0.44153
0.44049
0.43992
0.4398
0.44011
0.44081
0.44182
0.44305
0.44441
0.44582
0.44717
0.44838
0.44936
0.45004
0.45036
0.44984
0.44893
0.44766
0.44607
0.44423
0.44221
0.44008
0.43792
0.43582
0.43384
0.43211
0.43064
0.42947
0.42864
0.42815
0.42803
0.42823
0.42873
0.42948
0.43042
0.43182
0.43321
0.43447
0.43547
0.43608
0.43622
0.43577
0.43468
0.4329
0.43042
0.42615
0.42133
0.41613
0.41071
0.40529
0.40005
0.39518
0.39085
0.3872
0.38435
0.38377
0.38398
0.38489
0.38634
0.38819
0.39025
0.39236
0.39435
0.39608
0.39741
0.39644
0.39509
0.39349
0.39178
0.39013
0.3887
0.38766
0.38715
0.38729
0.38815
0.39151
0.39548
0.39989
0.40451
0.40911
0.41344
0.41725
0.42033
0.42246
0.42348
0.42169
0.41875
0.41475
0.40985
0.40426
0.39818
0.39185
0.38552
0.37943
0.37381
0.36962
0.36623
0.3637
0.36209
0.36141
0.36165
0.36274
0.3646
0.36712
0.37016
0.37346
0.37699
0.3806
0.38414
0.38746
0.39041
0.39288
0.39475
0.39594
0.39639
0.39562
0.39412
0.39196
0.38923
0.38604
0.38252
0.3788
0.37503
0.37135
0.36789
0.36495
0.36246
0.3605
0.35912
0.35837
0.35825
0.35875
0.35986
0.36151
0.36363
0.36636
0.36936
0.37252
0.37568
0.37874
0.38158
0.38407
0.38615
0.38774
0.3888
0.38848
0.3877
0.38659
0.38525
0.38385
0.38253
0.38143
0.3807
0.38045
0.38078
0.38255
0.38495
0.38794
0.39142
0.39531
0.39948
0.40379
0.40811
0.4123
0.41621
0.41913
0.42159
0.42354
0.42497
0.42586
0.42622
0.42607
0.42545
0.4244
0.423
0.42134
0.41945
0.4174
0.41527
0.41312
0.41102
0.40902
0.40718
0.40554
