0.22062
0.2206
0.2208
0.22119
0.22174
0.22238
0.22307
0.22375
0.22438
0.2249
0.22527
0.22525
0.22501
0.22455
0.22385
0.22293
0.22179
0.22046
0.21895
0.2173
0.21553
0.21368
0.21179
0.2099
0.20805
0.20627
0.2046
0.20307
0.20171
0.20053
0.19956
0.19884
0.19833
0.19803
0.19793
0.198
0.19823
0.19861
0.1991
0.19968
0.20034
0.20085
0.2014
0.202
0.20264
0.20333
0.20406
0.20483
0.20564
0.20649
0.20736
0.2084
0.20942
0.21042
0.21136
0.21222
0.21297
0.21358
0.21403
0.21431
0.21439
0.21408
0.21358
0.21292
0.21212
0.21121
0.21022
0.20917
0.2081
0.20704
0.20602
0.20513
0.20432
0.20358
0.20292
0.20234
0.20184
0.2014
0.20101
0.20067
0.20035
0.19994
0.19952
0.19911
0.19869
0.19826
0.19782
0.19736
0.19687
0.19636
0.19583
0.19527
0.19469
0.19409
0.19346
0.19282
0.19216
0.19149
0.19082
0.19015
0.18949
0.18878
0.18809
0.18746
0.1869
0.18641
0.18601
0.18571
0.18553
0.18545
0.18549
0.18564
0.1859
0.18626
0.18671
0.18723
0.18782
0.18844
0.18909
0.18974
0.19038
0.19094
0.19144
0.19189
0.19226
0.19255
0.19275
0.19287
0.19289
0.19282
0.19267
0.19238
0.19203
0.19164
0.19123
0.19082
0.19044
0.1901
0.18982
0.18961
0.18949
0.18947
0.18955
0.18974
0.19003
0.19041
0.19088
0.19143
0.19203
0.19268
0.19334
0.19395
0.19454
0.19509
0.19558
0.196
0.19633
0.19655
0.19667
0.19665
0.19651
0.1962
0.19576
0.19519
0.19451
0.19372
0.19285
0.1919
0.1909
0.18986
0.18881
0.18773
0.18669
0.18571
0.18482
0.18405
0.18341
0.18292
0.1826
0.18245
0.18247
0.18267
0.18305
0.18358
0.18427
0.1851
0.18603
0.18705
0.18814
0.18926
0.19038
0.19144
0.19245
0.19339
0.19424
0.19498
0.19559
0.19605
0.19637
0.19652
0.19651
0.19627
0.19587
0.19533
0.19465
0.19387
0.19298
0.19201
0.19099
0.18991
0.18881
0.18772
0.18663
0.18554
0.18447
0.18342
0.18239
0.18139
0.18041
0.17947
0.17855
0.17758
0.17665
0.17576
0.17493
0.17415
0.17344
0.1728
0.17223
0.17176
0.17137
0.17104
0.17082
0.17069
0.17066
0.17074
0.17092
0.1712
0.17158
0.17204
0.17258
0.17317
0.17381
0.17451
0.17523
0.17598
0.17674
0.17749
0.17822
0.17892
0.17958
0.18017
0.18069
0.18116
0.18155
0.18187
0.18211
0.18229
0.18241
0.18246
0.18247
0.18231
0.18213
0.18196
0.18182
0.18173
0.1817
0.18176
0.18191
0.18214
0.18247
0.18302
0.18361
0.18424
0.18485
0.18542
0.1859
0.18626
0.18647
0.1865
0.18633
0.18572
0.1849
0.18389
0.18271
0.1814
0.17998
0.1785
0.17699
0.17551
0.17408
0.17284
0.17172
0.17075
0.16995
0.16933
0.16889
0.16866
0.16861
0.16877
0.1691
0.16951
0.17009
0.17083
0.17172
0.17275
0.1739
0.17515
0.17648
0.17787
0.17929
0.18071
0.18213
0.1835
0.18482
0.18607
0.18721
0.18824
0.18913
0.18988
0.19048
0.1909
0.19115
0.19125
0.1912
0.19101
0.1907
0.19028
0.18977
0.1892
0.18859
0.18785
0.18713
0.18648
0.18593
0.18551
0.18526
0.1852
0.18534
0.18571
0.18631
0.18726
0.18842
0.18976
0.19124
0.19282
0.19448
0.19616
0.19784
0.19948
0.20104
0.20224
0.20334
0.20436
0.2053
0.20619
0.20705
0.20789
0.20875
0.20962
0.21055
0.21169
0.21289
0.21411
0.21536
0.21661
0.21784
0.21903
0.22014
0.22117
0.22209
0.22268
0.22315
0.2235
0.22375
0.22391
0.22399
0.22402
0.22401
0.22398
0.22394
0.224
0.22406
0.22415
0.22427
0.22441
0.22457
0.22477
0.22499
0.22524
0.22552
0.22566
0.22584
0.22611
0.22647
0.22695
0.22756
0.22832
0.22925
0.23034
0.2316
0.23316
0.23487
0.23671
0.23865
0.24065
0.2427
0.24475
0.24679
0.24879
0.25073
0.25238
0.25397
0.2555
0.25701
0.25851
0.26002
0.26157
0.26319
0.26489
0.26669
0.26863
0.27069
0.27286
0.27514
0.2775
0.27993
0.2824
0.28488
0.28733
0.28971
0.29202
0.29416
0.2961
0.29778
0.29917
0.30024
0.30094
0.30127
0.30121
0.30077
0.2997
0.2983
0.29662
0.29474
0.29271
0.29061
0.2885
0.28647
0.28456
0.28284
0.28149
0.2804
0.2796
0.27909
0.27888
0.27894
0.27926
0.2798
0.28053
0.28139
0.2823
0.28326
0.28421
0.28513
0.28596
0.28667
0.28722
0.2876
0.28777
0.28775
0.28727
0.28662
0.28583
0.28494
0.28399
0.28303
0.28212
0.2813
0.2806
0.28007
0.27997
0.28007
0.28035
0.2808
0.2814
0.28213
0.28295
0.28385
0.28479
0.28574
0.28633
0.28694
0.28757
0.28826
0.28903
0.2899
0.29089
0.29202
0.29331
0.29476
0.29654
0.29845
0.30049
0.3026
0.30477
0.30694
0.30906
0.3111
0.31301
0.31475
0.31612
0.31726
0.31816
0.31881
0.31922
0.31938
0.31931
0.31904
0.31858
0.31798
0.3172
0.31635
0.31547
0.31463
0.31386
0.3132
0.31272
0.31244
0.31241
0.31264
0.31316
0.31398
0.31513
0.3166
0.31838
0.32046
0.32282
0.32542
0.32823
0.33121
0.33422
0.33731
0.34043
0.34354
0.34659
0.34952
0.35231
0.35489
0.35723
0.35928
0.361
0.36237
0.36338
0.36401
0.36426
0.36412
0.3636
0.36272
0.36148
0.35992
0.35796
0.35576
0.35335
0.35078
0.34812
0.3454
0.34268
0.34002
0.33744
0.33501
0.33272
0.33064
0.32878
0.32717
0.32582
0.32473
0.3239
0.32332
0.32297
0.32284
0.32279
0.32292
0.32319
0.32358
0.32406
0.3246
0.32517
0.32574
0.3263
0.3268
0.32725
0.32761
0.32785
0.32797
0.32796
0.32781
0.32753
0.32712
0.32661
0.32602
0.32507
0.32412
0.32322
0.32244
0.32183
0.32145
0.32133
0.32151
0.32201
0.32284
0.32429
0.32602
0.32798
0.33009
0.3323
0.33452
0.33667
0.33868
0.3405
0.34206
0.34287
0.34339
0.34364
0.34365
0.34348
0.34317
0.34278
0.34238
0.34203
0.34179
0.34187
0.34215
0.34268
0.34346
0.34452
0.34585
0.34746
0.34932
0.35142
0.35373
0.35615
0.35871
0.36137
0.3641
0.36685
0.36958
0.37226
0.37485
0.37731
0.37963
0.38149
0.38319
0.38476
0.3862
0.38755
0.38883
0.39006
0.39127
0.39246
0.39365
0.39514
0.39661
0.39803
0.39936
0.40058
0.40164
0.40253
0.40321
0.40366
0.40388
0.4034
0.40275
0.40197
0.40116
0.40037
0.39969
0.39918
0.39892
0.39897
0.39937
0.40045
0.40191
0.40376
0.40595
0.40846
0.41123
0.4142
0.41732
0.42052
0.42372
0.42653
0.42926
0.43186
0.43432
0.43662
0.43873
0.44065
0.44237
0.44387
0.44515
0.44629
0.4472
0.44788
0.44832
0.44852
0.44848
0.44821
0.44772
0.44701
0.44611
0.44494
0.44363
0.44222
0.44075
0.43925
0.43779
0.4364
0.43512
0.43401
0.43309
0.43222
0.43164
0.4314
0.43153
0.43207
0.43302
0.4344
0.4362
0.4384
0.44096
0.44399
0.44727
0.45072
0.45423
0.45772
0.46108
0.46424
0.46708
0.46954
0.47153
0.47265
0.47324
0.47329
0.47281
0.47184
0.47042
0.46858
0.46639
0.46391
0.4612
0.45847
0.45564
0.45275
0.44984
0.44697
0.44418
0.44149
0.43896
0.43661
0.43446
0.43226
0.43033
0.42872
0.42747
0.42658
0.4261
0.42601
0.42633
0.42704
0.42811
0.42963
0.43143
0.43345
0.43563
0.43788
0.44015
0.44235
0.44443
0.44631
0.44795
0.44905
0.44985
0.45034
0.45054
0.45046
0.45013
0.44959
0.44888
0.44804
0.44713
0.4462
0.4453
0.44446
0.44372
0.44313
0.44272
0.44251
0.44253
0.44277
0.44326
0.44384
0.44466
0.4457
0.44695
0.44838
0.44996
0.45165
0.45342
0.45522
0.45699
0.45867
0.46022
0.4616
0.46276
0.46366
0.46427
0.46454
0.46446
0.46402
0.4632
0.46187
0.46021
0.45823
0.456
0.45355
0.45094
0.44824
0.44551
0.4428
0.44018
0.43759
0.43521
0.43311
0.43132
0.4299
0.42887
0.42824
0.42802
0.42821
0.42876
0.42978
0.43107
0.43259
0.43424
0.43596
0.43766
0.43926
0.4407
0.4419
0.4428
0.44303
0.44292
0.44247
0.44172
0.44069
0.43942
0.43798
0.4364
0.43475
0.43309
0.43154
0.43008
0.42874
0.42758
0.42661
0.42587
0.42535
0.42506
0.425
0.42515
0.42546
0.42594
0.42657
0.42731
0.42812
0.42897
0.42982
0.43063
0.43138
0.43202
0.43227
0.4324
0.43243
0.43237
0.43224
0.43206
0.43185
0.43164
0.43144
0.43128
0.43134
0.43144
0.43156
0.4317
0.43183
0.43194
0.43202
0.43205
0.43203
0.43194
0.43145
0.43093
0.43043
0.42999
0.42967
0.4295
0.42953
0.42979
0.43031
0.43111
0.43235
0.43386
0.43563
0.43764
0.43983
0.44218
0.44461
0.44708
0.44954
0.45191
0.45398
0.45588
0.45757
0.45903
0.46024
0.46118
0.46185
0.46223
0.46234
0.46219
0.46163
0.46086
0.45992
0.45886
0.45772
0.45654
0.45536
0.45423
0.45317
0.45221
0.45151
0.45093
0.45047
0.45011
0.44984
0.44964
0.44949
0.44937
0.44927
0.44916
0.44868
0.44821
0.44779
0.44746
0.44725
0.4472
0.44734
0.4477
0.4483
0.44916
0.45049
0.45205
0.45384
0.45581
0.45792
0.46014
0.4624
0.46467
0.46689
0.46902
0.47072
0.47228
0.47371
0.47499
0.47615
0.47719
0.47812
0.47896
0.47972
0.48042
0.4811
0.48175
0.48234
0.48289
0.48339
0.48384
0.48423
0.48454
0.48478
0.48492
0.48487
0.48471
0.48445
0.48407
0.48359
0.48301
0.48233
0.48155
0.48069
0.47976
0.47854
0.4773
0.47607
0.47489
0.47378
0.47278
0.47191
0.47119
0.47062
0.47022
0.47008
0.47007
0.47016
0.47031
0.47048
0.47063
0.47071
0.4707
0.47054
0.47022
0.46951
0.46861
0.46754
0.46633
0.465
0.46359
0.46216
0.46074
0.45941
0.45821
0.45702
0.45611
0.45553
0.45536
0.45564
0.45643
0.45776
0.45964
0.46206
0.46502
0.46866
0.47273
0.47715
0.48183
0.48665
0.49152
0.49631
0.50093
0.50526
0.50921
0.51234
0.51496
0.51705
0.5186
0.51961
0.5201
0.52009
0.51962
0.51874
0.51749
0.51591
0.51409
0.51209
0.50998
0.5078
0.50562
0.50348
0.50141
0.49945
0.4976
0.49604
0.49458
0.49322
0.49192
0.49064
0.48936
0.48804
0.48666
0.48518
0.48359
0.48137
0.47908
0.47679
0.47454
0.47242
0.47049
0.4688
0.46741
0.46637
0.46571
0.46578
0.46623
0.46701
0.46807
0.46935
0.47076
0.47225
0.47372
0.47511
0.47633
0.47699
0.4774
0.47753
0.47738
0.47695
0.47626
0.47532
0.47417
0.47284
0.47138
0.46975
0.4681
0.46647
0.46494
0.46355
0.46235
0.46139
0.46069
0.46029
0.46018
0.46045
0.46101
0.46182
0.46287
0.46409
0.46545
0.46689
0.46835
0.46978
0.47113
0.47207
0.47286
0.47348
0.47394
0.47423
0.47435
0.47431
0.47413
0.47382
0.47339
0.47291
0.47234
0.47171
0.47102
0.47029
0.46953
0.46875
0.46796
0.46717
0.46638
0.46537
0.4644
0.46347
0.46261
0.46183
0.46115
0.46057
0.46008
0.45968
0.45937
0.45933
0.45933
0.45931
0.45924
0.45909
0.45882
0.4584
0.45783
0.45708
0.45618
0.45456
0.45288
0.45123
0.44971
0.44841
0.44743
0.44686
0.44676
0.44721
0.44822
0.45027
0.45287
0.45594
0.45941
0.46318
0.46713
0.47113
0.47507
0.47882
0.48225
0.48487
0.48701
0.48862
0.48967
0.49014
0.49004
0.48939
0.48823
0.48659
0.48455
0.48209
0.47938
0.47652
0.47358
0.47068
0.46789
0.46529
0.46297
0.46097
0.45936
0.45823
0.45753
0.45725
0.45737
0.45786
0.45867
0.45975
0.46103
0.46243
0.46388
0.46513
0.46628
0.46729
0.46809
0.46863
0.46888
0.4688
0.46836
0.46755
0.46637
0.4647
0.46267
0.46033
0.45772
0.45488
0.45186
0.44872
0.44551
0.44228
0.4391
0.43602
0.43308
0.4303
0.42772
0.42535
0.42322
0.42133
0.41969
0.41829
0.41712
0.416
0.4151
0.41441
0.41392
0.41361
0.41347
0.41347
0.41359
0.4138
0.41407
0.41444
0.4148
0.41512
0.41537
0.41553
0.41555
0.41543
0.41515
0.4147
0.41407
0.41298
0.41175
0.41044
0.40909
0.40775
0.40646
0.40526
0.40419
0.40328
0.40255
0.4022
0.40201
0.40195
0.40196
0.40201
0.40203
0.40197
0.40177
0.40137
0.40072
0.3995
0.39798
0.39614
0.39401
0.3916
0.38892
0.386
0.3829
0.37964
0.37628
0.37284
0.3694
0.36601
0.36271
0.35955
0.35656
0.35379
0.35127
0.34901
0.34702
0.3453
0.34385
0.34268
0.34177
0.34109
0.3406
0.34029
0.3401
0.33999
0.33992
0.33976
0.33956
0.33928
0.33888
0.33834
0.33763
0.33673
0.33563
0.33433
0.33281
0.33101
0.32901
0.32686
0.32458
0.32219
0.31975
0.31728
0.31481
0.31239
0.31004
0.30775
0.30559
0.30359
0.30177
0.30014
0.29871
0.29747
0.29641
0.29551
0.29476
0.29416
0.29363
0.29313
0.29263
0.29207
0.29142
0.29062
0.28966
0.28849
0.28709
0.28522
0.28311
0.2808
0.2783
0.27565
0.27289
0.27006
0.2672
0.26435
0.26155
0.25896
0.25648
0.25413
0.25192
0.24986
0.24795
0.2462
0.24459
0.24313
0.24181
0.24045
0.23923
0.23815
0.23721
0.23643
0.2358
0.23532
0.23499
0.23482
0.23478
0.23489
0.23512
0.23547
0.23591
0.23643
0.23701
0.23764
0.23828
0.23893
0.23957
0.24011
0.2406
0.24103
0.24139
0.24167
0.24186
0.24195
0.24194
0.24183
0.24162
0.2412
0.24069
0.2401
0.23945
0.23874
0.238
0.23721
0.23641
0.23557
0.23472
0.23393
0.2331
0.23223
0.23131
0.23031
0.22923
0.22806
0.22678
0.22539
0.22389
0.22211
0.22025
0.21833
0.21638
0.21443
0.21253
0.21071
0.20899
0.20742
0.20603
0.20484
0.20388
0.20315
0.20265
0.20239
0.20236
0.20254
0.20293
0.20349
0.20418
0.20499
0.20587
0.20677
0.20766
0.2085
0.20924
0.20985
0.21029
0.21053
0.21055
0.21021
0.20964
0.20883
0.20781
0.2066
0.20521
0.20367
0.20203
0.20031
0.19856
0.1968
0.19507
0.19341
0.19183
0.19038
0.18907
0.18792
0.18694
0.18614
0.18552
0.18504
0.18472
0.18457
0.18456
0.18468
0.1849
0.1852
0.18555
0.18593
0.18631
0.18663
0.18691
0.18711
0.18723
0.18725
0.18716
0.18695
0.18663
0.1862
0.18567
0.18496
0.18418
0.18336
0.18251
0.18168
0.18089
0.18017
0.17954
0.17902
0.17865
0.17843
0.17838
0.17849
0.17877
0.1792
0.17978
0.18049
0.1813
0.1822
0.18316
0.18411
0.18506
0.18598
0.18685
0.18763
0.1883
0.18883
0.18922
0.18944
0.18949
0.18926
0.18885
0.18829
0.18759
0.18678
0.18587
0.18489
0.18387
0.18284
0.18182
0.18086
0.17995
0.17911
0.17833
0.17764
0.17703
0.17651
0.17608
0.17573
0.17545
0.1752
0.17502
0.1749
0.17485
0.17484
0.17488
0.17497
0.1751
0.17526
0.17545
0.17559
0.17576
0.17598
0.17625
0.17659
0.17699
0.17746
0.178
0.17861
0.17929
0.1801
0.18096
0.18182
0.18268
0.18351
0.18427
0.18496
0.18554
0.18599
0.1863
0.1863
0.18614
0.18586
0.18544
0.18493
0.18433
0.18366
0.18295
0.18221
0.18147
0.18078
0.18012
0.17948
0.17886
0.17826
0.17769
0.17713
0.17657
0.17602
0.17545
0.17481
0.17414
0.17344
0.17271
0.17195
0.17116
0.17034
0.16949
0.16862
0.16775
0.16682
0.16591
0.16504
0.16422
0.16347
0.1628
0.16225
0.16183
0.16155
0.16142
0.16139
0.16154
0.16187
0.1624
0.16313
0.16404
0.16514
0.1664
0.1678
0.16932
0.17102
0.17276
0.17451
0.17623
0.17787
0.17939
0.18075
0.18193
0.1829
0.18364
0.18397
0.18409
0.18402
0.18379
0.18344
0.18302
0.18258
0.18216
0.1818
0.18157
0.1815
0.18163
0.18198
0.18258
0.18343
0.18454
0.18591
0.18752
0.18935
0.19137
0.19359
0.19592
0.19829
0.20065
0.20293
0.20509
0.20707
0.20882
0.21029
0.21145
0.21207
0.21237
0.21234
0.21202
0.21144
0.21062
0.20963
0.2085
0.20729
0.20604
0.20491
0.20383
0.20285
0.20198
0.20127
0.20073
0.20038
0.20023
0.20028
0.20053
0.20085
0.20137
0.20209
0.20302
0.20413
0.20542
0.20686
0.20843
0.2101
0.21184
0.21371
0.21558
0.2174
0.21913
0.22074
0.22218
0.22343
0.22447
0.22528
0.22585
0.22594
0.22583
0.22556
0.22519
0.22476
0.22433
0.22396
0.22369
0.22358
0.22366
0.2242
0.22497
0.22596
0.22716
0.22855
0.23012
0.23182
0.23364
0.23553
0.23748
0.23917
0.24088
0.24263
0.24442
0.24625
0.24816
0.25013
0.2522
0.25436
0.25662
0.25896
0.26141
0.26395
0.26658
0.26927
0.27201
0.27476
0.2775
0.28018
0.28276
0.28541
0.28786
0.29004
0.29189
0.29336
0.29441
0.29501
0.29516
0.29485
0.29411
0.29245
0.2905
0.28839
0.28625
0.28421
0.28242
0.28101
0.28008
0.27975
0.28009
0.28161
0.28385
0.2868
0.29038
0.29453
0.29914
0.30411
0.30931
0.31459
0.31984
0.32462
0.32911
0.33324
0.33691
0.34005
0.34261
0.34453
0.34581
0.34642
0.34639
0.34565
0.34432
0.34246
0.34013
0.33742
0.3344
0.33116
0.32779
0.32437
0.321
0.31781
0.31479
0.312
0.30948
0.30725
0.30535
0.30377
0.30251
0.30156
0.30091
0.3004
0.30014
0.30008
0.3002
0.30046
0.30082
0.30124
0.30167
0.30209
0.30243
0.30262
0.30269
0.30261
0.30237
0.30196
0.30138
0.30061
0.29966
0.29854
0.29727
0.29583
0.29426
0.29259
0.29084
0.28904
0.2872
0.28537
0.28355
0.28178
0.28008
0.27836
0.27676
0.27529
0.27397
0.27282
0.27185
0.27106
0.27045
0.27001
0.26972
0.26963
0.26965
0.26976
0.26993
0.27013
0.27034
0.27051
0.27064
0.27069
0.27064
0.27029
0.26986
0.26935
0.26879
0.26822
0.26765
0.26712
0.26666
0.26629
0.26603
0.26599
0.26608
0.26632
0.26671
0.26723
0.26787
0.26861
0.26944
0.27032
0.27124
0.27209
0.27292
0.27371
0.27445
0.27512
0.27569
0.27616
0.27652
0.27676
0.27689
0.2767
0.27642
0.27607
0.27567
0.27526
0.27486
0.27448
0.27416
0.2739
0.27371
0.27381
0.27396
0.27414
0.27432
0.27446
0.27454
0.27452
0.27439
0.27412
0.27371
0.27274
0.27167
0.27054
0.2694
0.26832
0.26736
0.26657
0.266
0.26572
0.26574
0.26644
0.26748
0.26881
0.27043
0.27227
0.27431
0.27648
0.27875
0.28105
0.28336
0.28516
0.28693
0.28868
0.29042
0.29218
0.29397
0.29581
0.29772
0.29971
0.30178
0.30432
0.30688
0.30941
0.31186
0.31417
0.31627
0.3181
0.31961
0.32077
0.32153
0.32135
0.32079
0.3199
0.31875
0.3174
0.31592
0.31437
0.31283
0.31135
0.30998
0.30916
0.30849
0.30792
0.30744
0.307
0.30655
0.30606
0.30546
0.30471
0.30379
0.30226
0.30053
0.29862
0.29658
0.29444
0.29225
0.29007
0.28795
0.28594
0.28412
0.28258
0.28131
0.28035
0.27972
0.27946
0.27957
0.28004
0.28089
0.28207
0.28358
0.28541
0.28748
0.28973
0.29211
0.29456
0.29701
0.29942
0.30173
0.30388
0.30584
0.30735
0.30863
0.30968
0.31052
0.31118
0.31168
0.31205
0.31233
0.31256
0.31278
0.31303
0.31334
0.31373
0.31422
0.31482
0.31556
0.31642
0.31741
0.31851
0.31971
0.32097
0.32227
0.32359
0.3249
0.32616
0.32733
0.32838
0.32928
0.33
0.33052
0.3307
0.33067
0.33043
0.32999
0.32938
0.32862
0.32775
0.3268
0.32582
0.32484
0.32374
0.32275
0.32191
0.32129
0.32091
0.32083
0.32106
0.32162
0.32252
0.32375
0.3256
0.3277
0.32999
0.33239
0.33483
0.33723
0.33953
0.34165
0.34356
0.34521
0.34591
0.34637
0.34667
0.34686
0.34704
0.34728
0.34765
0.34824
0.34909
0.35024
0.35232
0.35469
0.35729
0.36004
0.36286
0.36565
0.36831
0.37074
0.37286
0.37458
0.37529
0.37553
0.37532
0.37469
0.37369
0.37237
0.37081
0.36907
0.36724
0.36539
0.36373
0.36219
0.36085
0.35975
0.35893
0.35843
0.35827
0.35846
0.359
0.35988
0.36118
0.36275
0.36455
0.36652
0.36861
0.37076
0.37292
0.37504
0.37707
0.37898
0.38023
0.38137
0.38241
0.38342
0.38443
0.38549
0.38663
0.3879
0.38931
0.39088
0.39309
0.39539
0.39773
0.40002
0.40217
0.40411
0.40574
0.40698
0.40776
0.40802
0.4072
0.40583
0.40396
0.40162
0.39889
0.39585
0.39258
0.38916
0.38571
0.3823
0.37916
0.37623
0.37357
0.37123
0.36927
0.36771
0.36656
0.36584
0.36554
0.36564
0.36611
0.36692
0.36803
0.36939
0.37093
0.37262
0.37438
0.37618
0.37795
0.37967
0.38092
0.38209
0.38316
0.38416
0.38511
0.38603
0.38694
0.38787
0.38883
0.38984
0.39121
0.39261
0.39401
0.39538
0.39669
0.39788
0.39894
0.39984
0.40054
0.40104
0.40089
0.40057
0.40014
0.39966
0.39918
0.39878
0.39852
0.39845
0.39863
0.39911
0.40008
0.40138
0.40301
0.40496
0.4072
0.40968
0.41236
0.41518
0.41808
0.42099
0.42374
0.42637
0.42884
0.4311
0.4331
0.4348
0.43618
0.4372
0.43787
0.43818
0.43791
0.43733
0.43647
0.43539
0.43415
0.4328
0.4314
0.43
0.42867
0.42744
0.42648
0.42569
0.42507
0.42464
0.42438
0.42428
0.42433
0.4245
0.42477
0.42511
0.4253
0.42551
0.42576
0.42603
0.42632
0.42663
0.42696
0.42731
0.42769
0.42811
0.42854
0.42903
0.42958
0.43021
0.43093
0.43175
0.43267
0.4337
0.43486
0.43613
0.43735
0.4387
0.44019
0.44183
0.44361
0.44552
0.44755
0.44967
0.45185
0.45407
0.45644
0.45874
0.4609
0.46286
0.46454
0.4659
0.46688
0.46744
0.46755
0.46721
0.46592
0.46424
0.46222
0.45996
0.45755
0.45507
0.45263
0.4503
0.44818
0.44633
0.44508
0.44419
0.44364
0.44344
0.44356
0.44396
0.44459
0.44541
0.44635
0.44734
0.44813
0.44889
0.44958
0.45017
0.45064
0.45099
0.45121
0.4513
0.45128
0.45117
0.45072
0.45027
0.44988
0.44963
0.44957
0.44976
0.45027
0.45113
0.45238
0.45403
0.45643
0.4592
0.46228
0.46559
0.46908
0.47264
0.47622
0.47971
0.48306
0.48619
0.48843
0.49042
0.49218
0.49374
0.49514
0.49644
0.49767
0.49889
0.50014
0.50146
0.50324
0.5051
0.507
0.50893
0.51082
0.51265
0.51436
0.51589
0.51722
0.51829
0.51864
0.51871
0.51853
0.51814
0.51756
0.51685
0.51604
0.51519
0.51433
0.51352
0.51295
0.51248
0.51214
0.51193
0.51187
0.51195
0.51217
0.51254
0.51304
0.51367
0.51418
0.51482
0.51562
0.51659
0.51775
0.51909
0.52062
0.52235
0.52427
0.52636
0.52857
0.53092
0.53338
0.53591
0.53847
0.54103
0.54354
0.54594
0.54818
0.5502
0.55201
0.55349
0.5546
0.55529
0.55553
0.55528
0.55452
0.55326
0.55151
0.54927
0.54615
0.54266
0.53892
0.53503
0.53109
0.52721
0.52349
0.52002
0.51689
0.51415
0.51224
0.51077
0.50972
0.50905
0.50872
0.50865
0.5088
0.50908
0.50944
0.5098
0.50961
0.50937
0.50908
0.50876
0.50843
0.50813
0.50788
0.50772
0.50768
0.50781
0.5082
0.5088
0.50963
0.51069
0.51198
0.5135
0.51522
0.51712
0.51916
0.5213
0.52352
0.52574
0.52789
0.52991
0.53174
0.53334
0.53463
0.5356
0.53619
0.5364
0.53581
0.53486
0.53361
0.5321
0.53041
0.5286
0.52674
0.5249
0.52314
0.52151
0.52022
0.51912
0.51823
0.51754
0.51704
0.51671
0.51652
0.51642
0.51636
0.51631
0.51613
0.51586
0.51547
0.51492
0.51419
0.51325
0.5121
0.51074
0.50918
0.50743
0.50512
0.50273
0.50035
0.49806
0.49596
0.49412
0.49261
0.49149
0.49082
0.49062
0.4913
0.49241
0.4939
0.49569
0.49768
0.49979
0.5019
0.50392
0.50574
0.50729
0.50796
0.50826
0.50817
0.50773
0.50694
0.50584
0.50449
0.50294
0.50125
0.49948
0.4978
0.49617
0.49462
0.49321
0.49197
0.49094
0.49013
0.48957
0.48926
0.48921
0.4893
0.48963
0.49018
0.49095
0.4919
0.49301
0.49424
0.49555
0.49692
0.49829
0.49947
0.50059
0.50165
0.50262
0.50349
0.50425
0.50488
0.50538
0.50574
0.50595
0.50601
0.50593
0.5057
0.50534
0.50485
0.50423
0.50351
0.50268
0.50177
0.50078
0.49962
0.49844
0.49726
0.49612
0.49502
0.49402
0.49312
0.49235
0.49173
0.49127
0.49078
0.49048
0.49039
0.49051
0.49084
0.49138
0.4921
0.49299
0.49401
0.49512
0.49647
0.49779
0.49899
0.49999
0.50072
0.50112
0.50111
0.50065
0.49972
0.49829
0.49583
0.49294
0.48971
0.48624
0.48263
0.47899
0.47544
0.47208
0.469
0.46631
0.4644
0.46297
0.46201
0.46152
0.46147
0.46182
0.46251
0.46347
0.46463
0.46593
0.46691
0.4679
0.46886
0.46975
0.47054
0.47121
0.47174
0.47209
0.47227
0.47226
0.47211
0.47176
0.47123
0.47051
0.46962
0.46857
0.46738
0.46607
0.46467
0.4632
0.46152
0.45984
0.45822
0.4567
0.45532
0.45412
0.45313
0.45239
0.4519
0.45168
0.45175
0.45208
0.45267
0.45349
0.45451
0.4557
0.45703
0.45844
0.4599
0.46137
0.46262
0.46382
0.46494
0.46597
0.46688
0.46767
0.46834
0.46888
0.46928
0.46955
0.46961
0.46956
0.46942
0.46919
0.46891
0.46858
0.46822
0.46783
0.46744
0.46704
0.4667
0.46636
0.466
0.46562
0.46522
0.46478
0.46429
0.46376
0.46317
0.46252
0.4615
0.46047
0.45947
0.45853
0.45769
0.457
0.45649
0.45617
0.45606
0.45618
0.45675
0.45751
0.4584
0.4594
0.46043
0.46144
0.46237
0.46316
0.46376
0.46412
0.46381
0.46323
0.46237
0.46127
0.45994
0.4584
0.45671
0.45488
0.45296
0.45098
0.44909
0.44718
0.44525
0.44332
0.44138
0.43943
0.43746
0.43545
0.4334
0.43128
0.42897
0.42657
0.4241
0.42156
0.41894
0.41625
0.41351
0.41073
0.40792
0.4051
0.40214
0.39924
0.39642
0.39373
0.39119
0.38886
0.38675
0.38489
0.3833
0.38201
0.38104
0.38037
0.37998
0.37985
0.37996
0.38029
0.38079
0.38142
0.38216
0.38295
0.38358
0.3842
0.38478
0.3853
0.38574
0.38606
0.38627
0.38634
0.38625
0.386
0.3856
0.38503
0.38426
0.38331
0.38217
0.38085
0.37935
0.37768
0.37586
0.37391
0.37168
0.36938
0.36706
0.36474
0.36249
0.36033
0.3583
0.35643
0.35474
0.35326
0.352
0.35096
0.35012
0.34947
0.34898
0.34862
0.34836
0.34815
0.34796
0.34774
0.34738
0.3469
0.34627
0.34546
0.34444
0.34318
0.34167
0.33989
0.33784
0.33552
0.33279
0.32983
0.32668
0.32338
0.31997
0.31651
0.31303
0.30958
0.3062
0.30292
0.29989
0.29702
0.29431
0.29177
0.2894
0.28719
0.28513
0.28321
0.28141
0.27971
0.27788
0.27613
0.27449
0.27294
0.2715
0.27017
0.26895
0.26784
0.26684
0.26594
0.26522
0.26458
0.264
0.26345
0.26292
0.26237
0.26179
0.26116
0.26046
0.25967
0.25865
0.25756
0.25639
0.25518
0.25393
0.25269
0.25146
0.25028
0.24917
0.24815
0.24722
0.24643
0.2458
0.24534
0.24506
0.24497
0.24505
0.24531
0.24573
0.24629
0.24696
0.24771
0.24851
0.24934
0.25015
0.25091
0.25157
0.2521
0.25248
0.25265
0.25254
0.25218
0.25159
0.25075
0.24967
0.24835
0.24682
0.24509
0.24318
0.24113
0.23887
0.23654
0.23419
0.23184
0.22954
0.22734
0.22526
0.22333
0.22159
0.22004
0.21875
0.21767
0.21678
0.21608
0.21555
0.21515
0.21487
0.21467
0.21452
0.21439
0.21414
0.21387
0.21355
0.21319
0.21277
0.2123
0.21176
0.21117
0.21053
0.20985
0.20909
0.20831
0.20754
0.20678
0.20607
0.20541
0.20481
0.2043
0.20387
0.20353
0.2033
0.20316
0.2031
0.2031
0.20315
0.20323
0.20333
0.20343
0.2035
0.20353
0.20343
0.20327
0.20304
0.20274
0.20237
0.20193
0.20143
0.20087
0.20029
0.19968
0.19895
0.19825
0.19761
0.19704
0.19658
0.19625
0.19607
0.19605
0.19619
0.19651
0.1971
0.19782
0.19866
0.19957
0.20052
0.20147
0.20238
0.20321
0.20392
0.20447
0.20466
0.20467
0.20449
0.20412
0.20359
0.2029
0.20207
0.20114
0.20011
0.19902
0.19793
0.19682
0.19572
0.19464
0.19361
0.19264
0.19174
0.19091
0.19016
0.18949
0.1889
0.18837
0.18792
0.18751
0.18716
0.18683
0.18653
0.18623
0.18594
0.18564
0.18522
0.1848
0.18437
0.18396
0.18358
0.18323
0.18294
0.18271
0.18255
0.18247
0.18249
0.18259
0.1828
0.1831
0.18349
0.18396
0.18451
0.18511
0.18575
0.18641
0.18711
0.18777
0.18839
0.18893
0.18937
0.18969
0.18987
0.1899
0.18978
0.18949
0.18885
0.18807
0.18721
0.18628
0.18534
0.18441
0.18353
0.18274
0.18207
0.18153
0.1813
0.18121
0.18126
0.18142
0.18167
0.18198
0.18231
0.18264
0.18292
0.18314
0.18311
0.18297
0.18271
0.18233
0.18182
0.18121
0.18049
0.1797
0.17884
0.17794
0.17693
0.17594
0.17501
0.17416
0.17344
0.17287
0.17246
0.17224
0.17221
0.17238
0.1729
0.17357
0.17436
0.17522
0.17612
0.177
0.17782
0.17853
0.17911
0.17952
0.17947
0.17924
0.17885
0.17832
0.1777
0.17702
0.17632
0.17565
0.17505
0.17455
0.17431
0.17424
0.17435
0.17466
0.17518
0.1759
0.1768
0.17788
0.17911
0.18047
0.1819
0.18339
0.1849
0.18641
0.18788
0.18926
0.19054
0.19169
0.19267
0.19349
0.19397
0.19427
0.1944
0.19439
0.19425
0.19401
0.19371
0.19336
0.193
0.19266
0.19236
0.19212
0.19196
0.19188
0.1919
0.19202
0.19224
0.19254
0.19291
0.19334
0.19392
0.19451
0.19508
0.1956
0.19604
0.19638
0.1966
0.19669
0.19666
0.19651
0.19589
0.19523
0.1946
0.19406
0.19369
0.19355
0.19372
0.19424
0.19516
0.19651
0.19863
0.20117
0.20407
0.20728
0.21071
0.2143
0.21794
0.22155
0.22502
0.22828
0.23094
0.23325
0.23517
0.23666
0.23772
0.23833
0.2385
0.23825
0.2376
0.23657
0.23527
0.23369
0.23186
0.22983
0.22766
0.22541
0.22312
0.22086
0.21867
0.21661
0.21463
0.21288
0.21139
0.2102
0.20934
0.20884
0.20871
0.20895
0.20957
0.21055
0.21187
0.21352
0.21545
0.21763
0.22003
0.22259
0.22527
0.22804
0.23085
0.23365
0.23637
0.23902
0.24158
0.24404
0.24639
0.24863
0.25074
0.25275
0.25467
0.25651
0.25808
0.25962
0.2612
0.26285
0.2646
0.26649
0.26853
0.27075
0.27313
0.27568
0.27869
0.28177
0.28484
0.28784
0.29067
0.29325
0.2955
0.29736
0.29876
0.29966
0.29956
0.29896
0.29791
0.29648
0.29474
0.29278
0.29069
0.28858
0.28652
0.28463
0.28317
0.28201
0.28121
0.28078
0.28077
0.28117
0.28199
0.28319
0.28475
0.28662
0.28876
0.29111
0.29359
0.29615
0.29872
0.30122
0.3036
0.3058
0.30776
0.30946
0.31061
0.31147
0.31206
0.31241
0.31255
0.31254
0.3124
0.31221
0.312
0.31181
0.31182
0.31192
0.31213
0.31247
0.31294
0.31353
0.31423
0.31502
0.31586
0.31674
0.31756
0.31833
0.31903
0.31961
0.32005
0.3203
0.32034
0.32015
0.3197
0.31899
0.31786
0.31647
0.31486
0.31305
0.31109
0.30902
0.30687
0.30469
0.30253
0.30042
0.2984
0.29651
0.29477
0.2932
0.29182
0.29064
0.28965
0.28885
0.28822
0.28775
0.28748
0.28729
0.28714
0.28699
0.2868
0.28651
0.28611
0.28555
0.28482
0.2839
0.28242
0.28079
0.27907
0.27731
0.27558
0.27392
0.2724
0.27108
0.27
0.26919
0.26904
0.26916
0.26954
0.27013
0.27087
0.27172
0.27262
0.27351
0.27434
0.27505
0.27519
0.27518
0.27503
0.27476
0.2744
0.27397
0.27352
0.27307
0.27266
0.27233
0.27226
0.27231
0.27246
0.27273
0.27309
0.27354
0.27405
0.2746
0.27517
0.27573
0.27614
0.27649
0.27677
0.27696
0.27705
0.27704
0.27691
0.27665
0.27628
0.27578
0.27509
0.27429
0.27341
0.27247
0.27148
0.27048
0.26948
0.2685
0.26757
0.26669
0.26588
0.26516
0.26454
0.26401
0.26359
0.26327
0.26304
0.2629
0.26284
0.26285
0.26282
0.26283
0.26288
0.26296
0.26305
0.26316
0.26327
0.26337
0.26346
0.26352
0.26354
0.26353
0.26349
0.26343
0.26334
0.26324
0.26312
0.26301
0.26291
0.26284
0.26271
0.26265
0.26268
0.26283
0.26312
0.26358
0.26422
0.26506
0.26611
0.26738
0.26879
0.27042
0.27227
0.27433
0.27658
0.27899
0.28155
0.28422
0.28695
0.28972
0.29262
0.29545
0.29815
0.30067
0.30295
0.30495
0.30664
0.30801
0.30903
0.30973
0.30961
0.30925
0.30873
0.30814
0.30758
0.30715
0.30692
0.30696
0.30736
0.30814
0.30977
0.31179
0.31413
0.31672
0.31949
0.32234
0.32516
0.32786
0.33033
0.33248
0.33387
0.33482
0.33531
0.33533
0.3349
0.33402
0.33276
0.33115
0.32927
0.32719
0.32489
0.32257
0.32032
0.31824
0.31643
0.31496
0.31392
0.31336
0.31332
0.31383
0.31515
0.31699
0.31932
0.32207
0.32517
0.32853
0.33206
0.33567
0.33927
0.34277
0.34572
0.34845
0.35095
0.3532
0.35519
0.35694
0.35844
0.35973
0.36084
0.36178
0.36269
0.3635
0.36423
0.3649
0.36554
0.36617
0.3668
0.36744
0.3681
0.36879
0.36945
0.37013
0.37084
0.37157
0.37231
0.37305
0.37378
0.37449
0.37516
0.37579
0.37619
0.37654
0.37686
0.37716
0.37744
0.37772
0.378
0.37831
0.37863
0.37898
0.37941
0.37986
0.38031
0.38077
0.38122
0.38164
0.38202
0.38235
0.38262
0.38282
0.38281
0.38274
0.38262
0.38246
0.38229
0.38213
0.382
0.38192
0.38191
0.382
0.38209
0.38232
0.38273
0.38333
0.38413
0.38515
0.38638
0.38784
0.38949
0.39134
0.39343
0.39564
0.39793
0.40025
0.40256
0.40481
0.40695
0.40894
0.41074
0.41234
0.41338
0.41421
0.41485
0.41533
0.41569
0.41597
0.41622
0.41647
0.41678
0.41717
0.41789
0.41874
0.41972
0.42082
0.42203
0.42335
0.42475
0.42622
0.42774
0.42931
0.43045
0.43164
0.43292
0.4343
0.43583
0.43751
0.43937
0.4414
0.44361
0.44598
0.44885
0.45179
0.45472
0.45756
0.46023
0.46265
0.46474
0.46642
0.46765
0.46837
0.46805
0.46724
0.466
0.4644
0.46252
0.46046
0.45831
0.45616
0.45412
0.45228
0.45097
0.44998
0.44937
0.44914
0.44932
0.44991
0.45089
0.45224
0.45393
0.45591
0.4579
0.46011
0.46251
0.46505
0.46771
0.47043
0.47319
0.47593
0.47862
0.48122
0.48365
0.48593
0.48801
0.4899
0.49155
0.49297
0.49414
0.49505
0.4957
0.49611
0.49617
0.49602
0.49566
0.49513
0.49445
0.49366
0.49278
0.49185
0.49089
0.48994
0.48894
0.48799
0.48713
0.48638
0.48576
0.48528
0.48496
0.48479
0.48478
0.48492
0.48508
0.48538
0.48581
0.48636
0.48703
0.48778
0.48861
0.48948
0.49038
0.49127
0.49213
0.49293
0.49366
0.49428
0.49478
0.49515
0.49536
0.49543
0.49534
0.49511
0.49454
0.49388
0.49317
0.49245
0.49177
0.49119
0.49074
0.49047
0.49041
0.49061
0.49107
0.49182
0.49287
0.49421
0.49584
0.49773
0.49986
0.50219
0.50466
0.50724
0.50976
0.51228
0.51475
0.51711
0.51931
0.5213
0.52304
0.52448
0.5256
0.52636
0.52658
0.52643
0.52592
0.52508
0.52392
0.5225
0.52083
0.51898
0.51697
0.51486
0.51273
0.5106
0.50848
0.50643
0.50447
0.50265
0.50099
0.49953
0.49828
0.49727
0.49619
0.49542
0.49499
0.49493
0.49528
0.49605
0.49725
0.49886
0.50086
0.50323
0.50615
0.50932
0.51263
0.51601
0.51935
0.52256
0.52554
0.52823
0.53053
0.5324
0.53335
0.53383
0.53389
0.53356
0.53292
0.53202
0.53096
0.5298
0.52864
0.52754
0.52671
0.52607
0.52569
0.52559
0.52579
0.52632
0.52716
0.52832
0.52975
0.53144
0.53326
0.53525
0.53736
0.53954
0.54174
0.5439
0.54598
0.54792
0.54969
0.55125
0.55231
0.55313
0.55374
0.55416
0.55442
0.55454
0.55457
0.55453
0.55448
0.55444
0.55447
0.55458
0.55476
0.55503
0.55541
0.55587
0.55643
0.55705
0.55773
0.55844
0.55904
0.55962
0.56017
0.56066
0.56108
0.5614
0.56162
0.5617
0.56165
0.56145
0.56095
0.5603
0.55955
0.55871
0.55781
0.55688
0.55595
0.55505
0.55422
0.55348
0.55279
0.55224
0.55188
0.55171
0.55175
0.55202
0.55252
0.55324
0.55419
0.55534
0.5566
0.55803
0.55963
0.56135
0.56319
0.5651
0.56707
0.56905
0.57102
0.57296
0.57467
0.57631
0.57787
0.57934
0.58072
0.58201
0.58321
0.58433
0.58537
0.58634
0.5872
0.588
0.58876
0.58947
0.59016
0.59082
0.59146
0.59209
0.59272
0.59336
0.59379
0.59425
0.59475
0.59532
0.59596
0.59669
0.5975
0.59839
0.59935
0.60038
0.60145
0.60253
0.60359
0.6046
0.60551
0.6063
0.60691
0.60732
0.6075
0.6074
0.60686
0.60603
0.6049
0.6035
0.60183
0.59993
0.59782
0.59554
0.59313
0.59063
0.58787
0.58515
0.58252
0.58006
0.57783
0.57587
0.57424
0.57296
0.57205
0.57152
0.57159
0.57199
0.57268
0.57359
0.57465
0.57581
0.57698
0.57811
0.57913
0.57999
0.58007
0.57997
0.57973
0.57939
0.579
0.57861
0.57827
0.57803
0.57793
0.57801
0.5787
0.57957
0.58058
0.58169
0.58286
0.58403
0.58515
0.58616
0.58702
0.58768
0.58757
0.58726
0.58679
0.58622
0.58559
0.58496
0.58439
0.58393
0.58363
0.58355
0.58386
0.58443
0.58526
0.58633
0.58762
0.58911
0.59076
0.59252
0.59434
0.59618
0.59783
0.5994
0.60086
0.60217
0.60329
0.60422
0.60492
0.6054
0.60564
0.60567
0.60518
0.60453
0.60379
0.603
0.60223
0.60155
0.60099
0.6006
0.60043
0.6005
0.60106
0.60186
0.60286
0.60402
0.60528
0.6066
0.60791
0.60916
0.61028
0.61122
0.61148
0.61152
0.61135
0.61097
0.61043
0.60974
0.60893
0.60804
0.60708
0.6061
0.60525
0.6044
0.60355
0.60268
0.6018
0.60089
0.59992
0.59889
0.59777
0.59654
0.59495
0.59324
0.59141
0.58948
0.58747
0.58537
0.58322
0.58102
0.57879
0.57655
0.57431
0.57209
0.56992
0.56782
0.5658
0.56387
0.56207
0.56039
0.55886
0.55749
0.55607
0.55484
0.55385
0.5531
0.55261
0.55241
0.5525
0.55287
0.55352
0.55444
0.55564
0.55704
0.5586
0.56028
0.56202
0.56376
0.56546
0.56706
0.56851
0.56977
0.57051
0.57101
0.57127
0.57128
0.57106
0.57063
0.57
0.5692
0.56824
0.56717
0.56602
0.56479
0.56351
0.5622
0.56086
0.55953
0.55821
0.55691
0.55565
0.55444
0.5531
0.55183
0.55067
0.54961
0.5487
0.54793
0.54732
0.54688
0.5466
0.5465
0.54646
0.54658
0.54686
0.54731
0.5479
0.54862
0.54945
0.55038
0.55136
0.55237
0.55341
0.55442
0.55535
0.55618
0.55688
0.55741
0.55775
0.55788
0.5578
0.5575
0.55661
0.55555
0.55436
0.55309
0.55179
0.55051
0.54931
0.54821
0.54725
0.54646
0.5461
0.54589
0.5458
0.54578
0.54579
0.54577
0.54567
0.54543
0.54501
0.54436
0.54304
0.54148
0.5397
0.53772
0.5356
0.53336
0.53108
0.52878
0.52653
0.52437
0.52237
0.52054
0.51891
0.51749
0.51629
0.51532
0.51456
0.514
0.5136
0.51333
0.51318
0.51306
0.51294
0.51274
0.51243
0.51194
0.51123
0.51027
0.50901
0.50744
0.50518
0.50263
0.49983
0.49685
0.49373
0.49054
0.48734
0.4842
0.48117
0.47831
0.47586
0.47364
0.47166
0.4699
0.46837
0.46704
0.46589
0.46488
0.464
0.4632
0.4622
0.46126
0.46035
0.45949
0.45866
0.45788
0.45714
0.45645
0.45582
0.45525
0.45463
0.45408
0.45363
0.45327
0.45302
0.45288
0.45283
0.45286
0.45297
0.45311
0.45335
0.45356
0.45369
0.45369
0.45352
0.45313
0.45247
0.4515
0.45018
0.4485
0.44624
0.44362
0.44065
0.43736
0.43381
0.43003
0.4261
0.42206
0.418
0.41397
0.40985
0.40592
0.40227
0.39896
0.39607
0.39365
0.39173
0.39032
0.38943
0.38905
0.38948
0.3903
0.39141
0.39269
0.39403
0.39533
0.39647
0.39734
0.39786
0.39795
0.39695
0.39549
0.39362
0.3914
0.38889
0.3862
0.3834
0.3806
0.37788
0.37532
0.37333
0.37162
0.3702
0.36907
0.36821
0.36762
0.36724
0.36702
0.36692
0.36685
0.36664
0.36635
0.36592
0.3653
0.36443
0.36328
0.3618
0.35997
0.35779
0.35524
0.35204
0.34853
0.34479
0.34086
0.33683
0.33278
0.32876
0.32486
0.32113
0.31764
0.31467
0.31198
0.30957
0.30741
0.30549
0.30376
0.30218
0.30072
0.29932
0.29794
0.29626
0.29454
0.29278
0.29096
0.28909
0.28717
0.28522
0.28326
0.2813
0.27937
0.27744
0.2756
0.27386
0.27226
0.27083
0.26958
0.26853
0.2677
0.26708
0.26669
0.26663
0.26675
0.26704
0.26746
0.26797
0.26854
0.26912
0.26969
0.27021
0.27065
0.27064
0.27055
0.2704
0.27021
0.27002
0.26984
0.26971
0.26963
0.26963
0.26972
0.27019
0.2707
0.27121
0.27168
0.27205
0.27226
0.27227
0.27203
0.2715
0.27065
0.26911
0.26726
0.26512
0.26275
0.26019
0.2575
0.25476
0.25201
0.24933
0.24678
0.24449
0.24242
0.24063
0.23913
0.23795
0.23708
0.23653
0.23628
0.2363
0.23657
0.2371
0.23777
0.23854
0.23934
0.24011
0.2408
0.24134
0.24169
0.24181
0.24167
0.24098
0.24002
0.23881
0.23739
0.2358
0.23409
0.23231
0.23052
0.22876
0.22709
0.22569
0.22446
0.22341
0.22255
0.2219
0.22145
0.22119
0.22111
0.2212
0.22141
0.22165
0.22198
0.22236
0.22277
0.22319
0.22359
0.22395
0.22425
0.22446
0.22458
0.22447
0.22426
0.22396
0.22359
0.22316
0.2227
0.2222
0.22171
0.22121
0.22075
0.22039
0.22006
0.21976
0.21948
0.21921
0.21894
0.21865
0.21834
0.21798
0.21756
0.21696
0.21629
0.21556
0.21477
0.21395
0.21309
0.21221
0.21131
0.21042
0.20954
0.20868
0.20785
0.20707
0.20635
0.2057
0.20511
0.2046
0.20417
0.20381
0.20353
0.20325
0.20304
0.20291
0.20284
0.20284
0.2029
0.20301
0.20316
0.20333
0.20353
0.2038
0.20405
0.20426
0.20442
0.2045
0.2045
0.2044
0.20421
0.20391
0.20353
0.20277
0.20197
0.20119
0.20047
0.19985
0.19938
0.19911
0.19905
0.19924
0.19968
0.20068
0.2019
0.20327
0.20473
0.20624
0.2077
0.20906
0.21025
0.21121
0.21188
0.21191
0.21163
0.21103
0.21015
0.20902
0.2077
0.20622
0.20465
0.20306
0.20149
0.20001
0.19868
0.19755
0.19667
0.19608
0.19579
0.19583
0.19619
0.19686
0.19781
0.19926
0.20089
0.20261
0.20434
0.206
0.2075
0.20877
0.20973
0.21034
0.21055
0.20979
0.20866
0.20719
0.20547
0.20357
0.20159
0.1996
0.1977
0.19598
0.1945
0.19379
0.1934
0.19332
0.19351
0.19396
0.19462
0.19544
0.19637
0.19736
0.19836
0.19893
0.19945
0.19993
0.20036
0.20076
0.20114
0.20152
0.20192
0.20235
0.20284
0.20343
0.2041
0.20486
0.2057
0.20662
0.20761
0.20866
0.20974
0.21082
0.21188
0.21306
0.21412
0.21501
0.21567
0.21606
0.21613
0.21586
0.21522
0.2142
0.21283
0.21065
0.20821
0.2056
0.20293
0.2003
0.19782
0.19559
0.19371
0.19227
0.19132
0.19128
0.19178
0.19283
0.19439
0.19639
0.19877
0.20146
0.20435
0.20734
0.21035
0.21315
0.21577
0.21814
0.2202
0.22189
0.22317
0.22401
0.2244
0.22434
0.22387
0.2227
0.22122
0.21952
0.21771
0.21589
0.21415
0.21259
0.21131
0.21038
0.20986
0.21021
0.211
0.2122
0.21375
0.21561
0.21769
0.21991
0.22219
0.22446
0.22662
0.22814
0.22946
0.23058
0.2315
0.23222
0.23275
0.23313
0.23339
0.23354
0.23363
0.23387
0.2341
0.23433
0.23457
0.23482
0.2351
0.23541
0.23574
0.23611
0.2365
0.23681
0.23715
0.23753
0.23795
0.23842
0.23893
0.23951
0.24015
0.24085
0.24163
0.24239
0.24325
0.2442
0.24527
0.24646
0.24779
0.24925
0.25085
0.2526
0.25448
0.25655
0.25874
0.26102
0.2634
0.26583
0.26831
0.27081
0.27331
0.27579
0.27824
0.28041
0.28253
0.28463
0.28671
0.28879
0.29086
0.29295
0.29505
0.29717
0.29929
0.30157
0.30382
0.306
0.30809
0.31003
0.3118
0.31336
0.31468
0.31572
0.31648
0.31676
0.31676
0.31649
0.316
0.31532
0.31449
0.31357
0.31262
0.31169
0.31085
0.31005
0.30946
0.30914
0.30915
0.30952
0.31029
0.3115
0.31313
0.31521
0.31769
0.32071
0.32405
0.32765
0.33142
0.3353
0.33918
0.34297
0.34659
0.34995
0.35297
0.35536
0.35731
0.35879
0.35979
0.36032
0.36038
0.35999
0.3592
0.35804
0.35657
0.35479
0.35281
0.35068
0.34847
0.34623
0.34401
0.34186
0.33982
0.33793
0.3362
0.33466
0.3333
0.33211
0.33106
0.33013
0.32929
0.3285
0.32772
0.32691
0.32602
0.32498
0.3238
0.32244
0.32089
0.31914
0.31717
0.315
0.31264
0.31013
0.30749
0.3044
0.30132
0.29833
0.29552
0.29299
0.29081
0.28905
0.28776
0.287
0.28677
0.28761
0.28893
0.29063
0.29262
0.2948
0.29704
0.29925
0.3013
0.30311
0.3046
0.30496
0.30496
0.30462
0.30401
0.30319
0.30224
0.30124
0.30028
0.29945
0.2988
0.29882
0.2991
0.29965
0.30046
0.3015
0.30273
0.30411
0.30557
0.30705
0.30849
0.30972
0.31079
0.31167
0.31232
0.31271
0.31283
0.31267
0.31223
0.31154
0.31062
0.30912
0.30752
0.30592
0.30443
0.30313
0.30212
0.30149
0.3013
0.30161
0.30245
0.30428
0.3066
0.30934
0.31243
0.31575
0.3192
0.32265
0.32599
0.32911
0.33189
0.33385
0.33534
0.33633
0.33682
0.33682
0.33634
0.33545
0.33418
0.33261
0.33083
0.3288
0.32674
0.32475
0.32292
0.32135
0.32012
0.3193
0.31896
0.31911
0.3198
0.32133
0.32333
0.32576
0.32852
0.33153
0.33469
0.3379
0.34107
0.3441
0.34692
0.34888
0.35056
0.35195
0.35309
0.354
0.35474
0.35536
0.3559
0.35643
0.35699
0.35801
0.35912
0.36031
0.36159
0.36294
0.36435
0.3658
0.36726
0.36871
0.37014
0.37117
0.37218
0.37318
0.37421
0.37529
0.37645
0.3777
0.37906
0.38054
0.38216
0.38397
0.38589
0.38792
0.39001
0.39215
0.3943
0.3964
0.39842
0.4003
0.402
0.40352
0.40476
0.40568
0.40624
0.4064
0.40615
0.40549
0.40441
0.40294
0.40111
0.39847
0.39561
0.39264
0.38969
0.38686
0.38427
0.38201
0.38018
0.37885
0.37807
0.37843
0.37933
0.38071
0.38249
0.38458
0.38687
0.38926
0.39165
0.39395
0.39606
0.39718
0.39807
0.39874
0.39923
0.39961
0.39994
0.40029
0.40073
0.40133
0.40215
0.40367
0.40547
0.40755
0.4099
0.41249
0.41528
0.41823
0.4213
0.42444
0.42759
0.43036
0.43307
0.43573
0.43832
0.44084
0.44329
0.44567
0.44796
0.45019
0.45233
0.45443
0.45645
0.45837
0.46019
0.4619
0.4635
0.46496
0.46627
0.46744
0.46843
0.46918
0.46976
0.47015
0.47037
0.47041
0.47029
0.47
0.46957
0.46901
0.46833
0.46732
0.46626
0.46518
0.46412
0.46313
0.46224
0.46147
0.46086
0.46041
0.46014
0.46026
0.46053
0.46091
0.46135
0.46182
0.46227
0.46267
0.46297
0.46316
0.4632
0.46259
0.46187
0.4611
0.46033
0.45964
0.45907
0.4587
0.45857
0.45874
0.45924
0.4604
0.46189
0.46367
0.46569
0.4679
0.47023
0.47261
0.47496
0.47722
0.4793
0.48076
0.48196
0.4829
0.48355
0.48393
0.48404
0.48391
0.48356
0.48301
0.4823
0.48154
0.48068
0.47976
0.47881
0.47786
0.47696
0.47611
0.47536
0.47474
0.47425
0.47377
0.47349
0.47344
0.47365
0.47414
0.47493
0.47602
0.47743
0.47913
0.48113
0.48333
0.48578
0.48848
0.49138
0.49447
0.49769
0.50102
0.50439
0.50777
0.51111
0.51438
0.51751
0.52045
0.52318
0.52564
0.52782
0.52968
0.53123
0.53246
0.53338
0.53355
0.53349
0.53327
0.53297
0.53267
0.53245
0.53235
0.53245
0.53279
0.53338
0.53484
0.53652
0.53835
0.54025
0.54214
0.54393
0.54555
0.54693
0.54802
0.54877
0.54817
0.54732
0.54633
0.5453
0.54439
0.54371
0.54338
0.54353
0.54424
0.54559
0.54829
0.55161
0.55547
0.55977
0.56437
0.56913
0.57389
0.57849
0.58276
0.58654
0.58923
0.59121
0.59241
0.59279
0.59233
0.59103
0.58892
0.58607
0.58255
0.57845
0.5737
0.56863
0.5634
0.55818
0.55313
0.54841
0.54417
0.54053
0.53762
0.53553
0.53449
0.53436
0.53514
0.53681
0.53931
0.54257
0.54648
0.55095
0.55584
0.56102
0.56616
0.57133
0.5764
0.58128
0.58584
0.59001
0.5937
0.59685
0.59944
0.60143
0.6025
0.60301
0.60304
0.60264
0.60192
0.60095
0.59984
0.59868
0.59755
0.59654
0.59593
0.59555
0.59541
0.59553
0.59591
0.59653
0.59735
0.59835
0.59947
0.60066
0.60163
0.6026
0.60351
0.60435
0.60508
0.60569
0.60614
0.60644
0.60657
0.60653
0.60603
0.60541
0.6047
0.60394
0.60319
0.60247
0.60183
0.6013
0.60089
0.60061
0.6008
0.60108
0.60141
0.60173
0.60198
0.60211
0.60205
0.60177
0.60122
0.60038
0.59853
0.59644
0.59419
0.59187
0.58958
0.5874
0.58544
0.58377
0.58248
0.58161
0.58176
0.58236
0.58337
0.58475
0.58642
0.58831
0.59035
0.59245
0.59453
0.59654
0.59768
0.5987
0.59964
0.60053
0.60142
0.60237
0.60341
0.60461
0.60599
0.6076
0.60981
0.61225
0.61486
0.61762
0.62046
0.62332
0.62614
0.62885
0.63138
0.63368
0.63529
0.63661
0.63763
0.63838
0.63887
0.63913
0.63919
0.6391
0.63891
0.63865
0.63843
0.63824
0.63814
0.63815
0.63832
0.63869
0.63929
0.64013
0.64125
0.64265
0.64401
0.64569
0.64772
0.65011
0.65286
0.65597
0.6594
0.66313
0.66711
0.67127
0.67587
0.68048
0.68499
0.68926
0.6932
0.69668
0.69962
0.70194
0.70357
0.70447
0.70383
0.70252
0.70066
0.69837
0.69577
0.693
0.69021
0.68752
0.68504
0.68288
0.68175
0.68103
0.68067
0.68065
0.6809
0.68135
0.6819
0.68248
0.683
0.68336
0.68285
0.68212
0.68118
0.68004
0.67874
0.67734
0.67587
0.67439
0.67298
0.67169
0.6706
0.66975
0.66917
0.66892
0.66902
0.66948
0.67032
0.67152
0.67307
0.67493
0.67705
0.67937
0.68184
0.68439
0.68693
0.68938
0.69167
0.69373
0.69547
0.69685
0.69769
0.69809
0.69804
0.69752
0.69658
0.69523
0.69352
0.69151
0.68928
0.6869
0.68385
0.68089
0.67817
0.67583
0.674
0.67278
0.67226
0.6725
0.6735
0.67526
0.6786
0.68249
0.68673
0.69113
0.69545
0.69947
0.70298
0.70576
0.70766
0.70853
0.70708
0.70456
0.70106
0.69671
0.69168
0.68616
0.68038
0.67454
0.66887
0.66358
0.65929
0.65572
0.65297
0.65112
0.65023
0.65029
0.6513
0.65318
0.65587
0.65924
0.66332
0.66778
0.67245
0.67712
0.68162
0.68577
0.68941
0.69239
0.6946
0.69597
0.69538
0.69398
0.69188
0.68924
0.68621
0.68296
0.67968
0.67652
0.67366
0.67123
0.67029
0.66988
0.66995
0.67046
0.6713
0.67237
0.67357
0.67475
0.67582
0.67664
0.67626
0.67554
0.6745
0.67317
0.6716
0.66985
0.66799
0.6661
0.66428
0.66259
0.6612
0.66009
0.65933
0.65896
0.65901
0.6595
0.66043
0.66178
0.66351
0.66559
0.66809
0.67077
0.67352
0.67623
0.67879
0.68108
0.683
0.68446
0.68537
0.68568
0.68475
0.68321
0.6811
0.67852
0.67553
0.67224
0.66875
0.66517
0.66162
0.65818
0.65517
0.65244
0.65002
0.64796
0.64626
0.64494
0.64398
0.64335
0.64301
0.64292
0.64293
0.64309
0.64334
0.64363
0.64391
0.64413
0.64424
0.64421
0.644
0.64362
0.6425
0.64125
0.63991
0.63854
0.63723
0.63602
0.63497
0.63413
0.63354
0.63321
0.63374
0.63447
0.63532
0.63621
0.63703
0.63768
0.63809
0.63815
0.63779
0.63697
0.63465
0.6319
0.62882
0.62551
0.6221
0.61872
0.61547
0.61248
0.60985
0.60767
0.60683
0.60646
0.60651
0.60691
0.60758
0.60841
0.60931
0.61019
0.61097
0.61155
0.61087
0.60999
0.60901
0.608
0.60706
0.60628
0.60577
0.60561
0.60588
0.60665
0.60853
0.61092
0.61375
0.61695
0.62042
0.62406
0.62775
0.63138
0.63482
0.63797
0.6403
0.64218
0.64355
0.6444
0.64472
0.64451
0.64381
0.64265
0.64109
0.63919
0.63669
0.63405
0.63138
0.62882
0.62646
0.62442
0.62278
0.6216
0.62094
0.62082
0.62182
0.62327
0.62508
0.62714
0.62932
0.63149
0.63352
0.63528
0.63666
0.63756
0.63696
0.63586
0.63432
0.63243
0.63029
0.628
0.62568
0.62345
0.6214
0.61964
0.61885
0.61842
0.61833
0.61855
0.61902
0.61968
0.62045
0.62124
0.62198
0.62257
0.62245
0.62207
0.62142
0.62048
0.61926
0.61777
0.61602
0.61403
0.61184
0.60949
0.60696
0.60434
0.60169
0.59904
0.59644
0.59393
0.59154
0.58929
0.5872
0.58529
0.5835
0.5819
0.58046
0.57918
0.57804
0.57701
0.57605
0.57512
0.5742
0.57324
0.57219
0.57103
0.56973
0.56827
0.56663
0.56481
0.5628
0.56062
0.5583
0.55585
0.55287
0.54991
0.54706
0.54441
0.54208
0.54013
0.53865
0.5377
0.53732
0.53753
0.53877
0.54054
0.54277
0.54534
0.54816
0.55109
0.55401
0.55679
0.55931
0.56145
0.56259
0.56322
0.56333
0.56291
0.56198
0.56058
0.55874
0.55653
0.55401
0.55125
0.54834
0.54533
0.54228
0.53927
0.53635
0.53356
0.53095
0.52854
0.52633
0.52433
0.52265
0.52113
0.51973
0.51839
0.51706
0.51568
0.5142
0.51255
0.51069
0.50859
0.50581
0.50277
0.49952
0.49609
0.49254
0.48892
0.48531
0.48176
0.47834
0.47512
0.47223
0.46962
0.46733
0.46538
0.46378
0.46251
0.46158
0.46096
0.4606
0.46047
0.46053
0.46071
0.46094
0.46116
0.46132
0.46133
0.46116
0.46074
0.46005
0.45903
0.45723
0.45513
0.45276
0.45017
0.44742
0.44455
0.44164
0.43872
0.43585
0.43307
0.43089
0.42881
0.42678
0.42477
0.42274
0.42064
0.41844
0.4161
0.41361
0.41094
0.40729
0.40357
0.39988
0.39632
0.393
0.39003
0.3875
0.38551
0.38413
0.38338
0.38401
0.38524
0.38699
0.38913
0.39154
0.3941
0.39665
0.39906
0.4012
0.40295
0.40341
0.40336
0.40281
0.40179
0.40035
0.39853
0.39641
0.39405
0.39152
0.38889
0.38679
0.38467
0.38252
0.38034
0.37813
0.37587
0.37355
0.37115
0.36867
0.36611
0.36284
0.35957
0.35635
0.35327
0.35039
0.3478
0.34555
0.3437
0.34229
0.34134
0.34127
0.34162
0.34235
0.34338
0.34463
0.346
0.34741
0.34875
0.34995
0.35091
0.35124
0.35123
0.35087
0.35016
0.34912
0.34776
0.34613
0.34428
0.34226
0.34014
0.33782
0.33555
0.33341
0.33148
0.32983
0.32851
0.32758
0.32705
0.32695
0.32725
0.32839
0.32984
0.3315
0.33327
0.33503
0.33668
0.3381
0.33919
0.33988
0.34009
0.33895
0.33734
0.33532
0.33299
0.33045
0.32779
0.32513
0.32257
0.32021
0.31811
0.31708
0.31637
0.31592
0.31568
0.31558
0.31553
0.31546
0.31527
0.31489
0.31424
0.3126
0.31065
0.30843
0.30599
0.30338
0.30067
0.29793
0.29524
0.29267
0.29029
0.28843
0.28686
0.28559
0.28464
0.284
0.28367
0.28361
0.28382
0.28424
0.28483
0.28547
0.28619
0.28696
0.28773
0.28846
0.28912
0.28967
0.29008
0.29034
0.29044
0.29008
0.28959
0.28899
0.28832
0.28764
0.28697
0.28637
0.28587
0.2855
0.28529
0.28557
0.286
0.28655
0.28719
0.28787
0.28854
0.28918
0.28974
0.29018
0.29048
0.29015
0.2897
0.28917
0.28861
0.28807
0.28761
0.28729
0.28715
0.28723
0.28758
0.28851
0.2897
0.29114
0.29279
0.29459
0.2965
0.29846
0.30039
0.30224
0.30394
0.30513
0.30609
0.3068
0.30724
0.30741
0.30731
0.30693
0.30629
0.3054
0.30427
0.30309
0.30169
0.30009
0.29829
0.29632
0.29418
0.29189
0.2895
0.28702
0.28449
0.28163
0.27884
0.27617
0.2737
0.27149
0.2696
0.26808
0.26699
0.26633
0.26614
0.2667
0.26768
0.26904
0.2707
0.27261
0.27468
0.27683
0.27899
0.28107
0.28302
0.28435
0.28547
0.28637
0.28706
0.28754
0.28785
0.288
0.28801
0.28792
0.28775
0.28771
0.28762
0.28746
0.28721
0.28688
0.28644
0.28587
0.28515
0.28426
0.28318
0.28184
0.28029
0.27853
0.27656
0.27439
0.27203
0.26951
0.26686
0.26411
0.26131
0.25811
0.25499
0.25204
0.24933
0.24695
0.24496
0.24342
0.24238
0.24186
0.24186
0.24298
0.24452
0.24638
0.24845
0.25059
0.2527
0.25464
0.25632
0.25765
0.25855
0.25804
0.25712
0.25586
0.25436
0.25274
0.25111
0.24959
0.2483
0.24733
0.24677
0.24753
0.24873
0.25032
0.25222
0.25434
0.25658
0.25884
0.261
0.26296
0.26464
0.26521
0.26542
0.26529
0.26487
0.26421
0.26337
0.26242
0.26144
0.2605
0.25967
0.25934
0.25921
0.25932
0.25968
0.26029
0.26114
0.2622
0.26346
0.26487
0.2664
0.26792
0.26947
0.27102
0.27251
0.27392
0.27521
0.27635
0.27731
0.27809
0.27867
0.2788
0.27877
0.27861
0.27837
0.2781
0.27783
0.27763
0.27753
0.27757
0.27779
0.27843
0.27927
0.28028
0.28144
0.28274
0.28412
0.28556
0.28701
0.28845
0.28982
0.29082
0.29173
0.29255
0.29329
0.29397
0.29461
0.29521
0.2958
0.2964
0.29702
0.29773
0.29849
0.29931
0.30018
0.30111
0.3021
0.30312
0.30418
0.30526
0.30633
0.30739
0.30841
0.30938
0.31028
0.3111
0.31183
0.31245
0.31296
0.31337
0.31367
0.31365
0.31357
0.31347
0.31339
0.31338
0.31347
0.3137
0.3141
0.31471
0.31554
0.31674
0.31816
0.31979
0.32159
0.32353
0.32558
0.32769
0.32983
0.33194
0.33398
0.3357
0.33731
0.3388
0.34015
0.34138
0.34249
0.34349
0.34439
0.3452
0.34594
0.34666
0.34734
0.34799
0.34864
0.34929
0.34995
0.35064
0.35137
0.35213
0.35295
0.35367
0.35447
0.35534
0.3563
0.35736
0.35852
0.35978
0.36112
0.36255
0.36403
0.36564
0.36726
0.36886
0.37042
0.37188
0.37323
0.37443
0.37547
0.37631
0.37694
0.37706
0.377
0.37678
0.37645
0.37603
0.37558
0.37513
0.37471
0.37436
0.3741
0.37417
0.37433
0.37459
0.37491
0.37528
0.37567
0.37603
0.37635
0.3766
0.37674
0.3765
0.37614
0.37569
0.37516
0.37458
0.37398
0.37338
0.37282
0.37234
0.37196
0.37171
0.37162
0.37172
0.37201
0.37252
0.37325
0.37418
0.37532
0.37664
0.37812
0.37969
0.38136
0.38308
0.38482
0.38652
0.38816
0.38966
0.39101
0.39214
0.39302
0.39354
0.39376
0.39367
0.39326
0.39254
0.39152
0.39021
0.38865
0.38686
0.3849
0.38264
0.38032
0.378
0.37574
0.37361
0.37168
0.37
0.36863
0.3676
0.36696
0.36678
0.367
0.36762
0.36863
0.36999
0.37167
0.37362
0.37579
0.37813
0.38057
0.38294
0.38531
0.38763
0.38988
0.39202
0.394
0.39582
0.39743
0.39884
0.40004
0.40086
0.40148
0.40192
0.4022
0.40235
0.40241
0.40238
0.40231
0.4022
0.40209
0.40211
0.40213
0.40214
0.40212
0.40207
0.40195
0.40176
0.40148
0.40109
0.40058
0.39954
0.39841
0.39722
0.39602
0.39485
0.39374
0.39273
0.39185
0.39113
0.39057
0.39057
0.39071
0.39094
0.39122
0.3915
0.39174
0.39188
0.39189
0.39174
0.39142
0.3903
0.38906
0.3878
0.3866
0.38555
0.38474
0.38426
0.38419
0.38458
0.38548
0.38744
0.3899
0.39281
0.39609
0.39966
0.40342
0.40726
0.41107
0.41475
0.4182
0.42073
0.42291
0.42473
0.42618
0.42726
0.42801
0.42843
0.42857
0.42845
0.42811
0.42795
0.42761
0.42707
0.42633
0.42539
0.42426
0.42292
0.4214
0.41971
0.41787
0.41535
0.4128
0.41031
0.40796
0.40586
0.40409
0.40272
0.40182
0.40144
0.40159
0.40269
0.4043
0.40636
0.40878
0.41149
0.41437
0.41732
0.42025
0.42304
0.42562
0.42751
0.42907
0.43028
0.43114
0.43168
0.43191
0.43188
0.43165
0.43129
0.43086
0.43034
0.42992
0.42969
0.42973
0.43011
0.4309
0.43215
0.43389
0.43615
0.43893
0.44244
0.4464
0.45073
0.45534
0.46015
0.46504
0.46991
0.47467
0.4792
0.48343
0.48675
0.48967
0.49219
0.4943
0.49604
0.49743
0.49851
0.49933
0.49992
0.50034
0.5009
0.50134
0.50167
0.5019
0.50204
0.50208
0.50202
0.50185
0.50158
0.50121
0.50037
0.49946
0.49851
0.49756
0.49663
0.49576
0.49499
0.49432
0.4938
0.49342
0.49333
0.49338
0.49356
0.49383
0.49418
0.49458
0.49499
0.49539
0.49575
0.49604
0.49594
0.49578
0.49558
0.49537
0.49518
0.49504
0.49497
0.49502
0.4952
0.49553
0.49621
0.49705
0.49804
0.49917
0.50041
0.50175
0.50316
0.50461
0.50608
0.50755
0.50862
0.5097
0.51079
0.51192
0.51312
0.51439
0.51576
0.51724
0.51884
0.52055
0.52253
0.52459
0.52668
0.52877
0.5308
0.53273
0.5345
0.53606
0.53736
0.53837
0.53872
0.53874
0.53844
0.53782
0.53692
0.53576
0.53438
0.53281
0.5311
0.52927
0.52751
0.52571
0.5239
0.5221
0.52034
0.51865
0.51703
0.51552
0.51415
0.51293
0.51147
0.51025
0.50932
0.50873
0.50852
0.50874
0.50941
0.51053
0.51209
0.51409
0.51685
0.51992
0.5232
0.52658
0.52997
0.53323
0.53628
0.539
0.54132
0.54314
0.54375
0.54384
0.54346
0.54266
0.54151
0.5401
0.5385
0.53679
0.53506
0.53338
0.53233
0.53139
0.53055
0.52979
0.52908
0.52839
0.52769
0.52694
0.5261
0.52515
0.52337
0.52151
0.51964
0.51781
0.5161
0.51458
0.51329
0.51231
0.51168
0.51143
0.51201
0.51295
0.51422
0.51575
0.51747
0.51931
0.52119
0.52304
0.52479
0.52636
0.52721
0.52783
0.52824
0.52848
0.52857
0.52856
0.52849
0.52841
0.52838
0.52843
0.52877
0.52927
0.52995
0.53081
0.53185
0.53308
0.53449
0.53604
0.53773
0.53952
0.54121
0.54295
0.54473
0.54653
0.54832
0.55009
0.55181
0.55347
0.55504
0.55651
0.55766
0.55871
0.55964
0.56046
0.56119
0.56183
0.56238
0.56284
0.56323
0.56352
0.56387
0.56411
0.56422
0.56419
0.564
0.56362
0.56306
0.5623
0.56135
0.56022
0.55844
0.55655
0.55465
0.55279
0.55106
0.54953
0.54826
0.54731
0.54673
0.54654
0.54713
0.54809
0.54937
0.55092
0.55266
0.55451
0.55639
0.55822
0.55993
0.56145
0.56221
0.56273
0.56301
0.56308
0.56297
0.56274
0.56242
0.56206
0.56172
0.56145
0.56138
0.56145
0.56169
0.56211
0.56272
0.56352
0.56449
0.56562
0.56687
0.5682
0.56959
0.57098
0.57232
0.57355
0.57463
0.57551
0.57616
0.57653
0.57662
0.5764
0.57545
0.57424
0.57284
0.57131
0.56973
0.56818
0.56671
0.56541
0.56432
0.56349
0.56321
0.56323
0.56353
0.56411
0.56491
0.56589
0.567
0.56818
0.56938
0.57052
0.5713
0.57195
0.57244
0.57277
0.57292
0.5729
0.57271
0.57238
0.57192
0.57137
0.57055
0.56973
0.56896
0.56832
0.56785
0.56761
0.56765
0.56799
0.56866
0.56966
0.57118
0.57299
0.57507
0.57735
0.57978
0.58228
0.58477
0.5872
0.58949
0.59156
0.59299
0.59414
0.59501
0.5956
0.59592
0.596
0.59587
0.59555
0.59508
0.5945
0.5939
0.59325
0.59259
0.59195
0.59135
0.59082
0.59035
0.58998
0.58971
0.58953
0.58929
0.58916
0.58915
0.58924
0.58944
0.58975
0.59015
0.59063
0.59117
0.59177
0.59226
0.59279
0.59332
0.59385
0.59438
0.59488
0.59536
0.59581
0.5962
0.59654
0.59674
0.59687
0.59695
0.59698
0.59696
0.59691
0.59684
0.59674
0.59664
0.59654
0.59635
0.59618
0.59608
0.59606
0.59614
0.59634
0.59667
0.59715
0.59779
0.59858
0.59935
0.60029
0.60142
0.60274
0.60426
0.60596
0.60782
0.60984
0.61198
0.61421
0.61663
0.61904
0.62139
0.62362
0.62568
0.62751
0.62909
0.63036
0.63132
0.63195
0.63166
0.63112
0.63042
0.62964
0.62887
0.62822
0.62776
0.62758
0.62772
0.62825
0.62974
0.63159
0.63375
0.63615
0.63869
0.64129
0.64386
0.6463
0.64853
0.65048
0.65127
0.65175
0.65197
0.65198
0.65186
0.65168
0.65151
0.65144
0.65151
0.6518
0.6528
0.65405
0.65549
0.6571
0.65883
0.66059
0.66234
0.66399
0.66547
0.66673
0.66722
0.66742
0.66732
0.66692
0.66626
0.66534
0.66421
0.66291
0.66146
0.65993
0.65831
0.65668
0.65509
0.65359
0.6522
0.65096
0.64988
0.64898
0.64827
0.64772
0.64744
0.6473
0.64726
0.64728
0.64732
0.64734
0.64731
0.64719
0.64694
0.64656
0.64546
0.64426
0.64301
0.64177
0.64062
0.6396
0.63877
0.63818
0.63785
0.63781
0.63854
0.6395
0.64064
0.64187
0.64311
0.64427
0.64527
0.64603
0.64646
0.64652
0.64555
0.64418
0.64248
0.6405
0.63832
0.63603
0.63371
0.63146
0.62937
0.62754
0.62603
0.62492
0.62425
0.62406
0.62436
0.62516
0.62643
0.62813
0.63021
0.63258
0.63545
0.63841
0.64133
0.64409
0.64656
0.64862
0.65018
0.65114
0.65145
0.65108
0.64919
0.64672
0.64379
0.64054
0.63715
0.63378
0.63059
0.62776
0.62542
0.62371
0.62332
0.62367
0.62477
0.62656
0.62898
0.63195
0.63534
0.63904
0.6429
0.64678
0.64995
0.65291
0.65557
0.65786
0.6597
0.66105
0.66185
0.66207
0.66167
0.66064
0.65922
0.65714
0.6544
0.65102
0.64699
0.64237
0.6372
0.63153
0.62546
0.61906
0.61182
0.60451
0.59732
0.59041
0.58394
0.57805
0.57288
0.56854
0.5651
0.56261
0.56178
0.56184
0.56269
0.5642
0.56621
0.56857
0.57111
0.57367
0.5761
0.57827
0.57896
0.57929
0.57927
0.57895
0.57842
0.57773
0.57698
0.57625
0.57562
0.57515
0.57574
0.5765
0.5774
0.57836
0.57931
0.58016
0.58084
0.58126
0.58137
0.58109
0.5796
0.57773
0.57556
0.57315
0.57061
0.56803
0.5655
0.56314
0.56102
0.55925
0.55801
0.55722
0.55691
0.5571
0.55778
0.5589
0.56043
0.56231
0.56444
0.56674
0.56932
0.57185
0.57417
0.57617
0.57773
0.57874
0.57912
0.5788
0.57775
0.57596
0.57246
0.56838
0.56389
0.55918
0.55443
0.54985
0.54561
0.5419
0.53885
0.53661
0.53637
0.53696
0.53831
0.54028
0.54276
0.54558
0.54859
0.55164
0.55457
0.55725
0.55821
0.55885
0.55924
0.55945
0.55959
0.55977
0.56009
0.56066
0.56157
0.5629
0.56561
0.56875
0.57222
0.57595
0.57981
0.58367
0.58741
0.59089
0.59397
0.59654
0.59782
0.59846
0.59844
0.59779
0.59653
0.59472
0.59241
0.58968
0.58661
0.5833
0.57986
0.57635
0.57286
0.56948
0.56627
0.56329
0.56059
0.55821
0.55616
0.55444
0.55315
0.55214
0.55135
0.55073
0.5502
0.54969
0.54911
0.54839
0.54745
0.54623
0.5443
0.54203
0.53942
0.53648
0.53324
0.52975
0.52603
0.52214
0.51814
0.51407
0.51008
0.50613
0.50226
0.49852
0.49492
0.49152
0.48831
0.48532
0.48255
0.48001
0.47764
0.47547
0.4735
0.47172
0.47009
0.4686
0.46721
0.46592
0.46468
0.46349
0.46198
0.46051
0.45908
0.45771
0.45642
0.4552
0.45408
0.45306
0.45212
0.45126
0.45078
0.45031
0.4498
0.44919
0.44842
0.44745
0.44621
0.44467
0.44281
0.4406
0.43746
0.43404
0.43042
0.42669
0.42294
0.41926
0.41575
0.4125
0.40958
0.40705
0.40542
0.40423
0.40345
0.40304
0.40296
0.40314
0.4035
0.40398
0.40451
0.40501
0.40487
0.40464
0.4043
0.40386
0.40334
0.40275
0.40211
0.40143
0.40073
0.40004
0.39962
0.39919
0.39872
0.39818
0.39755
0.39678
0.39585
0.39473
0.39339
0.39181
0.38967
0.3873
0.38472
0.38195
0.37904
0.37603
0.37296
0.36986
0.36678
0.36376
0.36086
0.35807
0.35544
0.35296
0.35066
0.34854
0.3466
0.34483
0.34323
0.34176
0.3404
0.33915
0.33798
0.33686
0.33578
0.3347
0.33362
0.33251
0.33136
0.33017
0.32868
0.32716
0.32565
0.32418
0.32277
0.32147
0.32031
0.3193
0.31848
0.31786
0.31766
0.31764
0.31779
0.31809
0.31848
0.31895
0.31944
0.31992
0.32036
0.32072
0.32061
0.32042
0.32015
0.31982
0.31947
0.31911
0.31878
0.31848
0.31824
0.31808
0.31822
0.31843
0.31867
0.31892
0.31915
0.31931
0.31939
0.31933
0.31912
0.31872
0.31785
0.31678
0.31555
0.31417
0.31268
0.3111
0.30947
0.30784
0.30623
0.30468
0.30326
0.30196
0.30079
0.29978
0.29892
0.29823
0.2977
0.29731
0.29706
0.29692
0.29688
0.2969
0.29694
0.29696
0.29693
0.29681
0.29658
0.29621
0.29568
0.29498
0.29381
0.29249
0.29105
0.28952
0.28795
0.28637
0.28483
0.28336
0.28198
0.28073
0.27989
0.27918
0.27857
0.27803
0.27753
0.27703
0.2765
0.27589
0.27519
0.27436
0.27297
0.27147
0.26988
0.26824
0.2666
0.26499
0.26346
0.26204
0.26077
0.25967
0.25901
0.25852
0.2582
0.25801
0.25792
0.2579
0.25789
0.25786
0.25776
0.25755
0.25702
0.25634
0.2555
0.25449
0.25333
0.25203
0.25061
0.2491
0.24754
0.24595
0.24427
0.24266
0.24117
0.23986
0.23879
0.23798
0.23748
0.23731
0.2375
0.23804
0.2391
0.24047
0.24214
0.24404
0.24613
0.24834
0.25061
0.25288
0.25508
0.25716
0.25884
0.26033
0.2616
0.26264
0.26347
0.26407
0.26447
0.26469
0.26474
0.26465
0.26441
0.26409
0.26372
0.26333
0.26295
0.2626
0.26229
0.26204
0.26185
0.26171
0.26176
0.26183
0.26188
0.26187
0.26176
0.26151
0.26108
0.26046
0.2596
0.25851
0.25682
0.25491
0.25285
0.25067
0.24844
0.24622
0.24407
0.24205
0.24022
0.23862
0.23758
0.23682
0.23633
0.2361
0.23612
0.23634
0.23674
0.23728
0.23792
0.23862
0.23896
0.23933
0.23971
0.2401
0.24052
0.24095
0.24139
0.24185
0.2423
0.24274
0.24348
0.24414
0.24465
0.24498
0.24505
0.24484
0.24428
0.24336
0.24206
0.24035
0.23778
0.23488
0.23173
0.22843
0.22506
0.22173
0.21852
0.21553
0.21285
0.21055
0.20909
0.20809
0.20751
0.20735
0.20756
0.20811
0.20894
0.21
0.21123
0.21259
0.21354
0.21457
0.21566
0.21682
0.21806
0.21939
0.22082
0.22237
0.22403
0.22581
0.228
0.23026
0.23256
0.23485
0.23708
0.2392
0.24116
0.24291
0.24441
0.24564
0.24629
0.24663
0.24668
0.24646
0.24599
0.2453
0.24444
0.24343
0.24232
0.24114
0.23996
0.23879
0.23764
0.23654
0.23552
0.23458
0.23372
0.23294
0.23224
0.2316
0.23109
0.23059
0.23007
0.2295
0.22884
0.22807
0.22716
0.22608
0.22484
0.22343
0.22151
0.21947
0.21737
0.21525
0.21318
0.21122
0.20943
0.20787
0.20658
0.20561
0.20527
0.20525
0.20555
0.20613
0.20694
0.20794
0.20908
0.2103
0.21155
0.21278
0.21364
0.21442
0.21509
0.21567
0.21616
0.21656
0.21688
0.21714
0.21736
0.21756
0.21781
0.21806
0.21835
0.21867
0.21904
0.21947
0.21996
0.22052
0.22113
0.22179
0.22258
0.2234
0.22424
0.22507
0.22589
0.22667
0.22742
0.22812
0.22876
0.22936
0.22951
0.22966
0.22988
0.23021
0.23071
0.23142
0.23237
0.2336
0.23511
0.2369
0.23948
0.24224
0.24511
0.248
0.25079
0.2534
0.25572
0.25768
0.2592
0.26023
0.26011
0.2595
0.25848
0.25713
0.25553
0.25381
0.25207
0.25043
0.249
0.24787
0.24751
0.24759
0.24816
0.24922
0.25077
0.2528
0.25527
0.25813
0.26134
0.26482
0.26831
0.27195
0.27566
0.27939
0.28306
0.28664
0.29005
0.29325
0.29619
0.29885
0.30109
0.30301
0.30462
0.30592
0.30693
0.30769
0.30822
0.30855
0.30873
0.3088
0.30887
0.30889
0.30891
0.30894
0.30903
0.30918
0.30942
0.30977
0.31024
0.31084
0.31139
0.3121
0.31297
0.31402
0.31526
0.31669
0.31829
0.32005
0.32196
0.32399
0.32621
0.32847
0.33071
0.33289
0.33494
0.33682
0.33849
0.33988
0.34098
0.34175
0.34193
0.34178
0.34131
0.34056
0.33956
0.33836
0.337
0.33553
0.334
0.33246
0.33103
0.32965
0.32837
0.32719
0.32614
0.32522
0.32444
0.32378
0.32325
0.32284
0.32246
0.32217
0.32194
0.32176
0.32161
0.32147
0.32133
0.32118
0.321
0.32079
0.32034
0.31987
0.31941
0.31897
0.31857
0.31824
0.31801
0.31787
0.31786
0.31797
0.3183
0.31875
0.31928
0.31987
0.3205
0.32111
0.32169
0.32219
0.32259
0.32284
0.32283
0.32264
0.32226
0.32167
0.32089
0.31992
0.31878
0.3175
0.3161
0.31463
0.31279
0.31099
0.30929
0.30777
0.3065
0.30553
0.3049
0.30466
0.3048
0.30535
0.30678
0.3085
0.31043
0.31246
0.31448
0.31639
0.31807
0.31945
0.32044
0.32098
0.32027
0.31913
0.31764
0.31589
0.31397
0.31202
0.31014
0.30844
0.30704
0.30603
0.30601
0.30646
0.30738
0.30874
0.3105
0.31258
0.31491
0.31741
0.31999
0.32254
0.3246
0.32648
0.32814
0.32953
0.33061
0.33135
0.33174
0.33176
0.33141
0.33069
0.32964
0.32825
0.32656
0.3246
0.32241
0.32003
0.31751
0.3149
0.31225
0.30962
0.3071
0.30471
0.30247
0.30045
0.29868
0.29719
0.29603
0.29522
0.29479
0.29476
0.29477
0.29524
0.29622
0.29773
0.2998
0.30243
0.30561
0.3093
0.31347
0.31804
0.32349
0.32912
0.33478
0.34033
0.34559
0.35043
0.35471
0.3583
0.36111
0.36307
0.36331
0.36273
0.36143
0.35953
0.35716
0.35449
0.35167
0.34887
0.34623
0.34389
0.34259
0.34177
0.34143
0.34159
0.34223
0.34329
0.34473
0.34647
0.34844
0.35055
0.35229
0.35405
0.35577
0.35744
0.35901
0.36046
0.36179
0.36297
0.36402
0.36495
0.36569
0.36633
0.36691
0.36746
0.368
0.36858
0.36921
0.36993
0.37077
0.37174
0.37299
0.37438
0.37589
0.3775
0.3792
0.38096
0.38275
0.38455
0.38632
0.38805
0.38936
0.39063
0.39186
0.39309
0.39434
0.39563
0.39697
0.39839
0.3999
0.4015
0.40343
0.40543
0.40745
0.40946
0.4114
0.41325
0.41495
0.41648
0.41779
0.41886
0.41925
0.41942
0.41941
0.41926
0.41903
0.41876
0.41851
0.41833
0.41826
0.41834
0.41888
0.41958
0.42044
0.42143
0.42251
0.42365
0.42482
0.42598
0.42708
0.42811
0.42864
0.42909
0.42945
0.42976
0.43005
0.43035
0.43068
0.43109
0.4316
0.43223
0.43311
0.43414
0.43532
0.43664
0.43808
0.43962
0.44124
0.44291
0.4446
0.44628
0.44773
0.44913
0.45043
0.45164
0.45273
0.4537
0.45454
0.45523
0.45578
0.45618
0.4564
0.45647
0.45643
0.45626
0.45601
0.45568
0.4553
0.45488
0.45447
0.45409
0.4536
0.45321
0.45296
0.45289
0.45304
0.45344
0.45412
0.45509
0.45638
0.458
0.45992
0.46216
0.46469
0.46748
0.47051
0.47373
0.47712
0.48061
0.48417
0.48776
0.49118
0.49455
0.49783
0.50101
0.50405
0.50695
0.50968
0.51224
0.51463
0.51683
0.51869
0.52039
0.52196
0.5234
0.52474
0.52601
0.52721
0.52837
0.5295
0.5306
0.53173
0.53283
0.53388
0.53486
0.53576
0.53656
0.53723
0.53777
0.53815
0.53836
0.53817
0.53783
0.53736
0.53679
0.53615
0.5355
0.53485
0.53426
0.53376
0.53338
0.53311
0.53303
0.53317
0.53357
0.53423
0.53517
0.53638
0.53787
0.5396
0.54155
0.54367
0.54595
0.54834
0.55078
0.55323
0.55563
0.55792
0.56006
0.562
0.56368
0.5649
0.56581
0.56641
0.56668
0.56664
0.5663
0.56567
0.56479
0.56368
0.56237
0.56081
0.55914
0.55741
0.55568
0.55398
0.55237
0.55088
0.54954
0.54838
0.54742
0.54666
0.54611
0.54577
0.54562
0.54565
0.54583
0.54613
0.54651
0.54696
0.54742
0.5476
0.54777
0.5479
0.54799
0.54803
0.54803
0.54797
0.54786
0.54767
0.54742
0.54718
0.54685
0.5464
0.54583
0.54512
0.54425
0.54322
0.54204
0.5407
0.53921
0.53725
0.53521
0.53315
0.53115
0.52925
0.52753
0.52604
0.52482
0.52394
0.52341
0.52348
0.52392
0.52473
0.52587
0.52731
0.529
0.53091
0.53299
0.53518
0.53744
0.53926
0.5411
0.54299
0.54493
0.54692
0.54898
0.55112
0.55334
0.55563
0.55799
0.56066
0.56333
0.56595
0.56846
0.57081
0.57293
0.57476
0.57625
0.57735
0.57802
0.57788
0.5773
0.57631
0.57495
0.57327
0.57133
0.5692
0.56693
0.56461
0.56229
0.56006
0.55796
0.55607
0.55443
0.55309
0.55208
0.55142
0.55113
0.55121
0.55165
0.55231
0.5533
0.55458
0.55612
0.55788
0.5598
0.56185
0.56395
0.56605
0.5681
0.57001
0.57176
0.57331
0.57462
0.57565
0.5764
0.57685
0.57699
0.57684
0.57642
0.5754
0.5742
0.57291
0.57161
0.57037
0.56927
0.56839
0.56779
0.5675
0.56758
0.56833
0.56943
0.57085
0.57254
0.57444
0.57648
0.57859
0.58068
0.58269
0.58454
0.58574
0.58671
0.58745
0.58795
0.58824
0.58833
0.58827
0.58808
0.58781
0.58749
0.58714
0.58682
0.58658
0.58644
0.58644
0.58658
0.58688
0.58734
0.58796
0.5887
0.58964
0.59065
0.59168
0.59267
0.59356
0.59432
0.59489
0.59522
0.59528
0.59505
0.59396
0.59261
0.59105
0.58935
0.58758
0.5858
0.58409
0.58251
0.58111
0.57994
0.57959
0.57947
0.57955
0.57977
0.58009
0.58046
0.58081
0.58111
0.58131
0.58141
0.58035
0.57926
0.57825
0.57743
0.57691
0.57679
0.57717
0.57813
0.5797
0.58192
0.58577
0.59014
0.59488
0.59981
0.60476
0.60954
0.61396
0.61785
0.62105
0.62343
0.62376
0.62322
0.62188
0.61986
0.61727
0.61428
0.61105
0.60773
0.6045
0.60151
0.5995
0.59794
0.59687
0.59633
0.59631
0.59679
0.59772
0.59906
0.60074
0.60266
0.60433
0.6061
0.60793
0.60974
0.61149
0.61313
0.6146
0.61586
0.61687
0.6176
0.61803
0.61814
0.61795
0.61744
0.61665
0.61559
0.61429
0.6128
0.61116
0.60943
0.60736
0.60534
0.60345
0.60177
0.60039
0.59937
0.59876
0.5986
0.59892
0.59972
0.60127
0.60324
0.60557
0.60819
0.61099
0.61389
0.61679
0.61961
0.62224
0.62462
0.62605
0.62716
0.62797
0.62852
0.62883
0.62897
0.62897
0.6289
0.6288
0.62872
0.62915
0.62963
0.63015
0.63067
0.63118
0.63164
0.63203
0.63232
0.63249
0.63253
0.63167
0.63074
0.62983
0.629
0.62834
0.62792
0.6278
0.62804
0.62867
0.62971
0.6318
0.6342
0.63683
0.63956
0.64228
0.64487
0.64719
0.64914
0.65063
0.65156
0.65097
0.64982
0.64818
0.64613
0.64379
0.64127
0.63868
0.63614
0.63376
0.63164
0.63041
0.62955
0.62903
0.62884
0.62894
0.62928
0.62979
0.6304
0.63104
0.63164
0.63164
0.63149
0.6312
0.63074
0.63012
0.62934
0.62842
0.62737
0.62622
0.625
0.62359
0.62217
0.62079
0.61948
0.61829
0.61723
0.61634
0.61561
0.61505
0.61466
0.61476
0.61495
0.61516
0.61533
0.61539
0.61529
0.61496
0.61437
0.61349
0.61232
0.60995
0.60739
0.60476
0.6022
0.59983
0.59777
0.59615
0.59507
0.5946
0.5948
0.59642
0.59865
0.6014
0.60453
0.6079
0.61134
0.61469
0.61778
0.62043
0.62251
0.62322
0.62317
0.62233
0.62072
0.61834
0.61526
0.61155
0.60729
0.60261
0.59763
0.59245
0.58723
0.58211
0.57722
0.57268
0.5686
0.5651
0.56223
0.56008
0.55866
0.55808
0.55824
0.5591
0.56058
0.56261
0.5651
0.56792
0.57096
0.5741
0.57719
0.5799
0.58235
0.58445
0.58612
0.58731
0.58797
0.58805
0.58754
0.58643
0.58475
0.58225
0.57927
0.57588
0.57218
0.56824
0.56418
0.56006
0.55599
0.55203
0.54826
0.54501
0.54202
0.53928
0.53678
0.53449
0.5324
0.53046
0.52863
0.52689
0.52519
0.52298
0.52081
0.51871
0.51673
0.51489
0.51325
0.51184
0.51071
0.50987
0.50937
0.50947
0.5099
0.51065
0.51167
0.51295
0.51443
0.51606
0.5178
0.51959
0.52139
0.52273
0.52402
0.52527
0.52648
0.52764
0.52876
0.52984
0.53087
0.53184
0.53275
0.5339
0.53491
0.53573
0.53629
0.53655
0.53645
0.53595
0.53502
0.53364
0.5318
0.52888
0.52559
0.52203
0.5183
0.51451
0.51078
0.5072
0.50387
0.50088
0.49829
0.49658
0.49532
0.49446
0.49396
0.49375
0.49376
0.49391
0.49409
0.49422
0.49421
0.49354
0.49262
0.49142
0.48995
0.48819
0.48617
0.48391
0.48144
0.47881
0.47607
0.47331
0.47054
0.46782
0.46519
0.4627
0.46041
0.45837
0.4566
0.45516
0.45405
0.45312
0.45259
0.45246
0.45276
0.45348
0.4546
0.45611
0.45797
0.46014
0.46255
0.46534
0.46823
0.47114
0.47396
0.47661
0.47901
0.48109
0.48278
0.48405
0.48486
0.48463
0.48399
0.48302
0.48181
0.48045
0.47904
0.47768
0.47646
0.47544
0.47471
0.47473
0.47506
0.47568
0.47653
0.47755
0.47866
0.47977
0.4808
0.48164
0.48221
0.48207
0.48153
0.48054
0.47909
0.47716
0.47474
0.47187
0.46856
0.46485
0.46081
0.45629
0.45156
0.44673
0.44188
0.4371
0.43247
0.42807
0.42398
0.42023
0.41688
0.41418
0.41189
0.40997
0.40839
0.40709
0.40601
0.40509
0.40426
0.40344
0.40259
0.40133
0.39997
0.39849
0.39689
0.39519
0.39342
0.39161
0.38979
0.38801
0.38633
0.38465
0.38318
0.38198
0.38111
0.38062
0.38055
0.38093
0.38176
0.38305
0.38478
0.38717
0.38989
0.39286
0.39597
0.39911
0.4022
0.4051
0.40774
0.41001
0.41183
0.41266
0.41298
0.41279
0.41212
0.41101
0.40951
0.40768
0.40559
0.40332
0.40092
0.39868
0.39644
0.39424
0.39211
0.39009
0.38819
0.38642
0.38479
0.38329
0.38192
0.38043
0.37904
0.37775
0.37654
0.3754
0.37431
0.37324
0.37217
0.37107
0.36991
0.3688
0.36758
0.36618
0.36459
0.36278
0.36072
0.35842
0.35586
0.35306
0.35005
0.34639
0.34264
0.33888
0.33522
0.33176
0.32858
0.32578
0.32341
0.32155
0.32022
0.31987
0.32003
0.32064
0.32163
0.3229
0.32436
0.32589
0.32739
0.32874
0.32985
0.33033
0.33043
0.33011
0.32938
0.32823
0.32669
0.32478
0.32257
0.32012
0.31751
0.3145
0.31154
0.30874
0.30622
0.3041
0.30246
0.30139
0.30094
0.30113
0.30198
0.30414
0.30681
0.30987
0.31315
0.3165
0.31975
0.32273
0.32529
0.3273
0.32864
0.32828
0.32721
0.32549
0.3232
0.32046
0.3174
0.31416
0.31087
0.30767
0.3047
0.30262
0.30093
0.29966
0.29883
0.29842
0.2984
0.29872
0.29933
0.30015
0.30109
0.30199
0.30286
0.3036
0.30413
0.3044
0.30434
0.30391
0.30309
0.30187
0.30026
0.29766
0.29481
0.29182
0.28881
0.2859
0.28324
0.28092
0.27904
0.2777
0.27694
0.27766
0.27892
0.28062
0.28263
0.28482
0.28706
0.28918
0.29106
0.29257
0.29359
0.29306
0.29199
0.29043
0.28845
0.28616
0.28364
0.28102
0.27842
0.27595
0.27371
0.27244
0.27152
0.27094
0.27069
0.27075
0.27106
0.27158
0.27223
0.27297
0.27371
0.27394
0.27409
0.27415
0.2741
0.27394
0.27366
0.27327
0.27277
0.27216
0.27146
0.27081
0.27007
0.26923
0.2683
0.26726
0.26612
0.26487
0.26353
0.26209
0.26055
0.25879
0.25697
0.25512
0.25326
0.25143
0.24965
0.24795
0.24636
0.24489
0.24358
0.24247
0.24154
0.24079
0.24024
0.23987
0.2397
0.2397
0.23988
0.24021
0.24068
0.24115
0.24174
0.24244
0.24325
0.24416
0.24516
0.24624
0.24737
0.24855
0.24974
0.25098
0.25219
0.25335
0.25442
0.25538
0.2562
0.25685
0.25732
0.25758
0.25762
0.25733
0.25682
0.25609
0.25515
0.25403
0.25275
0.25133
0.2498
0.2482
0.24654
0.24477
0.24303
0.24134
0.23976
0.2383
0.237
0.23588
0.23494
0.2342
0.23366
0.23345
0.2334
0.23348
0.23365
0.23386
0.23408
0.23427
0.2344
0.23444
0.23437
0.23382
0.23318
0.23246
0.23172
0.231
0.23033
0.22977
0.22934
0.22909
0.22905
0.2295
0.23016
0.231
0.23199
0.23309
0.23425
0.23544
0.23659
0.23767
0.23862
0.23914
0.23949
0.23966
0.23965
0.23947
0.23913
0.23864
0.23804
0.23734
0.23657
0.23582
0.23504
0.23425
0.23346
0.2327
0.23197
0.23129
0.23065
0.23007
0.22955
0.22896
0.22843
0.22797
0.22759
0.2273
0.22707
0.22692
0.22682
0.22676
0.22672
0.22683
0.2269
0.22691
0.22681
0.22658
0.22617
0.22559
0.2248
0.22381
0.22262
0.22088
0.21902
0.21709
0.21517
0.21333
0.21163
0.21016
0.20897
0.2081
0.20761
0.20782
0.20842
0.20938
0.21065
0.21219
0.21394
0.21583
0.21778
0.21974
0.22163
0.22313
0.22446
0.22559
0.22651
0.22721
0.22768
0.22793
0.22797
0.22783
0.22753
0.22701
0.2264
0.22576
0.22513
0.22456
0.22408
0.22373
0.22355
0.22354
0.22373
0.22444
0.22531
0.2263
0.22735
0.22842
0.22945
0.23041
0.23125
0.23195
0.23249
0.23214
0.23169
0.23124
0.23085
0.23064
0.23066
0.23102
0.23176
0.23293
0.23455
0.23747
0.24076
0.24429
0.24795
0.25159
0.25507
0.25825
0.26099
0.26319
0.26476
0.26468
0.26393
0.26259
0.26074
0.25848
0.25595
0.25328
0.25058
0.24799
0.24564
0.24428
0.24329
0.24265
0.24236
0.24239
0.24271
0.24325
0.24396
0.24478
0.24564
0.24596
0.24624
0.2465
0.24671
0.2469
0.24706
0.2472
0.24735
0.2475
0.24767
0.24809
0.24853
0.24897
0.24939
0.24977
0.25009
0.25034
0.2505
0.25057
0.25052
0.25017
0.24972
0.24919
0.24861
0.24801
0.24741
0.24684
0.24634
0.24593
0.24564
0.24549
0.2455
0.24569
0.24606
0.24662
0.24738
0.24832
0.24942
0.25069
0.25208
0.2536
0.25519
0.25683
0.25847
0.26008
0.26164
0.2631
0.26444
0.26565
0.26669
0.26733
0.2678
0.26814
0.26837
0.26851
0.26858
0.26862
0.26865
0.26868
0.26874
0.26901
0.2693
0.2696
0.26987
0.2701
0.27025
0.2703
0.27023
0.27
0.26961
0.2688
0.26782
0.2667
0.26546
0.26414
0.26276
0.26139
0.26004
0.25878
0.25762
0.25664
0.25585
0.25528
0.25495
0.25489
0.2551
0.25559
0.25637
0.25742
0.25874
0.26026
0.262
0.26393
0.26602
0.26823
0.27053
0.27288
0.27523
0.27756
0.27982
0.28194
0.28394
0.28581
0.28753
0.2891
0.29051
0.29177
0.29289
0.29388
0.29476
0.29536
0.2959
0.29644
0.29702
0.29767
0.29843
0.29933
0.3004
0.30163
0.30304
0.30488
0.30684
0.30888
0.31095
0.31297
0.31491
0.3167
0.31828
0.31962
0.32068
0.32099
0.32103
0.32084
0.32047
0.31999
0.31945
0.31893
0.31849
0.31818
0.31806
0.31838
0.31896
0.31978
0.32086
0.32217
0.32368
0.32537
0.32718
0.32907
0.33098
0.33292
0.33479
0.33652
0.33808
0.33943
0.34053
0.34138
0.34197
0.34231
0.34244
0.34176
0.34101
0.3403
0.33975
0.33948
0.33959
0.34018
0.34132
0.34307
0.34545
0.34928
0.35364
0.35839
0.36338
0.36843
0.37339
0.37807
0.38231
0.38597
0.38891
0.39008
0.39045
0.39007
0.38901
0.38738
0.38528
0.38284
0.38021
0.37749
0.37484
0.37288
0.37115
0.3697
0.36853
0.36767
0.3671
0.36679
0.36671
0.3668
0.36702
0.36712
0.36724
0.36732
0.36732
0.36719
0.36691
0.36643
0.36576
0.36487
0.36378
0.36213
0.36036
0.35852
0.35669
0.35494
0.35337
0.35202
0.35099
0.3503
0.35002
0.35057
0.35152
0.35283
0.35446
0.35634
0.35841
0.36059
0.36281
0.36499
0.36708
0.36847
0.36971
0.37081
0.37178
0.37265
0.37345
0.37422
0.37499
0.37579
0.37666
0.37784
0.37911
0.38046
0.38189
0.38337
0.38488
0.38639
0.38788
0.38931
0.39067
0.39186
0.39293
0.39388
0.39471
0.39541
0.39601
0.39652
0.39696
0.39737
0.39779
0.39784
0.39802
0.39844
0.39917
0.40031
0.4019
0.404
0.40665
0.40984
0.41357
0.41829
0.4234
0.42878
0.43428
0.43975
0.44503
0.44996
0.45438
0.45816
0.46116
0.46275
0.46344
0.46324
0.46217
0.46029
0.45768
0.45442
0.45064
0.44647
0.44203
0.43758
0.43314
0.42884
0.42479
0.42112
0.41792
0.41528
0.41327
0.41194
0.41133
0.41138
0.41215
0.41364
0.41581
0.41861
0.42197
0.4258
0.43001
0.43449
0.43915
0.44382
0.44844
0.45291
0.45712
0.46098
0.46443
0.46739
0.46981
0.47167
0.47295
0.47335
0.47322
0.47264
0.47168
0.47043
0.46899
0.46745
0.46591
0.46447
0.4632
0.46241
0.46191
0.46173
0.4619
0.4624
0.46324
0.46438
0.4658
0.46747
0.46934
0.47108
0.47295
0.47493
0.47702
0.47917
0.48138
0.48363
0.48589
0.48815
0.4904
0.49256
0.49469
0.49676
0.49879
0.50075
0.50265
0.50447
0.5062
0.50785
0.5094
0.51081
0.51211
0.51329
0.51432
0.51522
0.51596
0.51654
0.51696
0.51721
0.51728
0.51702
0.5166
0.51605
0.51538
0.51462
0.51379
0.51291
0.512
0.51108
0.51016
0.50921
0.5083
0.50743
0.50662
0.50588
0.50519
0.50458
0.50402
0.50351
0.50305
0.50251
0.50199
0.5015
0.50103
0.50057
0.50012
0.49967
0.49922
0.49876
0.49829
0.49779
0.49729
0.49678
0.49628
0.4958
0.49535
0.49494
0.4946
0.49434
0.49418
0.49377
0.49354
0.49356
0.49387
0.49452
0.49555
0.49697
0.4988
0.50103
0.50365
0.50717
0.51092
0.51481
0.5187
0.52248
0.52602
0.52923
0.532
0.53428
0.536
0.53598
0.5355
0.53468
0.53367
0.53261
0.53166
0.53097
0.53066
0.53084
0.53158
0.53414
0.53722
0.54068
0.54439
0.54816
0.55182
0.5552
0.55811
0.5604
0.56195
0.56129
0.55985
0.55771
0.55499
0.55185
0.54844
0.54492
0.54147
0.53826
0.53544
0.53405
0.5332
0.53289
0.53312
0.53385
0.535
0.53652
0.53833
0.54034
0.54247
0.54383
0.54523
0.54668
0.5482
0.54981
0.55152
0.55336
0.55534
0.55749
0.5598
0.56269
0.56571
0.5688
0.5719
0.57495
0.57789
0.58065
0.58319
0.58545
0.58738
0.5884
0.58911
0.58953
0.58973
0.58976
0.58967
0.58953
0.58938
0.58929
0.58928
0.58985
0.59052
0.59127
0.59204
0.59281
0.59352
0.59414
0.59463
0.59494
0.59505
0.59411
0.59303
0.59188
0.59077
0.58977
0.58896
0.5884
0.58816
0.58827
0.58875
0.59043
0.59237
0.59445
0.59652
0.59845
0.60009
0.60131
0.60197
0.60197
0.60123
0.59861
0.59527
0.59133
0.5869
0.58216
0.57724
0.57233
0.56759
0.56317
0.55922
0.55656
0.55451
0.55309
0.55226
0.552
0.55224
0.5529
0.5539
0.55512
0.55648
0.55727
0.55805
0.55879
0.55946
0.56005
0.56055
0.56093
0.56121
0.56138
0.56145
0.56155
0.56155
0.56147
0.56131
0.56108
0.56078
0.56044
0.56005
0.55963
0.5592
0.5586
0.55803
0.55753
0.55715
0.5569
0.55682
0.55693
0.55726
0.55784
0.55866
0.55963
0.56087
0.56239
0.56418
0.56623
0.56853
0.57106
0.57379
0.57669
0.57972
0.58276
0.58584
0.58895
0.59203
0.59504
0.59795
0.60072
0.60332
0.6057
0.60786
0.60961
0.6111
0.61234
0.61334
0.61412
0.61469
0.61507
0.61529
0.61537
0.61535
0.61512
0.61485
0.61457
0.61431
0.61412
0.614
0.61398
0.61408
0.61431
0.61466
0.61518
0.61581
0.61654
0.61734
0.6182
0.61908
0.61996
0.62084
0.62167
0.62246
0.62275
0.62302
0.62331
0.62366
0.62412
0.62472
0.62549
0.62646
0.62763
0.62902
0.63097
0.63306
0.63523
0.63741
0.63951
0.64145
0.64317
0.64458
0.64563
0.64627
0.64583
0.64498
0.64378
0.64229
0.64058
0.63873
0.63683
0.63497
0.63321
0.63164
0.63066
0.62993
0.62946
0.62924
0.62926
0.62948
0.62986
0.63038
0.63098
0.63164
0.63182
0.63202
0.63225
0.63252
0.63285
0.63324
0.63371
0.63428
0.63495
0.63573
0.63672
0.63779
0.63892
0.64009
0.64124
0.64236
0.6434
0.64433
0.64509
0.64567
0.64583
0.64576
0.64546
0.64492
0.64416
0.64318
0.642
0.64064
0.63914
0.6375
0.63555
0.63356
0.63158
0.62966
0.62785
0.6262
0.62474
0.6235
0.62248
0.62172
0.6215
0.62149
0.62163
0.62189
0.6222
0.62252
0.6228
0.623
0.62309
0.62306
0.62205
0.62099
0.61999
0.61912
0.6185
0.6182
0.61831
0.61889
0.61998
0.62159
0.62445
0.62772
0.63124
0.63488
0.63846
0.6418
0.64473
0.64707
0.64868
0.64941
0.64839
0.64638
0.64338
0.63946
0.63468
0.62915
0.62299
0.61635
0.60936
0.60219
0.59506
0.58806
0.58134
0.57504
0.56929
0.56417
0.55979
0.55618
0.55339
0.55142
0.55047
0.55025
0.55071
0.55175
0.55324
0.55508
0.55714
0.5593
0.56145
0.56349
0.56478
0.56585
0.56668
0.5673
0.56771
0.56797
0.56812
0.56822
0.56831
0.56847
0.56874
0.56917
0.56981
0.57068
0.5718
0.57319
0.57481
0.57666
0.57867
0.5808
0.58336
0.58586
0.58816
0.59016
0.59172
0.59275
0.59316
0.59288
0.59186
0.59008
0.58646
0.58223
0.57758
0.57267
0.56772
0.5629
0.55842
0.55445
0.55114
0.54861
0.548
0.54821
0.54916
0.55073
0.55278
0.55515
0.55767
0.56016
0.56245
0.5644
0.56479
0.56467
0.56405
0.56297
0.56146
0.5596
0.55747
0.55516
0.55275
0.55035
0.5485
0.54676
0.54518
0.54376
0.54251
0.54143
0.54049
0.53969
0.53899
0.53835
0.53746
0.5366
0.53574
0.53489
0.53402
0.53313
0.53222
0.53128
0.5303
0.52928
0.52811
0.52691
0.52572
0.52457
0.52345
0.52241
0.52147
0.52063
0.51992
0.51935
0.51892
0.51865
0.51854
0.51858
0.51878
0.51911
0.51958
0.52016
0.52084
0.5216
0.52223
0.52292
0.52367
0.52449
0.52536
0.5263
0.52728
0.52831
0.52937
0.53045
0.53154
0.53261
0.53366
0.53465
0.53557
0.5364
0.53711
0.53768
0.53811
0.53836
0.53821
0.53788
0.53741
0.5368
0.53607
0.53525
0.53435
0.53339
0.53238
0.53134
0.53036
0.52936
0.52833
0.52726
0.52616
0.52502
0.52383
0.52258
0.52128
0.51992
0.51825
0.51658
0.51493
0.51335
0.51188
0.51057
0.50945
0.50856
0.50793
0.50758
0.50753
0.5078
0.50836
0.50921
0.51033
0.51169
0.51326
0.51499
0.51683
0.51873
0.52053
0.52227
0.52391
0.52542
0.52672
0.52779
0.52858
0.52906
0.52919
0.52896
0.5283
0.52725
0.52583
0.52404
0.52192
0.51949
0.51679
0.51387
0.51077
0.50755
0.50399
0.50046
0.49703
0.49379
0.4908
0.48814
0.48585
0.48398
0.48254
0.48155
0.48125
0.48135
0.48177
0.48243
0.48326
0.48416
0.48504
0.48582
0.48641
0.48674
0.48629
0.48552
0.48442
0.48303
0.48138
0.4795
0.47746
0.47529
0.47307
0.47084
0.46878
0.46681
0.46496
0.46324
0.46168
0.46029
0.45905
0.45797
0.45702
0.45618
0.45541
0.45468
0.45396
0.4532
0.45237
0.45143
0.45034
0.44908
0.44762
0.44595
0.44364
0.44115
0.43854
0.43585
0.43315
0.43048
0.4279
0.42545
0.42317
0.42109
0.41968
0.41845
0.41735
0.41633
0.41533
0.4143
0.41317
0.4119
0.41045
0.40878
0.40615
0.40336
0.40048
0.39759
0.3948
0.39218
0.38983
0.38782
0.38623
0.3851
0.38508
0.38552
0.38635
0.3875
0.38889
0.39041
0.39198
0.39348
0.39483
0.39594
0.39603
0.39582
0.39534
0.39462
0.3937
0.39265
0.39151
0.39034
0.3892
0.38814
0.38767
0.38729
0.387
0.38675
0.38651
0.38624
0.38589
0.38542
0.3848
0.38398
0.3824
0.38063
0.37872
0.37669
0.37461
0.37251
0.37045
0.36848
0.36664
0.36495
0.36382
0.36287
0.36204
0.36132
0.36066
0.36001
0.35934
0.3586
0.35776
0.35679
0.35511
0.35332
0.35146
0.3496
0.34777
0.34604
0.34445
0.34306
0.34189
0.34097
0.34079
0.34083
0.34102
0.3413
0.34159
0.34182
0.34191
0.34179
0.3414
0.34067
0.33893
0.33685
0.33449
0.33191
0.32918
0.32638
0.32357
0.32083
0.31823
0.31582
0.31422
0.31285
0.31167
0.31064
0.30972
0.30886
0.30801
0.30713
0.30618
0.30512
0.3032
0.30122
0.29925
0.29736
0.29563
0.29416
0.293
0.29222
0.29189
0.29203
0.29331
0.29503
0.29711
0.29947
0.30201
0.30462
0.3072
0.30964
0.31186
