0.57549
0.62197
0.61564
0.62648
0.64279
0.69151
0.81306
0.85343
0.82176
0.7664
0.60037
0.5447
0.51424
0.48574
0.39509
0.36545
0.38898
0.45203
0.48974
0.47531
0.44564
0.41128
0.39535
0.38333
0.36744
0.39355
0.37385
0.43403
0.47552
0.51156
0.55731
0.57756
0.64756
0.6346
0.52058
0.47925
0.43917
0.40129
0.35451
0.33497
0.34935
0.34932
0.37388
0.47509
0.36787
0.37311
0.34589
0.29127
0.27265
0.23975
0.24962
0.22319
0.25771
0.31432
0.33232
0.38746
0.348
0.27809
0.31155
0.3417
0.27983
0.2791
0.26039
0.25983
0.27341
0.29339
0.38685
0.40852
0.39744
0.39203
0.3781
0.35054
0.32411
0.36254
0.3044
0.35521
0.33087
0.44959
0.46684
0.62353
0.54769
0.63381
0.57447
0.57341
0.58955
0.55364
0.51891
0.50226
0.52491
0.62007
0.63141
0.63581
0.63679
0.57928
0.56622
0.48598
0.47731
0.46521
0.48117
0.50047
0.44662
0.46872
0.59553
0.58953
0.61043
0.5466
0.56333
0.54355
0.49746
0.4516
0.40836
0.33937
0.29764
0.38454
0.50054
0.56564
0.58968
0.59426
0.50943
0.49387
0.46185
0.48073
0.50402
0.52724
0.57943
0.60095
0.66494
0.7548
0.65936
0.64978
0.63141
0.50754
0.50943
0.41674
0.42333
0.44545
0.47893
0.53527
0.57355
0.65176
0.55541
0.52916
0.5645
0.51059
0.49569
0.47356
0.54675
0.49508
0.52378
0.55418
0.58118
0.67372
0.66611
0.60986
0.5046
0.45806
0.37681
0.3425
0.35918
0.32826
0.37194
0.36769
0.41616
0.4885
0.54956
0.5103
0.52321
0.46811
0.42513
0.41735
0.43649
0.47717
0.50901
0.46151
0.50943
0.55994
0.62514
0.6362
0.55536
0.59202
0.51063
0.40347
0.36343
0.41
0.33895
0.38687
0.38984
0.44543
0.4496
0.45921
0.48015
0.49583
0.43854
0.40606
0.41557
0.4389
0.48331
0.48982
0.50226
0.58873
0.64552
0.6589
0.60696
0.51164
0.45623
0.43051
0.35085
0.34441
0.33902
0.41387
0.42159
0.43888
0.45247
0.44969
0.38865
0.30133
0.31093
0.38866
0.36344
0.40719
0.4173
0.45438
0.58
0.62123
0.58034
0.55494
0.56039
0.48791
0.49348
0.57474
0.51776
0.54115
0.51793
0.58118
0.68881
0.74609
0.65868
0.62662
0.66251
0.53931
0.52557
0.54575
0.45834
0.49729
0.58544
0.63682
0.65889
0.76889
0.73304
0.72469
0.68188
0.66203
NaN
0.60271
0.54579
0.52376
0.5863
0.62191
0.65805
0.69374
0.75073
0.72936
0.70071
0.67711
0.64816
0.60986
0.68171
0.63613
0.73683
0.79398
0.7771
0.79704
0.81085
0.79414
0.82277
0.88484
0.88954
0.90142
0.90489
0.93983
1
0.98512
0.98304
0.97579
0.99738
0.90635
0.84889
0.86345
0.83464
0.82328
0.76492
0.7199
0.75625
0.68406
0.70546
0.69355
0.73884
0.80836
0.76266
0.73681
0.68863
0.59545
0.59309
0.49989
0.49506
0.56377
0.58829
0.70316
0.67191
0.66745
0.62423
0.56217
0.59539
0.5932
0.62625
0.63818
0.63163
0.66742
0.78388
0.76295
0.78205
0.66488
0.54292
0.52872
0.50239
0.4332
0.41369
0.40672
0.36573
0.44731
0.45447
0.52123
0.48565
0.53582
0.47747
0.46911
0.45203
0.42807
0.42829
0.4546
0.43772
0.51402
0.49989
0.58634
0.61961
0.61213
0.56715
0.51661
0.4808
0.46868
0.4521
0.41379
0.41351
0.45207
0.49262
0.61976
0.67023
0.6555
0.69817
0.63136
0.62908
0.55514
0.57634
0.60745
0.60515
0.61682
0.59587
0.72221
0.75559
0.69125
0.59739
0.53795
0.44712
0.42783
0.32785
0.34453
0.33719
0.33002
0.39213
0.49714
0.46401
0.47847
0.45945
0.44486
0.44728
0.46871
0.48141
0.49518
0.56148
0.70099
0.68921
0.76543
0.69599
0.6623
0.59309
0.52144
0.49982
0.44239
0.41616
0.36164
0.37094
0.41907
0.54274
0.54299
0.55987
0.52378
0.52112
0.46152
0.42558
0.39507
0.47164
0.48791
0.61472
0.6812
0.6604
0.76645
0.74866
0.57852
0.52378
0.43993
0.38504
0.31339
0.34441
0.31812
0.34208
0.32288
0.36593
0.44486
0.44239
0.44992
0.41821
0.38044
0.35868
0.34441
0.33993
0.33768
0.354
0.39197
0.45459
0.47203
0.44967
0.44244
0.41133
0.3373
0.33617
0.31738
0.28207
0.27983
0.30743
0.30962
0.3036
0.39136
0.37598
0.3505
0.35707
0.29418
0.28068
0.25281
0.23568
0.25445
0.2584
0.3005
0.35788
0.45315
0.40898
0.37941
0.36423
0.32394
0.29224
0.33676
0.29977
0.28592
0.28922
0.29418
0.3556
0.37486
0.38746
0.36492
0.30853
0.28093
0.2671
0.19707
0.2092
0.20187
0.19373
0.24584
0.28152
0.36665
0.32921
0.33947
0.3146
0.29867
0.32947
0.31184
0.2801
0.28312
0.28914
0.29119
0.28925
0.36374
0.37535
0.40289
0.43051
0.37916
0.39358
0.38746
0.40823
0.44769
0.46252
0.51977
0.59342
0.59629
0.57674
0.56326
0.46722
0.46401
0.32843
0.33187
0.30768
0.30963
0.31895
0.29965
0.32897
0.35634
0.35481
0.38028
0.40789
0.36968
0.36421
0.36975
0.40963
0.41941
0.44425
0.45813
0.4686
0.51983
0.58007
0.53604
0.44216
0.39574
0.39395
0.35403
0.3323
0.33637
0.31361
0.29504
0.35268
0.40561
0.39242
0.37526
0.36257
0.30469
0.31081
0.28414
0.27983
0.28961
0.3031
0.33071
0.44471
0.51003
0.42857
0.40237
0.37018
0.3742
0.30243
0.30306
0.27592
0.28859
0.2845
0.29204
0.35876
0.41995
0.44869
0.41917
0.41231
0.35158
0.38705
0.38636
0.4635
0.47258
0.45816
0.52763
0.56603
0.66985
0.63032
0.58669
0.47903
0.41463
0.34923
0.3304
0.32207
0.3033
0.31232
0.34611
0.37694
0.41121
0.47356
0.42553
0.38424
0.3557
0.39073
0.35619
0.4272
0.40556
0.44157
0.50162
0.50159
0.649
0.55102
0.55248
0.5436
0.4839
0.46137
0.40138
0.35605
0.32786
0.34441
0.38071
0.44162
0.46579
0.54602
0.55688
0.51387
0.51002
0.51821
0.57802
0.57868
0.62004
0.64743
0.66729
0.78756
0.94087
0.78099
0.64202
0.56463
0.52758
0.40181
0.37038
0.39653
0.33385
0.36408
0.34609
0.40569
0.49235
0.53865
0.5607
0.56743
0.53898
0.50113
0.54052
0.5701
0.65386
0.61207
0.65515
0.71474
0.85297
0.76961
0.65706
0.54038
0.53225
0.45921
0.4355
0.42444
0.39866
0.36593
0.39754
0.45064
0.52272
0.60499
0.60811
0.56338
0.50337
