
SYMMETRICAL COMPONENT VOLTAGES BY BUS (for 3-phase buses)

Bus                            Mag:   V1 (kV)    p.u.     V2 (kV)   %V2/V1    V0 (kV)    %V0/V1

commonwealth_ret_01311205     0.0002183  3.032E-005  0.0002183      99.98  0.000203     92.98
263997296                     0.0006373  8.852E-005          0          0         0         0
261282305                     0.0006373  8.852E-005          0          0         0         0
258896338                     0.0002162  3.003E-005   0.000217      100.4 0.0001989     92.01
258896343                     0.0002162  3.003E-005   0.000217      100.4 0.0001989     92.01
263642063                     0.0002162  3.003E-005   0.000217      100.4  0.000199     92.03
258896333                     0.0002162  3.003E-005   0.000217      100.4  0.000199     92.03
258907683                     2.639E-005  3.665E-006          0          0         0         0
258907688                     2.639E-005  3.665E-006          0          0         0         0
258904196                     2.947E-005  4.093E-006          0          0         0         0
699624889                     2.947E-005  4.093E-006          0          0         0         0
699603584                     0.0002116  2.939E-005  0.0002142      101.3 0.0001895     89.55
258903960                     0.0002115  2.938E-005  0.0002142      101.3 0.0001894     89.55
258904436                     2.631E-005  3.655E-006          0          0         0         0
258904441                     2.631E-005  3.655E-006          0          0         0         0
258896598                     0.0002133  2.963E-005  0.0002152      100.9 0.0001932     90.57
258896613                     0.0002132  2.962E-005  0.0002152      100.9 0.0001931     90.54
258908425                     0.0006286  8.731E-005          0          0         0         0
258908430                     0.0006286  8.731E-005          0          0         0         0
263533106                     0.0002115  2.938E-005  0.0002141      101.3 0.0001894     89.58
260761136                     0.0002115  2.938E-005  0.0002141      101.3 0.0001894     89.57
699624649                      0.000614  8.528E-005          0          0         0         0
258904070                      0.000614  8.528E-005          0          0         0         0
258907708                     0.0006191   8.6E-005          0          0         0         0
258907713                     0.0006191  8.599E-005          0          0         0         0
263532854                     0.0002125  2.951E-005  0.0002148      101.1 0.0001914     90.08
258904718                     0.0002125  2.951E-005  0.0002148      101.1 0.0001914     90.08
258907906                     0.0002143  2.976E-005  0.0002159      100.7 0.0001956     91.27
263534322                     0.0002143  2.976E-005  0.0002159      100.7 0.0001956     91.27
258904693                     0.0002123  2.949E-005  0.0002147      101.1 0.0001911        90
263533196                     2.734E-005  3.797E-006          0          0         0         0
258908022                     2.154E-005  2.992E-006          0          0         0         0
258908029                     2.154E-005  2.992E-006          0          0         0         0
260761223                     2.917E-005  4.051E-006          0          0         0         0
260761213                     2.917E-005  4.051E-006          0          0         0         0
258896510                      0.000214  2.973E-005  0.0002157      100.8  0.000195      91.1
258896517                      0.000214  2.972E-005  0.0002156      100.8 0.0001948     91.04
260760205                     2.109E-005  2.929E-006          0          0         0         0
264281556                     2.109E-005  2.929E-006          0          0         0         0
258904772                     2.639E-005  3.665E-006          0          0         0         0
258904783                     2.639E-005  3.665E-006          0          0         0         0
258903806                     0.0002126  2.952E-005  0.0002148      101.1 0.0001916     90.12
264381917                     0.0002126  2.952E-005  0.0002148      101.1 0.0001916     90.12
258907928                     0.0002141  2.974E-005  0.0002157      100.7 0.0001954     91.24
258907935                     0.0002141  2.974E-005  0.0002157      100.7 0.0001953     91.24
258904708                     0.0006178  8.58E-005          0          0         0         0
258904713                     0.0006178  8.58E-005          0          0         0         0
258896427                     0.0002152  2.989E-005  0.0002164      100.6 0.0001971     91.61
263530675                     0.0006287  8.732E-005          0          0         0         0
699646216                     0.0002117  2.941E-005  0.0002143      101.2 0.0001898     89.66
258904513                     0.0002117  2.941E-005  0.0002143      101.2 0.0001898     89.66
258908452                     0.0002162  3.003E-005   0.000217      100.4 0.0001989     92.02
263534394                     0.0002162  3.003E-005   0.000217      100.4 0.0001989     92.02
258903940                     0.0002116  2.939E-005  0.0002143      101.3 0.0001896     89.57
258903945                     0.0002116  2.939E-005  0.0002143      101.3 0.0001896     89.57
263532845                     0.0006196  8.606E-005          0          0         0         0
258907693                     0.0006195  8.604E-005          0          0         0         0
258904493                     0.0002117  2.941E-005  0.0002143      101.2 0.0001898     89.66
258904498                     0.0002117  2.941E-005  0.0002143      101.2 0.0001898     89.66
263530684                     2.065E-005  2.869E-006          0          0         0         0
260762257                     2.065E-005  2.868E-006          0          0         0         0
258908101                     1.997E-005  2.774E-006          0          0         0         0
258908106                     1.997E-005  2.774E-006          0          0         0         0
258896640                      0.000213  2.958E-005   0.000215        101 0.0001925     90.37
258896647                      0.000213  2.958E-005   0.000215        101 0.0001924     90.36
258904313                     2.934E-005  4.075E-006          0          0         0         0
699644085                     2.934E-005  4.075E-006          0          0         0         0
260761208                     2.917E-005  4.052E-006          0          0         0         0
264256740                     2.917E-005  4.052E-006          0          0         0         0
260761343                     2.469E-005  3.429E-006          0          0         0         0
260761338                     2.468E-005  3.429E-006          0          0         0         0
258907918                     0.0002142  2.975E-005  0.0002158      100.7 0.0001955     91.25
258907923                     0.0002142  2.975E-005  0.0002158      100.7 0.0001954     91.25
263532989                     2.642E-005  3.67E-006          0          0         0         0
260761081                     2.642E-005  3.669E-006          0          0         0         0
258896464                     0.0002145  2.979E-005   0.000216      100.7  0.000196     91.36
466941352                     0.0002145  2.979E-005   0.000216      100.7  0.000196     91.36
258908220                     2.108E-005  2.928E-006          0          0         0         0
258908265                     2.108E-005  2.928E-006          0          0         0         0
258904278                     2.935E-005  4.077E-006          0          0         0         0
258904283                     2.935E-005  4.077E-006          0          0         0         0
258908116                     0.0002143  2.976E-005  0.0002159      100.7 0.0001956     91.27
258908121                     0.0002143  2.976E-005  0.0002159      100.7 0.0001956     91.27
258907777                     2.582E-005  3.587E-006          0          0         0         0
258907782                     2.582E-005  3.587E-006          0          0         0         0
258904367                     0.0002115  2.938E-005  0.0002142      101.3 0.0001895     89.59
263533088                     2.633E-005  3.657E-006          0          0         0         0
258904488                     0.0002117  2.941E-005  0.0002143      101.2 0.0001899     89.66
258903814                     0.0002123  2.949E-005  0.0002147      101.1 0.0001911        90
263532863                     0.0002123  2.949E-005  0.0002147      101.1 0.0001911        90
258907819                     2.351E-005  3.266E-006          0          0         0         0
263534294                     2.351E-005  3.266E-006          0          0         0         0
258904268                     2.936E-005  4.078E-006          0          0         0         0
258904273                     2.936E-005  4.077E-006          0          0         0         0
699624907                     2.947E-005  4.093E-006          0          0         0         0
258904466                     0.0002118  2.941E-005  0.0002144      101.2 0.0001899     89.68
258904471                     0.0002118  2.941E-005  0.0002144      101.2 0.0001899     89.67
258904503                     0.0002117  2.941E-005  0.0002143      101.2 0.0001898     89.66
258896486                     0.0002143  2.976E-005  0.0002159      100.7 0.0001956     91.27
258896505                     0.0002143  2.976E-005  0.0002158      100.7 0.0001955     91.24
617632353                     2.917E-005  4.051E-006          0          0         0         0
260761218                     2.917E-005  4.051E-006          0          0         0         0
258896538                     0.0002138  2.97E-005  0.0002155      100.8 0.0001944     90.93
258896539                     0.0002137  2.969E-005  0.0002155      100.8 0.0001943      90.9
258903965                     0.0002115  2.938E-005  0.0002142      101.3 0.0001894     89.54
260761188                     2.623E-005  3.644E-006          0          0         0         0
264256749                     2.623E-005  3.644E-006          0          0         0         0
263533178                     0.0002121  2.946E-005  0.0002145      101.2 0.0001906     89.85
258904634                     0.0002121  2.946E-005  0.0002145      101.2 0.0001906     89.85
637684705                     2.583E-005  3.587E-006          0          0         0         0
258907747                     2.582E-005  3.587E-006          0          0         0         0
263533070                     2.628E-005  3.65E-006          0          0         0         0
699625105                     2.628E-005  3.65E-006          0          0         0         0
258904478                     0.0002118  2.941E-005  0.0002144      101.2 0.0001899     89.67
699624854                     0.0002114  2.937E-005  0.0002141      101.3 0.0001893     89.53
258903975                     0.0002114  2.937E-005  0.0002141      101.3 0.0001893     89.52
258908188                     0.0002145  2.979E-005   0.000216      100.7 0.0001959     91.34
258908193                     0.0002144  2.979E-005   0.000216      100.7 0.0001959     91.34
258907673                     2.638E-005  3.664E-006          0          0         0         0
258907678                     2.638E-005  3.664E-006          0          0         0         0
258903800                     0.0002126  2.953E-005  0.0002148        101 0.0001917     90.17
258904747                     0.0002126  2.953E-005  0.0002148        101 0.0001917     90.17
258908076                     1.997E-005  2.774E-006          0          0         0         0
258908081                     1.997E-005  2.774E-006          0          0         0         0
258896296                     0.0002177  3.024E-005  0.0002179      100.1 0.0002018     92.67
258896301                     0.0002174  3.02E-005  0.0002177      100.1 0.0002012     92.55
258896583                     0.0002135  2.965E-005  0.0002153      100.9 0.0001937     90.71
258896592                     0.0002134  2.965E-005  0.0002153      100.9 0.0001935     90.67
259355404                     0.0002182  3.03E-005  0.0002182        100 0.0002027      92.9
258896288                      0.000218  3.028E-005  0.0002181        100 0.0002023     92.81
699624110                     2.978E-005  4.136E-006          0          0         0         0
699624121                     2.978E-005  4.136E-006          0          0         0         0
258907911                     0.0002142  2.976E-005  0.0002158      100.7 0.0001955     91.26
258904762                     2.64E-005  3.667E-006          0          0         0         0
258904767                     2.64E-005  3.666E-006          0          0         0         0
258904191                     2.947E-005  4.093E-006          0          0         0         0
699625642                     0.0002116  2.939E-005  0.0002142      101.2 0.0001896      89.6
258904343                     0.0002116  2.939E-005  0.0002142      101.2 0.0001895     89.59
260761328                     2.469E-005  3.43E-006          0          0         0         0
260761333                     2.469E-005  3.429E-006          0          0         0         0
258908315                     2.107E-005  2.926E-006          0          0         0         0
258908320                     2.107E-005  2.926E-006          0          0         0         0
699603805                     0.0002123  2.949E-005  0.0002147      101.1 0.0001911        90
699623034                     0.0002123  2.949E-005  0.0002147      101.1 0.0001911        90
258904595                      0.000212  2.945E-005  0.0002145      101.2 0.0001904     89.81
258904600                      0.000212  2.945E-005  0.0002145      101.2 0.0001904     89.81
260761148                     0.0006148  8.54E-005          0          0         0         0
260761153                     0.0006148  8.54E-005          0          0         0         0
699624251                     2.976E-005  4.133E-006          0          0         0         0
699624264                     2.976E-005  4.133E-006          0          0         0         0
258904374                     0.0002115  2.938E-005  0.0002142      101.3 0.0001895     89.58
258904379                     0.0002115  2.938E-005  0.0002142      101.3 0.0001895     89.58
258904147                     0.0002114  2.936E-005  0.0002141      101.3 0.0001892     89.51
263533043                     2.659E-005  3.693E-006          0          0         0         0
258908275                     2.108E-005  2.928E-006          0          0         0         0
258908280                     2.108E-005  2.927E-006          0          0         0         0
258896289                     0.0002178  3.025E-005   0.000218      100.1  0.000202     92.72
258907982                     2.155E-005  2.993E-006          0          0         0         0
258907987                     2.155E-005  2.993E-006          0          0         0         0
699624203                     2.976E-005  4.134E-006          0          0         0         0
258904075                     2.976E-005  4.134E-006          0          0         0         0
699603637                     0.0002117  2.94E-005  0.0002143      101.2 0.0001897     89.62
258904206                     0.0002117  2.94E-005  0.0002143      101.2 0.0001897     89.62
258896573                     0.0002136  2.967E-005  0.0002154      100.8  0.000194      90.8
633960094                     0.0002136  2.967E-005  0.0002154      100.8 0.0001939     90.79
258896306                     0.0002172  3.017E-005  0.0002176      100.2 0.0002008     92.46
258896432                     0.0002151  2.988E-005  0.0002164      100.6  0.000197     91.59
258896437                     0.0002151  2.987E-005  0.0002163      100.6  0.000197     91.58
259562756                     0.0006153  8.547E-005          0          0         0         0
263532935                     0.0006153  8.547E-005          0          0         0         0
258903935                     0.0002116  2.94E-005  0.0002143      101.3 0.0001896     89.57
263532971                     2.641E-005  3.668E-006          0          0         0         0
258904333                     2.934E-005  4.075E-006          0          0         0         0
258904338                     2.934E-005  4.075E-006          0          0         0         0
258904518                     0.0002117  2.941E-005  0.0002143      101.2 0.0001898     89.65
699646121                     0.0002117  2.941E-005  0.0002143      101.2 0.0001898     89.65
699645905                     2.586E-005  3.591E-006          0          0         0         0
258904528                     2.585E-005  3.591E-006          0          0         0         0
699645825                     0.0006168  8.567E-005          0          0         0         0
258904651                     0.0006168  8.567E-005          0          0         0         0
263533115                     0.0006156  8.551E-005          0          0         0         0
258896368                     0.0002159  2.999E-005  0.0002168      100.4 0.0001985     91.92
258896373                     0.0002159  2.999E-005  0.0002168      100.4 0.0001984      91.9
258903990                     0.0002114  2.936E-005   0.000214      101.3 0.0001892     89.51
258903994                     0.0002114  2.936E-005   0.000214      101.3 0.0001892     89.51
258896578                     0.0002135  2.966E-005  0.0002154      100.9 0.0001938     90.75
258904293                     2.934E-005  4.076E-006          0          0         0         0
258904298                     2.934E-005  4.075E-006          0          0         0         0
263530747                      0.000213  2.958E-005   0.000215        101 0.0001925     90.37
258907869                      0.000213  2.958E-005   0.000215        101 0.0001925     90.37
258904045                     2.978E-005  4.136E-006          0          0         0         0
258904050                     2.978E-005  4.136E-006          0          0         0         0
263974097                     0.0006244  8.673E-005          0          0         0         0
259500718                     0.0006244  8.673E-005          0          0         0         0
258904563                     2.579E-005  3.582E-006          0          0         0         0
699646021                     2.579E-005  3.582E-006          0          0         0         0
699625238                     2.934E-005  4.075E-006          0          0         0         0
258904323                     2.934E-005  4.075E-006          0          0         0         0
263534376                     2.108E-005  2.928E-006          0          0         0         0
258908270                     2.108E-005  2.928E-006          0          0         0         0
699625094                     2.626E-005  3.648E-006          0          0         0         0
258904258                     2.626E-005  3.648E-006          0          0         0         0
260761318                     2.734E-005  3.797E-006          0          0         0         0
264256767                     2.734E-005  3.797E-006          0          0         0         0
263681989                     2.639E-005  3.665E-006          0          0         0         0
258904779                     2.639E-005  3.665E-006          0          0         0         0
258896378                     0.0002159  2.998E-005  0.0002168      100.4 0.0001984     91.89
258896385                     0.0002158  2.997E-005  0.0002168      100.4 0.0001982     91.86
263534303                     2.537E-005  3.524E-006          0          0         0         0
258907881                     2.537E-005  3.523E-006          0          0         0         0
258904005                     0.0002113  2.935E-005   0.000214      101.3 0.0001891      89.5
263533034                     0.0006141  8.53E-005          0          0         0         0
263533124                     0.0006156  8.551E-005          0          0         0         0
260761243                     0.0006156  8.551E-005          0          0         0         0
258896618                     0.0002131  2.96E-005  0.0002151      100.9 0.0001928     90.47
627235797                     0.0002131  2.96E-005  0.0002151      100.9 0.0001928     90.47
258903920                     0.0002117  2.94E-005  0.0002143      101.2 0.0001897      89.6
258903925                     0.0002117  2.94E-005  0.0002143      101.2 0.0001896     89.59
258904678                     0.0002123  2.949E-005  0.0002147      101.1 0.0001911        90
258904688                     0.0002123  2.949E-005  0.0002147      101.1 0.0001911        90
260761183                     2.623E-005  3.644E-006          0          0         0         0
258904350                     0.0002115  2.938E-005  0.0002142      101.3 0.0001895     89.59
699625418                     0.0002115  2.938E-005  0.0002142      101.3 0.0001895     89.59
258907965                     0.0002139  2.971E-005  0.0002155      100.7 0.0001951     91.21
258907972                     0.0002139  2.971E-005  0.0002155      100.7 0.0001951     91.21
258904641                     0.0006168  8.568E-005          0          0         0         0
258904646                     0.0006168  8.568E-005          0          0         0         0
258908385                     1.95E-005  2.709E-006          0          0         0         0
258908390                     1.95E-005  2.709E-006          0          0         0         0
258904154                     0.0002114  2.936E-005  0.0002141      101.3 0.0001892     89.51
258904161                     0.0006142  8.532E-005          0          0         0         0
258907950                     0.0002139  2.971E-005  0.0002155      100.7 0.0001951     91.21
263534331                     0.0002139  2.971E-005  0.0002155      100.7 0.0001951     91.21
258907752                     2.582E-005  3.587E-006          0          0         0         0
258907762                     2.582E-005  3.587E-006          0          0         0         0
258908415                     0.0006287  8.732E-005          0          0         0         0
258896454                     0.0002146  2.98E-005   0.000216      100.7 0.0001961     91.38
263681962                     1.952E-005  2.711E-006          0          0         0         0
699603841                     0.0002122  2.947E-005  0.0002146      101.1 0.0001908      89.9
699603852                     0.0002121  2.947E-005  0.0002146      101.1 0.0001907     89.88
263532926                     0.0002117  2.941E-005  0.0002143      101.2 0.0001898     89.63
258908420                     0.0006286  8.732E-005          0          0         0         0
263533016                     2.977E-005  4.135E-006          0          0         0         0
263879212                     0.0006374  8.853E-005          0          0         0         0
260984962                     0.0006373  8.853E-005          0          0         0         0
263532998                     2.954E-005  4.103E-006          0          0         0         0
258907824                     2.582E-005  3.586E-006          0          0         0         0
258907834                     2.581E-005  3.585E-006          0          0         0         0
258903985                     0.0002114  2.936E-005  0.0002141      101.3 0.0001892     89.51
699625512                     0.0002115  2.938E-005  0.0002141      101.3 0.0001895     89.58
258904391                     0.0002115  2.938E-005  0.0002141      101.3 0.0001894     89.58
258896405                     0.0002155  2.993E-005  0.0002166      100.5 0.0001977     91.74
258896410                     0.0002155  2.993E-005  0.0002166      100.5 0.0001976     91.73
258904095                     2.975E-005  4.133E-006          0          0         0         0
258904100                     2.975E-005  4.132E-006          0          0         0         0
258908071                     1.997E-005  2.774E-006          0          0         0         0
258896544                     0.0002137  2.969E-005  0.0002155      100.8 0.0001943      90.9
263530702                     2.109E-005  2.929E-006          0          0         0         0
258896493                     0.0002143  2.976E-005  0.0002159      100.7 0.0001956     91.27
258908167                     0.0002143  2.976E-005  0.0002159      100.7 0.0001956     91.27
263533241                     2.642E-005  3.67E-006          0          0         0         0
258904757                     2.641E-005  3.669E-006          0          0         0         0
263533079                     0.0006149  8.54E-005          0          0         0         0
258903848                     0.0006169  8.568E-005          0          0         0         0
260761278                     0.0006168  8.568E-005          0          0         0         0
260761203                     2.917E-005  4.052E-006          0          0         0         0
258908044                     0.0002139  2.971E-005  0.0002155      100.7 0.0001951      91.2
258908034                     2.154E-005  2.992E-006          0          0         0         0
258908039                     2.154E-005  2.992E-006          0          0         0         0
258904303                     2.934E-005  4.075E-006          0          0         0         0
258896348                     0.0002161  3.002E-005   0.000217      100.4 0.0001988        92
466941334                     0.0002161  3.002E-005   0.000217      100.4 0.0001988     91.99
699624869                     0.0002115  2.937E-005  0.0002141      101.3 0.0001893     89.53
699625678                     0.0002116  2.94E-005  0.0002143      101.2 0.0001896     89.61
258904216                     0.0002116  2.939E-005  0.0002143      101.2 0.0001896     89.61
258908305                     2.107E-005  2.926E-006          0          0         0         0
258908310                     2.107E-005  2.926E-006          0          0         0         0
258908126                     0.0002143  2.976E-005  0.0002159      100.7 0.0001956     91.27
258904226                     0.0002116  2.939E-005  0.0002143      101.2 0.0001896     89.61
258896395                     0.0002156  2.995E-005  0.0002167      100.5  0.000198      91.8
458944739                     0.0002156  2.994E-005  0.0002166      100.5 0.0001978     91.77
258907809                     2.351E-005  3.266E-006          0          0         0         0
258904243                     2.627E-005  3.649E-006          0          0         0         0
258904248                     2.627E-005  3.649E-006          0          0         0         0
258908215                     0.0002144  2.978E-005   0.000216      100.7 0.0001958     91.33
258908225                     1.968E-005  2.733E-006          0          0         0         0
258904683                     2.469E-005  3.43E-006          0          0         0         0
260761116                     0.0006152  8.545E-005          0          0         0         0
260761121                     0.0006152  8.545E-005          0          0         0         0
258904752                     0.0002126  2.953E-005  0.0002148        101 0.0001917     90.17
258904318                     2.934E-005  4.075E-006          0          0         0         0
699645894                     2.586E-005  3.591E-006          0          0         0         0
264256632                     0.0002137  2.968E-005  0.0002154      100.8 0.0001942     90.87
260760193                     0.0002137  2.968E-005  0.0002154      100.8 0.0001942     90.87
258907960                     0.0002139  2.971E-005  0.0002155      100.7 0.0001951     91.21
699645087                     2.936E-005  4.078E-006          0          0         0         0
258903838                     0.0002121  2.946E-005  0.0002145      101.2 0.0001906     89.85
258903853                     0.0002121  2.946E-005  0.0002145      101.2 0.0001905     89.84
258904120                     0.0002115  2.937E-005  0.0002141      101.3 0.0001893     89.53
258904125                     0.0002114  2.937E-005  0.0002141      101.3 0.0001893     89.53
258904568                     2.579E-005  3.582E-006          0          0         0         0
258896529                     0.0002138  2.97E-005  0.0002155      100.8 0.0001944     90.93
258896534                     0.0002138  2.969E-005  0.0002155      100.8 0.0001943     90.91
258904080                     2.976E-005  4.134E-006          0          0         0         0
699624236                     2.976E-005  4.133E-006          0          0         0         0
258907844                     2.351E-005  3.266E-006          0          0         0         0
258907849                     2.351E-005  3.266E-006          0          0         0         0
258908086                     1.997E-005  2.774E-006          0          0         0         0
260761178                     2.623E-005  3.644E-006          0          0         0         0
699623266                     2.638E-005  3.664E-006          0          0         0         0
258907663                     2.638E-005  3.664E-006          0          0         0         0
258896623                     0.0002131  2.96E-005  0.0002151      100.9 0.0001927     90.43
263530729                     0.0002131  2.96E-005  0.0002151      100.9 0.0001927     90.43
258903893                     0.0002119  2.943E-005  0.0002144      101.2 0.0001901     89.74
263532899                     2.586E-005  3.592E-006          0          0         0         0
263533007                     0.0002115  2.937E-005  0.0002141      101.3 0.0001893     89.53
258904253                     2.626E-005  3.648E-006          0          0         0         0
258896353                      0.000216  3.001E-005  0.0002169      100.4 0.0001987     91.96
258896358                      0.000216  3.001E-005  0.0002169      100.4 0.0001987     91.96
258904000                     0.0002113  2.936E-005   0.000214      101.3 0.0001892      89.5
263533025                     2.979E-005  4.137E-006          0          0         0         0
258896390                     0.0002158  2.997E-005  0.0002168      100.4 0.0001982     91.86
258896469                     0.0002145  2.979E-005   0.000216      100.7 0.0001959     91.34
617632319                     2.918E-005  4.052E-006          0          0         0         0
260761198                     2.917E-005  4.052E-006          0          0         0         0
258903878                     0.0002119  2.943E-005  0.0002145      101.2 0.0001902     89.75
263532890                     2.579E-005  3.583E-006          0          0         0         0
258896561                     0.0002137  2.969E-005  0.0002155      100.8 0.0001943     90.89
263682007                     0.0002114  2.936E-005   0.000214      101.3 0.0001892     89.51
260761071                     2.954E-005  4.103E-006          0          0         0         0
260761106                     2.951E-005  4.099E-006          0          0         0         0
264308710                     2.951E-005  4.099E-006          0          0         0         0
263530720                     0.0002137  2.968E-005  0.0002154      100.8 0.0001942     90.88
260760188                     0.0002137  2.968E-005  0.0002154      100.8 0.0001942     90.86
716733211                      0.000212  2.944E-005  0.0002145      101.2 0.0001903     89.78
716733250                     0.0002119  2.944E-005  0.0002145      101.2 0.0001903     89.77
699643891                     2.935E-005  4.077E-006          0          0         0         0
258904426                     2.631E-005  3.655E-006          0          0         0         0
258904431                     2.631E-005  3.655E-006          0          0         0         0
258907799                     0.0002128  2.956E-005  0.0002149        101 0.0001921     90.29
258907804                     0.0002128  2.956E-005  0.0002149        101 0.0001921     90.29
258896498                     0.0002143  2.976E-005  0.0002159      100.7 0.0001956     91.27
264379697                     0.0002143  2.976E-005  0.0002159      100.7 0.0001956     91.27
258904040                     2.978E-005  4.136E-006          0          0         0         0
630011493                     2.579E-005  3.582E-006          0          0         0         0
630011474                     2.579E-005  3.582E-006          0          0         0         0
258904446                     2.631E-005  3.655E-006          0          0         0         0
258904451                     2.631E-005  3.655E-006          0          0         0         0
258908056                     0.0002139  2.971E-005  0.0002155      100.7  0.000195     91.19
263534340                     0.0002139  2.971E-005  0.0002155      100.7  0.000195     91.19
258908230                     0.0002144  2.978E-005   0.000216      100.7 0.0001958     91.33
258896415                     0.0002154  2.992E-005  0.0002165      100.5 0.0001975      91.7
258896422                     0.0002153  2.99E-005  0.0002165      100.5 0.0001973     91.65
258903900                     0.0002118  2.942E-005  0.0002144      101.2 0.0001901     89.72
258903905                     0.0002118  2.942E-005  0.0002144      101.2 0.0001899     89.68
258907896                     0.0006202  8.614E-005          0          0         0         0
258907901                     0.0006202  8.614E-005          0          0         0         0
258908198                     0.0002144  2.979E-005   0.000216      100.7 0.0001959     91.34
263532953                     2.947E-005  4.093E-006          0          0         0         0
699603607                     2.947E-005  4.093E-006          0          0         0         0
258904137                     0.0002114  2.937E-005  0.0002141      101.3 0.0001893     89.52
258904142                     0.0002114  2.936E-005  0.0002141      101.3 0.0001893     89.52
258904221                     0.0002116  2.939E-005  0.0002142      101.2 0.0001896      89.6
263532980                     0.0002116  2.939E-005  0.0002143      101.3 0.0001895     89.57
258903955                     0.0002116  2.939E-005  0.0002142      101.3 0.0001895     89.56
258903785                     0.0002128  2.956E-005  0.0002149        101 0.0001921     90.27
258904411                     2.632E-005  3.656E-006          0          0         0         0
258904416                     2.632E-005  3.656E-006          0          0         0         0
258907854                     2.351E-005  3.266E-006          0          0         0         0
258904396                     2.633E-005  3.657E-006          0          0         0         0
258904211                     0.0002116  2.94E-005  0.0002143      101.2 0.0001897     89.61
258896459                     1.951E-005  2.711E-006          0          0         0         0
258908091                     1.997E-005  2.774E-006          0          0         0         0
258908096                     1.997E-005  2.774E-006          0          0         0         0
258903919                     0.0002117  2.94E-005  0.0002143      101.2 0.0001897     89.61
264003739                     0.0006153  8.547E-005          0          0         0         0
615970333                     0.0002128  2.956E-005  0.0002149        101 0.0001921     90.29
258907787                     0.0002128  2.956E-005  0.0002149        101 0.0001921     90.29
258904010                     2.978E-005  4.137E-006          0          0         0         0
258904015                     2.978E-005  4.137E-006          0          0         0         0
258908462                     0.0002177  3.024E-005  0.0002179      100.1 0.0002018     92.67
258908469                     0.0002177  3.024E-005  0.0002179      100.1 0.0002017     92.67
258904020                     2.978E-005  4.136E-006          0          0         0         0
258907829                     2.351E-005  3.266E-006          0          0         0         0
258904238                     2.627E-005  3.649E-006          0          0         0         0
258904725                     2.436E-005  3.383E-006          0          0         0         0
258904732                     2.436E-005  3.383E-006          0          0         0         0
258907718                     0.0002128  2.956E-005  0.0002149        101 0.0001921     90.29
258907725                     2.583E-005  3.587E-006          0          0         0         0
258904105                     2.975E-005  4.132E-006          0          0         0         0
637684623                     2.581E-005  3.585E-006          0          0         0         0
263530693                     0.0002138  2.97E-005  0.0002155      100.8 0.0001944     90.93
258908435                     0.0006286  8.731E-005          0          0         0         0
260761168                     2.933E-005  4.074E-006          0          0         0         0
264256731                     2.933E-005  4.074E-006          0          0         0         0
260761163                     2.933E-005  4.074E-006          0          0         0         0
704839480                     0.0006173  8.574E-005          0          0         0         0
260761293                     0.0006171  8.571E-005          0          0         0         0
258908061                     0.0002139  2.971E-005  0.0002155      100.7  0.000195     91.19
258908066                     2.161E-005  3.002E-006          0          0         0         0
704839528                     2.978E-005  4.136E-006          0          0         0         0
258904035                     2.978E-005  4.136E-006          0          0         0         0
627235688                     0.0002131  2.96E-005  0.0002151      100.9 0.0001928     90.47
260761288                     0.0006169  8.569E-005          0          0         0         0
264256758                     0.0006169  8.569E-005          0          0         0         0
258908111                     1.997E-005  2.774E-006          0          0         0         0
258903930                     0.0002116  2.94E-005  0.0002143      101.3 0.0001896     89.58
263532944                     0.0006152  8.545E-005          0          0         0         0
258908007                     2.154E-005  2.992E-006          0          0         0         0
258908012                     2.154E-005  2.992E-006          0          0         0         0
258903970                     0.0002115  2.937E-005  0.0002141      101.3 0.0001893     89.53
258904698                     0.0002123  2.949E-005  0.0002147      101.1 0.0001911        90
258907732                     2.583E-005  3.587E-006          0          0         0         0
258907997                     2.155E-005  2.993E-006          0          0         0         0
258908002                     2.155E-005  2.993E-006          0          0         0         0
258896316                      0.000217  3.014E-005  0.0002175      100.2 0.0002004     92.35
258896321                     0.0002167  3.009E-005  0.0002173      100.3 0.0001998     92.22
263533133                     2.612E-005  3.629E-006          0          0         0         0
260761233                     2.612E-005  3.629E-006          0          0         0         0
258904784                     2.638E-005  3.665E-006          0          0         0         0
258904789                     2.638E-005  3.664E-006          0          0         0         0
630011445                     2.579E-005  3.582E-006          0          0         0         0
264491247                     0.0002116  2.939E-005  0.0002143      101.3 0.0001896     89.57
258680605                     0.0002116  2.939E-005  0.0002143      101.3 0.0001896     89.57
258904055                     0.0006141  8.529E-005          0          0         0         0
455183901                     0.0002145  2.979E-005   0.000216      100.7 0.0001959     91.34
258908457                     0.0002162  3.003E-005   0.000217      100.4 0.0001989     92.02
263534403                     0.0002162  3.003E-005   0.000217      100.4 0.0001989     92.02
258896639                      0.000213  2.959E-005   0.000215      100.9 0.0001925     90.39
258908405                     1.95E-005  2.709E-006          0          0         0         0
258908410                     1.95E-005  2.709E-006          0          0         0         0
258908235                     0.0002144  2.978E-005  0.0002159      100.7 0.0001958     91.33
258908240                     0.0002144  2.978E-005  0.0002159      100.7 0.0001958     91.33
260762267                     0.0002138  2.97E-005  0.0002154      100.7  0.000195     91.18
258904328                     2.934E-005  4.075E-006          0          0         0         0
633960130                     0.0002136  2.967E-005  0.0002154      100.8 0.0001939     90.79
633960111                     0.0002136  2.967E-005  0.0002154      100.8 0.0001939     90.79
258908245                     0.0002144  2.978E-005  0.0002159      100.7 0.0001958     91.33
258908250                     0.0002144  2.978E-005  0.0002159      100.7 0.0001958     91.33
263533187                     2.469E-005  3.429E-006          0          0         0         0
258908145                     0.0002143  2.976E-005  0.0002159      100.7 0.0001956     91.27
258908150                     2.138E-005  2.97E-006          0          0         0         0
258904085                     2.976E-005  4.133E-006          0          0         0         0
258904090                     2.976E-005  4.133E-006          0          0         0         0
258908365                     1.951E-005  2.71E-006          0          0         0         0
258908370                     1.951E-005  2.709E-006          0          0         0         0
258904401                     2.632E-005  3.656E-006          0          0         0         0
258904406                     2.632E-005  3.656E-006          0          0         0         0
261302045                     1.62E-005  2.25E-006          0          0         0         0
261245654                     1.62E-005  2.25E-006          0          0         0         0
258896566                     0.0002137  2.968E-005  0.0002155      100.8 0.0001942     90.86
258903883                     0.0002119  2.944E-005  0.0002145      101.2 0.0001902     89.76
258903888                     0.0002119  2.944E-005  0.0002145      101.2 0.0001902     89.76
258903858                      0.000212  2.945E-005  0.0002145      101.2 0.0001904     89.81
699622919                     0.0002118  2.941E-005  0.0002144      101.2 0.0001898     89.66
258903910                     0.0002117  2.941E-005  0.0002144      101.2 0.0001898     89.65
263533232                     0.0002126  2.953E-005  0.0002148        101 0.0001917     90.17
260762245                     0.0002126  2.953E-005  0.0002148        101 0.0001917     90.17
258896400                     0.0002155  2.994E-005  0.0002166      100.5 0.0001978     91.76
258908474                     0.0002177  3.024E-005  0.0002179      100.1 0.0002017     92.67
258908479                     0.0002177  3.024E-005  0.0002179      100.1 0.0002017     92.67
258904548                     2.585E-005  3.591E-006          0          0         0         0
258904553                     2.585E-005  3.591E-006          0          0         0         0
258896444                     0.0002148  2.984E-005  0.0002162      100.6 0.0001966     91.49
258904483                     0.0002117  2.941E-005  0.0002143      101.2 0.0001899     89.67
260761253                     0.0006156  8.551E-005          0          0         0         0
264308692                     0.0006156  8.551E-005          0          0         0         0
258896551                     0.0002137  2.968E-005  0.0002154      100.8 0.0001942     90.88
258896556                     0.0002137  2.968E-005  0.0002154      100.8 0.0001942     90.88
716733231                      0.000212  2.945E-005  0.0002145      101.2 0.0001904     89.81
258904583                      0.000212  2.945E-005  0.0002145      101.2 0.0001904     89.81
699624092                     2.978E-005  4.136E-006          0          0         0         0
258904030                     2.978E-005  4.136E-006          0          0         0         0
699645954                     2.585E-005  3.591E-006          0          0         0         0
264256722                     0.0006152  8.545E-005          0          0         0         0
258907794                     0.0002128  2.956E-005  0.0002149        101 0.0001921     90.29
615970394                     0.0002128  2.956E-005  0.0002149        101 0.0001921     90.29
258908140                     0.0002143  2.976E-005  0.0002159      100.7 0.0001956     91.27
258904508                     0.0002117  2.941E-005  0.0002143      101.2 0.0001898     89.66
699646163                     0.0002117  2.941E-005  0.0002144      101.2 0.0001899     89.67
264495211                     0.0002172  3.017E-005  0.0002176      100.2 0.0002008     92.46
258896311                      0.000217  3.015E-005  0.0002175      100.2 0.0002005     92.38
258896593                     0.0002134  2.964E-005  0.0002153      100.9 0.0001934     90.65
259365163                      0.000619  8.598E-005          0          0         0         0
263681998                     2.638E-005  3.665E-006          0          0         0         0
260761308                     2.733E-005  3.797E-006          0          0         0         0
260761313                     2.733E-005  3.797E-006          0          0         0         0
258904386                     0.0002115  2.938E-005  0.0002142      101.3 0.0001895     89.58
258908345                     1.951E-005  2.71E-006          0          0         0         0
263534385                     1.951E-005  2.71E-006          0          0         0         0
258908375                     1.95E-005  2.709E-006          0          0         0         0
258908380                     1.95E-005  2.709E-006          0          0         0         0
258904656                     0.0006168  8.567E-005          0          0         0         0
263682367                     0.0002126  2.953E-005  0.0002148        101 0.0001917     90.17
258904231                     0.0002116  2.939E-005  0.0002143      101.2 0.0001896     89.61
258904527                     2.586E-005  3.591E-006          0          0         0         0
258908440                     0.0002162  3.003E-005   0.000217      100.4  0.000199     92.02
258908447                     0.0002162  3.003E-005   0.000217      100.4 0.0001989     92.02
258903873                     0.0002119  2.944E-005  0.0002145      101.2 0.0001902     89.76
264495220                      0.000217  3.015E-005  0.0002175      100.2 0.0002005     92.38
699624832                     0.0002114  2.937E-005  0.0002141      101.3 0.0001893     89.52
258903980                     0.0002114  2.936E-005  0.0002141      101.3 0.0001892     89.52
260761126                     0.0006153  8.546E-005          0          0         0         0
263530666                     0.0002177  3.024E-005  0.0002179      100.1 0.0002018     92.67
258903995                     0.0002114  2.936E-005   0.000214      101.3 0.0001892      89.5
258904703                     0.0006178  8.581E-005          0          0         0         0
699623111                     0.0006178  8.58E-005          0          0         0         0
258904605                      0.000212  2.945E-005  0.0002145      101.2 0.0001904     89.81
471790414                      0.000212  2.945E-005  0.0002145      101.2 0.0001904     89.81
258904110                     2.975E-005  4.132E-006          0          0         0         0
258904115                     2.975E-005  4.132E-006          0          0         0         0
261302041                     1.62E-005  2.25E-006          0          0         0         0
261302051                     1.62E-005  2.25E-006          0          0         0         0
258908350                     1.951E-005  2.71E-006          0          0         0         0
258908355                     1.951E-005  2.71E-006          0          0         0         0
258907945                      0.000214  2.972E-005  0.0002156      100.7 0.0001952     91.21
258908155                     0.0002143  2.976E-005  0.0002159      100.7 0.0001956     91.27
258908160                     0.0002143  2.976E-005  0.0002159      100.7 0.0001956     91.27
258904263                     2.936E-005  4.078E-006          0          0         0         0
258903915                     0.0002117  2.941E-005  0.0002143      101.2 0.0001898     89.63
699622944                     0.0002117  2.94E-005  0.0002143      101.2 0.0001897     89.62
260761248                     0.0006156  8.551E-005          0          0         0         0
258904610                      0.000212  2.945E-005  0.0002145      101.2 0.0001904     89.81
263533160                     0.0006165  8.563E-005          0          0         0         0
258907977                     2.155E-005  2.994E-006          0          0         0         0
258907698                     0.0006194  8.603E-005          0          0         0         0
264505719                     0.0006173  8.575E-005          0          0         0         0
258903833                     0.0006173  8.574E-005          0          0         0         0
258908484                     0.0002177  3.024E-005  0.0002179      100.1 0.0002017     92.67
263962000                     1.62E-005  2.25E-006          0          0         0         0
260760210                     2.065E-005  2.868E-006          0          0         0         0
258903821                     0.0002123  2.948E-005  0.0002146      101.1  0.000191     89.96
260762277                     0.0002162  3.003E-005   0.000217      100.4 0.0001989     92.01
699625123                     2.627E-005  3.649E-006          0          0         0         0
263533223                     2.436E-005  3.383E-006          0          0         0         0
263534312                     0.0002133  2.962E-005  0.0002152      100.9 0.0001932     90.57
260762252                     0.0002133  2.962E-005  0.0002152      100.9 0.0001932     90.57
258904666                     0.0002123  2.949E-005  0.0002147      101.1 0.0001911        90
258903790                     0.0002127  2.954E-005  0.0002149        101 0.0001919     90.21
258903795                     0.0002126  2.953E-005  0.0002148        101 0.0001917     90.17
258904673                     0.0002123  2.949E-005  0.0002147      101.1 0.0001911        90
258908325                     2.106E-005  2.926E-006          0          0         0         0
617632386                     0.0002117  2.941E-005  0.0002143      101.2 0.0001898     89.66
258904661                     0.0006168  8.567E-005          0          0         0         0
258907955                     0.0002139  2.971E-005  0.0002155      100.7 0.0001951      91.2
258908133                     0.0002143  2.976E-005  0.0002159      100.7 0.0001956     91.27
258904538                     2.585E-005  3.591E-006          0          0         0         0
258904558                     2.585E-005  3.591E-006          0          0         0         0
699603823                     0.0002122  2.948E-005  0.0002146      101.1 0.0001909     89.94
258908017                     2.154E-005  2.992E-006          0          0         0         0
699623288                     2.638E-005  3.664E-006          0          0         0         0
260761263                     0.0006156  8.551E-005          0          0         0         0
258908395                     1.95E-005  2.709E-006          0          0         0         0
258904737                     2.436E-005  3.383E-006          0          0         0         0
258907940                     1.998E-005  2.775E-006          0          0         0         0
263534349                     1.998E-005  2.775E-006          0          0         0         0
263534367                     2.107E-005  2.927E-006          0          0         0         0
260761158                     2.933E-005  4.074E-006          0          0         0         0
258903863                      0.000212  2.944E-005  0.0002145      101.2 0.0001903     89.79
470868498                      0.000212  2.944E-005  0.0002145      101.2 0.0001903     89.78
258904533                     2.585E-005  3.591E-006          0          0         0         0
258896522                     0.0002139  2.971E-005  0.0002156      100.8 0.0001946     90.97
699624371                     2.975E-005  4.132E-006          0          0         0         0
260761298                      0.000617  8.57E-005          0          0         0         0
258904176                     2.659E-005  3.693E-006          0          0         0         0
258904543                     2.585E-005  3.591E-006          0          0         0         0
699625159                     2.627E-005  3.648E-006          0          0         0         0
699625172                     2.627E-005  3.648E-006          0          0         0         0
261245655                     1.62E-005  2.25E-006          0          0         0         0
261245650                     1.62E-005  2.25E-006          0          0         0         0
258908285                     2.107E-005  2.927E-006          0          0         0         0
258908290                     2.107E-005  2.927E-006          0          0         0         0
258904065                      0.000614  8.528E-005          0          0         0         0
258896328                     0.0002162  3.003E-005   0.000217      100.4  0.000199     92.03
261180495                     1.62E-005  2.25E-006          0          0         0         0
261180496                     1.62E-005  2.25E-006          0          0         0         0
258908203                     0.0002144  2.978E-005   0.000216      100.7 0.0001959     91.33
699625148                     2.627E-005  3.648E-006          0          0         0         0
263991393                     0.0006178  8.581E-005          0          0         0         0
258903843                     0.0002121  2.946E-005  0.0002145      101.2 0.0001906     89.85
263532917                     2.623E-005  3.644E-006          0          0         0         0
258907876                     2.537E-005  3.524E-006          0          0         0         0
263904550                     1.62E-005  2.25E-006          0          0         0         0
260761268                     0.0006156  8.551E-005          0          0         0         0
260761258                     0.0006156  8.551E-005          0          0         0         0
699603882                      0.000212  2.945E-005  0.0002145      101.2 0.0001904      89.8
258904181                     2.659E-005  3.693E-006          0          0         0         0
263857511                      0.000619  8.598E-005          0          0         0         0
258896652                     0.0002129  2.958E-005   0.000215        101 0.0001924     90.35
264495346                     0.0002129  2.958E-005   0.000215        101 0.0001924     90.35
258904742                     2.436E-005  3.383E-006          0          0         0         0
258896449                     0.0002148  2.983E-005  0.0002162      100.7 0.0001964     91.45
258904615                     0.0006165  8.563E-005          0          0         0         0
263533214                     2.469E-005  3.43E-006          0          0         0         0
263533205                     2.734E-005  3.797E-006          0          0         0         0
258904025                     2.978E-005  4.136E-006          0          0         0         0
699645145                      0.000212  2.945E-005  0.0002145      101.2 0.0001904     89.81
258904456                     2.631E-005  3.655E-006          0          0         0         0
258904201                     2.947E-005  4.093E-006          0          0         0         0
258908400                     1.95E-005  2.709E-006          0          0         0         0
716733192                     0.0002119  2.944E-005  0.0002145      101.2 0.0001902     89.76
258907992                     2.155E-005  2.993E-006          0          0         0         0
699645763                      0.000212  2.945E-005  0.0002145      101.2 0.0001904     89.81
258904620                      0.000212  2.945E-005  0.0002145      101.2 0.0001904     89.81
258904421                     2.632E-005  3.656E-006          0          0         0         0
699625379                     2.632E-005  3.655E-006          0          0         0         0
264308701                     2.642E-005  3.669E-006          0          0         0         0
699624172                     2.978E-005  4.137E-006          0          0         0         0
263533052                     2.933E-005  4.074E-006          0          0         0         0
258907891                     0.0006202  8.614E-005          0          0         0         0
258908051                     0.0002139  2.971E-005  0.0002155      100.7  0.000195     91.19
699624161                     2.978E-005  4.137E-006          0          0         0         0
260761193                     2.612E-005  3.629E-006          0          0         0         0
699625479                     0.0002115  2.938E-005  0.0002142      101.3 0.0001895     89.58
258903807                     0.0002125  2.951E-005  0.0002148      101.1 0.0001914     90.08
263532962                     2.952E-005  4.101E-006          0          0         0         0
258907859                     2.351E-005  3.265E-006          0          0         0         0
258907864                     2.351E-005  3.265E-006          0          0         0         0
263533061                     2.936E-005  4.078E-006          0          0         0         0
258903780                     0.0002128  2.956E-005  0.0002149        101 0.0001922     90.29
258908295                     2.107E-005  2.927E-006          0          0         0         0
260761101                     2.951E-005  4.099E-006          0          0         0         0
258908208                     0.0002144  2.978E-005   0.000216      100.7 0.0001958     91.33
258907703                     0.0006192  8.601E-005          0          0         0         0
258908260                     0.0002144  2.978E-005  0.0002159      100.7 0.0001958     91.33
258896633                     0.0002131  2.96E-005  0.0002151      100.9 0.0001927     90.43
258907757                     2.582E-005  3.587E-006          0          0         0         0
263534358                     0.0002145  2.979E-005   0.000216      100.7 0.0001959     91.34
258904308                     2.934E-005  4.075E-006          0          0         0         0
264256884                     0.0002162  3.003E-005   0.000217      100.4 0.0001989     92.01
263533097                     0.0002115  2.938E-005  0.0002142      101.3 0.0001895     89.58
258904355                     0.0002115  2.938E-005  0.0002142      101.3 0.0001895     89.59
263532836                     0.0002128  2.956E-005  0.0002149        101 0.0001922     90.29
260761283                     0.0006169  8.568E-005          0          0         0         0
258896363                      0.000216  3.001E-005  0.0002169      100.4 0.0001987     91.96
263682376                     0.0002133  2.963E-005  0.0002152      100.9 0.0001932     90.57
274925125                     0.0002133  2.963E-005  0.0002152      100.9 0.0001932     90.57
258907772                     2.582E-005  3.587E-006          0          0         0         0
258908489                     1.62E-005  2.25E-006          0          0         0         0
258896628                      0.000213  2.959E-005   0.000215      100.9 0.0001926      90.4
258896603                     0.0002133  2.962E-005  0.0002152      100.9 0.0001932     90.57
258904186                     2.947E-005  4.093E-006          0          0         0         0
258908360                     1.951E-005  2.71E-006          0          0         0         0
275423537                     0.0002143  2.976E-005  0.0002159      100.7 0.0001956     91.27
258907814                     2.351E-005  3.266E-006          0          0         0         0
258896481                     0.0002144  2.978E-005   0.000216      100.7 0.0001958     91.32
627235805                     0.0002132  2.961E-005  0.0002151      100.9 0.0001929      90.5
258904288                     2.935E-005  4.076E-006          0          0         0         0
258908181                     0.0002145  2.979E-005   0.000216      100.7 0.0001959     91.34
258908330                     2.106E-005  2.926E-006          0          0         0         0
399146165                     2.106E-005  2.926E-006          0          0         0         0
258908055                     0.0002139  2.971E-005  0.0002155      100.7  0.000195     91.19
258903826                     0.0002122  2.948E-005  0.0002146      101.1 0.0001908     89.93
264256776                     2.469E-005  3.429E-006          0          0         0         0
260761091                     2.64E-005  3.668E-006          0          0         0         0
260761086                     2.64E-005  3.667E-006          0          0         0         0
263532908                     0.0002118  2.942E-005  0.0002144      101.2 0.0001899     89.68
258904461                     2.632E-005  3.656E-006          0          0         0         0
258904166                     0.0006142  8.532E-005          0          0         0         0
258904132                     0.0002114  2.937E-005  0.0002141      101.3 0.0001893     89.52
258907668                     2.638E-005  3.664E-006          0          0         0         0
258907767                     2.582E-005  3.587E-006          0          0         0         0
258896476                     0.0002145  2.979E-005   0.000216      100.7 0.0001959     91.34
258908300                     2.107E-005  2.927E-006          0          0         0         0
258907839                     2.581E-005  3.585E-006          0          0         0         0
260762272                     0.0002162  3.003E-005   0.000217      100.4 0.0001989     92.01
258904060                      0.000614  8.529E-005          0          0         0         0
699624735                      0.000614  8.529E-005          0          0         0         0
699624814                     0.0002114  2.936E-005  0.0002141      101.3 0.0001892     89.51
263530711                     0.0002137  2.968E-005  0.0002154      100.8 0.0001942     90.88
264331249                     1.62E-005  2.25E-006          0          0         0         0
258907737                     2.583E-005  3.587E-006          0          0         0         0
704839763                     2.469E-005  3.43E-006          0          0         0         0
258904523                     0.0002117  2.941E-005  0.0002143      101.2 0.0001898     89.65
258907886                     2.537E-005  3.523E-006          0          0         0         0
258908340                     1.951E-005  2.711E-006          0          0         0         0
261131003                      0.000619  8.597E-005          0          0         0         0
263530738                     0.0006202  8.615E-005          0          0         0         0
258908335                     2.106E-005  2.926E-006          0          0         0         0
258904362                     0.0002115  2.938E-005  0.0002142      101.3 0.0001895     89.59
263533169                     0.0006169  8.568E-005          0          0         0         0
260761141                     0.0002115  2.938E-005  0.0002142      101.3 0.0001895     89.58
260761076                     2.953E-005  4.102E-006          0          0         0         0
258904627                      0.000212  2.945E-005  0.0002145      101.2 0.0001904     89.81
258907742                     0.0006196  8.606E-005          0          0         0         0
258904171                     0.0006142  8.532E-005          0          0         0         0
commonwealth_ret_01311205_reg 0.0002387  3.316E-005  0.0002387      99.98 0.0002232      93.5
