0.45015
0.45172
0.45355
0.45564
0.45795
0.46047
0.46315
0.46596
0.46885
0.4718
0.47474
0.47752
0.48024
0.48287
0.4854
0.4878
0.49006
0.49218
0.49415
0.49599
0.49768
0.49902
0.50026
0.50144
0.5026
0.50376
0.50495
0.5062
0.50753
0.50893
0.51042
0.51223
0.51407
0.5159
0.51767
0.51932
0.52081
0.52208
0.5231
0.52382
0.52423
0.52375
0.52299
0.52201
0.52089
0.51969
0.5185
0.51739
0.51643
0.51568
0.51521
0.51541
0.51591
0.5167
0.51774
0.51899
0.5204
0.52192
0.52349
0.52504
0.52653
0.52751
0.52836
0.52909
0.52969
0.53019
0.5306
0.53095
0.53127
0.53158
0.53193
0.5323
0.53276
0.53334
0.53406
0.53495
0.53601
0.53724
0.53866
0.54023
0.54194
0.5438
0.54573
0.54769
0.54964
0.55152
0.55328
0.55488
0.55628
0.55742
0.55829
0.55856
0.55855
0.55827
0.55776
0.55705
0.55619
0.55523
0.55421
0.55319
0.55221
0.55135
0.55062
0.55006
0.5497
0.54957
0.54967
0.55002
0.55061
0.55145
0.55251
0.55364
0.55496
0.55646
0.55812
0.5599
0.56177
0.56371
0.56567
0.56763
0.56953
0.57132
0.57299
0.57453
0.57591
0.57711
0.57812
0.57893
0.57953
0.57994
0.58015
0.57991
0.57953
0.57906
0.57856
0.57806
0.57762
0.57726
0.57704
0.57696
0.57704
0.57749
0.57808
0.5788
0.57958
0.5804
0.5812
0.58192
0.58254
0.58299
0.58323
0.5828
0.58215
0.58131
0.58032
0.57921
0.57803
0.57682
0.57563
0.57449
0.57344
0.57271
0.5721
0.57163
0.57128
0.57105
0.57092
0.57087
0.57088
0.57092
0.57098
0.57076
0.57054
0.57034
0.57017
0.57004
0.56998
0.57
0.57013
0.57036
0.57073
0.57113
0.57168
0.57241
0.57333
0.57443
0.57571
0.57717
0.57878
0.58054
0.5824
0.58445
0.58653
0.58859
0.59058
0.59245
0.59415
0.59566
0.59693
0.59794
0.59869
0.59866
0.59842
0.59804
0.59758
0.59713
0.59675
0.59651
0.59648
0.59671
0.59723
0.59842
0.59989
0.60163
0.60356
0.60563
0.60777
0.60989
0.61191
0.61375
0.61533
0.61617
0.61667
0.61681
0.6166
0.61604
0.61517
0.614
0.61258
0.61095
0.60915
0.60719
0.60516
0.60311
0.60109
0.59914
0.59731
0.59561
0.59409
0.59274
0.59159
0.59069
0.58998
0.58942
0.58899
0.58867
0.58842
0.58822
0.58802
0.58781
0.58755
0.58683
0.58608
0.58534
0.58464
0.58403
0.58355
0.58323
0.5831
0.5832
0.58352
0.58428
0.58526
0.58643
0.58774
0.58916
0.59063
0.59209
0.59349
0.59476
0.59586
0.59646
0.59682
0.59694
0.59681
0.59644
0.59584
0.59505
0.59407
0.59295
0.59172
0.59027
0.58881
0.58738
0.58602
0.5848
0.58375
0.5829
0.58228
0.58192
0.58181
0.58207
0.58257
0.58328
0.58419
0.58525
0.58642
0.58765
0.58891
0.59015
0.59134
0.592
0.59259
0.59314
0.59367
0.59422
0.5948
0.59545
0.59619
0.59702
0.59797
0.59935
0.60081
0.60231
0.60379
0.60521
0.60652
0.60766
0.6086
0.60929
0.60971
0.60928
0.60861
0.60774
0.60675
0.60569
0.60464
0.60366
0.60282
0.60217
0.60175
0.60184
0.6022
0.60281
0.60366
0.6047
0.6059
0.60718
0.60851
0.60981
0.61102
0.61189
0.61257
0.61304
0.61328
0.61328
0.61302
0.61253
0.61181
0.61089
0.60981
0.60833
0.60681
0.60533
0.60398
0.60284
0.60199
0.60149
0.60141
0.60179
