0.47192
0.47172
0.47203
0.47281
0.47401
0.47555
0.47737
0.47936
0.48144
0.48353
0.48555
0.48699
0.48825
0.48932
0.49018
0.49085
0.49133
0.49165
0.49183
0.49191
0.49191
0.49202
0.49212
0.49223
0.49239
0.4926
0.49289
0.49329
0.49379
0.49443
0.4952
0.49582
0.49663
0.49764
0.49888
0.50037
0.50212
0.50412
0.50638
0.50887
0.51157
0.5146
0.51775
0.52096
0.52417
0.52731
0.53031
0.53312
0.53567
0.53792
0.53984
0.54099
0.54181
0.54232
0.54257
0.54261
0.54249
0.54229
0.54206
0.54186
0.54176
0.54195
0.5423
0.54285
0.54359
0.54452
0.54565
0.54695
0.5484
0.54997
0.55163
0.5531
0.5546
0.55612
0.55764
0.55914
0.56058
0.56197
0.56326
0.56444
0.5655
0.56634
0.56702
0.56753
0.56784
0.56796
0.56788
0.56759
0.5671
0.5664
0.5655
0.56436
0.56305
0.56158
0.55996
0.55823
0.5564
0.55451
0.55258
0.55066
0.54877
0.54672
0.5448
0.54307
0.54157
0.54034
0.53944
0.5389
0.53873
0.53894
0.53954
0.54051
0.54182
0.54345
0.54534
0.54743
0.54967
0.55197
0.55428
0.5565
0.55856
0.56037
0.56188
0.56304
0.56381
0.56414
0.56402
0.56344
0.56239
0.5609
0.55901
0.5564
0.55352
0.55049
0.54742
0.54442
0.5416
0.53907
0.53693
0.53526
0.53414
0.53382
0.53411
0.535
0.53645
0.53842
0.54084
0.54364
0.54673
0.55
0.55335
0.55634
0.55924
0.56198
0.56449
0.56673
0.56864
0.57018
0.57132
0.57203
0.57229
0.57226
0.57176
0.57081
0.56941
0.56758
0.56536
0.56279
0.55993
0.55685
0.55362
0.54976
0.54598
0.54241
0.5392
0.53646
0.53432
0.53287
0.53217
0.53227
0.53318
0.53547
0.53847
0.54204
0.54603
0.5503
0.55466
0.55895
0.56299
0.56663
0.56973
0.57149
0.57257
0.57298
0.57275
0.57193
0.57061
0.56887
0.56684
0.56463
0.56238
0.56021
0.55824
0.55658
0.55533
0.55457
0.55435
0.55473
0.55571
0.55729
0.55942
0.56238
0.56572
0.56932
0.57302
0.57668
0.58014
0.58325
0.58587
0.58788
0.58918
0.58894
0.58794
0.58622
0.58388
0.581
0.57769
0.57409
0.57032
0.56652
0.56281
0.55964
0.55676
0.55423
0.55209
0.55038
0.54909
0.54823
0.54777
0.54767
0.54787
0.54828
0.54887
0.5496
0.55037
0.55115
0.55185
0.55244
0.55286
0.55309
0.55311
0.55232
0.55137
0.55036
0.54936
0.54846
0.54775
0.54731
0.54721
0.54752
0.54828
0.55011
0.55236
0.55496
0.5578
0.56081
0.56386
0.56686
0.56969
0.57227
0.5745
0.57551
0.57614
0.57642
0.57641
0.57617
0.5758
0.57535
0.57492
0.57459
0.57441
0.57486
0.57554
0.57644
0.57753
0.5788
0.58019
0.58167
0.58316
0.58463
0.58601
0.58686
0.58755
0.58807
0.58841
0.58858
0.58858
0.58842
0.58811
0.58767
0.58712
0.58644
0.58569
0.58492
0.58414
0.58338
0.58267
0.58203
0.58147
0.58101
0.58065
0.5804
0.58025
0.58021
0.58027
0.5804
0.58061
0.58088
0.58119
0.58153
0.58188
0.58195
0.58205
0.58218
0.58236
0.58262
0.58297
0.58342
0.58398
0.58466
0.58545
0.5864
0.58743
0.58853
0.58965
0.59077
0.59186
0.59286
0.59375
0.59448
0.59503
0.5952
0.59514
0.59486
0.59436
0.59367
0.59278
0.59173
0.59054
0.58925
0.58789
0.58636
0.58486
0.58344
0.58216
0.58108
0.58022
0.57965
0.57939
0.57946
