0.44835
0.44831
0.44814
0.44783
0.44741
0.4469
0.44632
0.4457
0.44505
0.44442
0.44382
0.44335
0.44295
0.44263
0.44241
0.44227
0.44223
0.44228
0.44242
0.44264
0.44294
0.44313
0.44339
0.44374
0.44417
0.4447
0.44533
0.44608
0.44693
0.4479
0.44898
0.45011
0.45137
0.45274
0.45424
0.45586
0.4576
0.45945
0.4614
0.46344
0.46557
0.4677
0.46988
0.47213
0.47442
0.47674
0.47909
0.48146
0.48382
0.48618
0.48852
0.49067
0.4928
0.49491
0.497
0.49909
0.50116
0.50322
0.50526
0.50728
0.50928
0.51127
0.5132
0.51505
0.5168
0.51842
0.5199
0.5212
0.52233
0.52326
0.52398
0.52423
0.5243
0.52421
0.524
0.5237
0.52334
0.52297
0.52261
0.52229
0.52203
0.52195
0.52196
0.52206
0.52223
0.52248
0.52278
0.52311
0.52346
0.52379
0.52409
0.5241
0.52405
0.52394
0.52379
0.5236
0.52336
0.52309
0.52279
0.52247
0.52213
0.52183
0.5215
0.52115
0.52076
0.52033
0.51985
0.51931
0.51871
0.51805
0.51732
0.51622
0.51508
0.51394
0.51284
0.51179
0.51084
0.50999
0.50927
0.50869
0.50825
0.50819
0.50823
0.50832
0.50841
0.50846
0.50841
0.50822
0.50786
0.5073
0.50651
0.50492
0.50316
0.5013
0.4994
0.49754
0.49581
0.49428
0.49302
0.4921
0.49156
0.49183
0.4925
0.49354
0.49489
0.49651
0.49832
0.50025
0.50223
0.50418
0.50603
0.50719
0.50818
0.50901
0.50968
0.51021
0.51063
0.51096
0.51121
0.51143
0.51161
0.51204
0.51245
0.51284
0.51318
0.51345
0.51363
0.51371
0.51366
0.51346
0.5131
0.51224
0.51125
0.51016
0.50901
0.50785
0.50671
0.50565
0.50471
0.50393
0.50334
0.503
0.5029
0.50305
0.50347
0.50415
0.50508
0.50625
0.50763
0.5092
0.51092
0.51273
0.51462
0.51658
0.51856
0.52054
0.52248
0.52437
0.52618
0.52789
0.5295
0.53063
0.53168
0.5327
0.53371
0.53477
0.5359
0.53712
0.53847
0.53995
0.54157
0.54364
0.54578
0.54792
0.54999
0.55192
0.55362
0.55504
0.55609
0.55672
0.55689
0.55604
0.55474
0.55304
0.55101
0.54872
0.54626
0.54373
0.54121
0.53879
0.53656
0.53474
0.53324
0.5321
0.53136
0.53103
0.53111
0.5316
0.53245
0.53364
0.53512
0.53681
0.53866
0.54063
0.54265
0.54465
0.54657
0.54836
0.54996
0.55132
0.55243
0.55286
0.55304
0.55301
0.55281
0.5525
0.55212
0.55175
0.55142
0.5512
0.55112
0.55146
0.55198
0.55266
0.55348
0.5544
0.5554
0.55642
0.55743
0.55839
0.55924
0.55963
0.55988
0.55999
0.55996
0.55982
0.55958
0.55926
0.55888
0.55848
0.55807
0.55759
0.55717
0.55683
0.55662
0.55654
0.55662
0.55687
0.55728
0.55785
0.55855
0.55948
0.56048
0.56152
0.56253
0.56348
0.56431
0.56497
0.56541
0.56561
0.56553
0.56474
0.56369
0.5624
0.56094
0.55936
0.55771
0.55605
0.55443
0.55292
0.55154
0.55056
0.54976
0.54916
0.54876
0.54853
0.54846
0.54852
0.54869
0.54893
0.54922
0.54921
0.54923
0.54927
0.54934
0.54946
0.54964
0.54989
0.55022
0.55065
0.55119
0.55183
0.5526
0.55351
0.55455
0.55574
0.55707
0.55853
0.56011
0.56179
0.56356
0.56533
0.56715
0.56901
0.57089
0.57276
0.57462
0.57644
0.57821
0.57989
0.58149
0.58276
0.58393
0.58501
0.58601
0.58694
0.5878
0.58861
0.58937
0.59008
