0.45371
0.45498
0.45623
0.45748
0.45873
0.46001
0.46133
0.46268
0.46406
0.46548
0.46693
0.46858
0.47019
0.47171
0.47307
0.47421
0.47508
0.47563
0.47579
0.47553
0.47481
0.47323
0.47119
0.46872
0.46588
0.4627
0.45926
0.45562
0.45186
0.44803
0.44421
0.44061
0.43713
0.43381
0.43069
0.4278
0.42516
0.42278
0.42066
0.41883
0.41726
0.41565
0.41433
0.4133
0.41257
0.41215
0.41202
0.41217
0.41258
0.41323
0.41407
0.41533
0.41667
0.41801
0.41929
0.42041
0.42133
0.42197
0.42228
0.42224
0.42182
0.42044
0.41875
0.41681
0.41472
0.41257
0.41045
0.40847
0.4067
0.40523
0.40411
0.40383
0.40394
0.40441
0.40518
0.4062
0.40738
0.40865
0.40993
0.41112
0.41214
0.41248
0.41254
0.41233
0.41183
0.41104
0.41
0.40871
0.40722
0.40556
0.40377
0.402
0.40019
0.39838
0.39662
0.39494
0.39336
0.39194
0.39069
0.38963
0.38878
0.38801
0.38747
0.38719
0.38716
0.3874
0.38787
0.38858
0.38948
0.39056
0.39176
0.39307
0.39442
0.39576
0.39702
0.39817
0.39914
0.39989
0.40038
0.40057
0.40044
0.39985
0.39891
0.39766
0.3961
0.39429
0.39225
0.39003
0.3877
0.3853
0.3829
0.38039
0.37801
0.37583
0.37392
0.37234
0.37113
0.37033
0.36996
0.37002
0.3705
0.37156
0.37297
0.37466
0.37653
0.37852
0.38052
0.38245
0.38422
0.38574
0.38695
0.38747
0.38759
0.38732
0.38667
0.38566
0.38434
0.38273
0.38092
0.37894
0.37688
0.37476
0.37268
0.37073
0.36895
0.36742
0.36617
0.36524
0.36465
0.36441
0.36451
0.36514
0.36603
0.36714
0.3684
0.36973
0.37106
0.3723
0.3734
0.3743
0.37493
0.37476
0.37431
0.37362
0.37273
0.37168
0.37055
0.36939
0.36826
0.36723
0.36633
0.36595
0.36577
0.36577
0.36594
0.36627
0.36672
0.36726
0.36784
0.36844
0.36901
0.36923
0.36938
0.36946
0.36948
0.36945
0.36938
0.36928
0.36917
0.36908
0.36901
0.36896
0.36898
0.3691
0.36931
0.36965
0.37011
0.3707
0.37141
0.37225
0.37319
0.3742
0.37527
0.37638
0.37751
0.37862
0.37968
0.38066
0.38152
0.38224
0.38277
0.38307
0.38315
0.38299
0.38259
0.38195
0.38108
0.37998
0.37869
0.37724
0.37565
0.3737
0.37173
0.36982
0.36805
0.36648
0.36519
0.36422
0.36362
0.36342
0.36365
0.36452
0.36578
0.36737
0.36924
0.37131
0.3735
0.37572
0.37789
0.37992
0.38172
0.38297
0.3839
0.38446
0.38465
0.38447
0.38392
0.38303
0.38184
0.38039
0.37873
0.37679
0.37478
0.37279
0.37088
0.36915
0.36766
0.36647
0.36565
0.36522
0.36523
0.36588
0.36696
0.36843
0.37025
0.37235
0.37467
0.37716
0.37973
0.38233
0.38489
0.38691
0.38883
0.39064
0.39235
0.39398
0.39553
0.39703
0.3985
0.39996
0.40143
0.40312
0.40482
0.40652
0.40819
0.40981
0.41136
0.41282
0.41416
0.41535
0.41638
0.41704
0.41753
0.41786
0.41805
0.41811
0.41807
0.41796
0.41782
0.41767
0.41756
0.41738
0.41731
0.41739
0.41767
0.41817
0.41892
0.41994
0.42124
0.42282
0.42466
0.42676
0.42907
0.43156
0.43418
0.43687
0.43957
0.44223
0.44477
0.44713
0.44926
0.45103
0.45247
0.45354
0.4542
0.45444
0.45425
0.45365
0.45266
0.4513
0.44963
0.44743
0.44506
0.44262
0.44021
0.43793
0.43589
0.43419
0.4329
0.43211
0.43187
0.43235
0.43344
0.43514
0.43743
0.44027
0.44361
0.44738
0.45149
0.45587
0.46043
0.46495
0.46946
0.47388
0.47813
0.48215
0.48587
0.48923
0.49221
0.49478
0.49692
0.49831
0.49933
0.50002
0.50044
0.50067
0.50078
0.50084
0.50092
0.50107
0.50135
0.50212
0.50306
0.50415
0.50537
0.5067
0.50809
0.5095
0.51088
0.51219
0.5134
0.51396
0.51439
0.51472
0.51496
0.51515
0.51532
0.51551
0.51574
0.51604
0.51644
0.51715
0.51796
0.51885
0.51981
0.52079
0.52178
0.52273
0.52361
0.52439
0.52502
0.52526
0.52531
0.52519
0.5249
0.52443
0.52381
0.52306
0.52219
0.52123
0.52022
0.51911
0.518
0.51694
0.51596
0.51509
0.51436
0.51381
0.51344
0.51327
0.51332
0.51346
0.51381
0.51438
0.51515
0.51611
0.51724
0.51849
0.51984
0.52124
0.52264
0.52407
0.5254
0.52658
0.52754
0.52825
0.52865
0.52873
0.52845
0.5278
0.5268
0.52502
0.52295
0.52068
0.51827
0.51583
0.51343
0.51116
0.50909
0.50731
0.50587
0.50508
0.50468
0.50465
0.50498
0.50561
0.50652
0.50763
0.50888
0.51021
0.51156
0.51252
0.5134
0.51418
0.51484
0.51537
0.51577
0.51603
0.51617
0.51619
0.5161
0.51587
0.51558
0.51527
0.51495
0.51467
0.51444
0.51428
0.5142
0.51423
0.51435
0.51461
0.51495
0.51536
0.51582
0.5163
0.51679
0.51724
0.51763
0.51793
0.51812
0.51797
0.51769
0.51729
0.51679
0.5162
0.51555
0.51485
0.51414
0.51344
0.51278
0.51207
0.51147
0.51099
0.51067
0.51053
0.51058
0.51084
0.51129
0.51195
0.51278
0.5138
0.51495
0.51617
0.51744
0.51869
0.51989
0.52099
0.52193
0.52269
0.52323
0.52334
0.52321
0.52283
0.52223
0.52142
0.52043
0.51931
0.5181
0.51685
0.51561
0.51419
0.5129
0.51182
0.51102
0.51055
0.51047
0.51079
0.51154
0.51272
0.51431
0.5166
0.51918
0.52196
0.52483
0.52768
0.5304
0.53287
0.535
0.53669
0.53787
0.53784
0.53726
0.53618
0.53466
0.53276
0.53057
0.52819
0.52571
0.52321
0.52079
0.51886
0.51712
0.5156
0.5143
0.51323
0.51238
0.51173
0.51126
0.51092
0.51069
0.51028
0.50991
0.50959
0.5093
0.50903
0.50878
0.50855
0.50833
0.50814
0.50799
0.50771
0.50751
0.50742
0.50747
0.5077
0.50813
0.50878
0.50967
0.5108
0.51217
0.5138
0.51565
0.51766
0.51981
0.52204
0.52429
0.52651
0.52864
0.5306
0.53234
0.5337
0.53474
0.53539
0.53564
0.53545
0.53481
0.53371
0.53217
0.53021
0.52785
0.52482
0.52152
0.51804
0.51447
0.51091
0.50745
0.50418
0.50119
0.49854
0.49629
0.49478
0.49373
0.49311
0.49291
0.49309
0.4936
0.49438
0.4954
0.49658
0.49787
0.49863
0.49947
0.50037
0.50136
0.50246
0.50366
0.505
0.50646
0.50805
0.50976
0.51201
0.5143
0.51654
0.51866
0.52059
0.52223
0.52352
0.5244
0.52482
0.52474
0.52352
0.52184
0.51977
0.51739
0.51479
0.51209
0.50937
0.50674
0.5043
0.50214
0.50068
0.49959
0.49888
0.49855
0.49857
0.49891
0.49954
0.50041
0.50145
0.50263
0.50332
0.50408
0.5049
0.50577
0.50668
0.50764
0.50862
0.50962
0.51063
0.51161
0.51303
0.51434
0.51545
0.51629
0.5168
0.51691
0.51658
0.51579
0.51452
0.51278
0.50965
0.50622
0.50265
0.49911
0.49576
0.49276
0.49027
0.4884
0.48727
0.48695
0.48846
0.49072
0.49362
0.497
0.50071
0.50455
0.50834
0.5119
0.51507
0.51768
0.51853
0.51871
0.51826
0.51724
0.51575
0.51389
0.51177
0.50954
0.50731
0.50522
0.50394
0.50297
0.50233
0.50207
0.50217
0.50263
0.50343
0.50452
0.50587
0.5074
0.50872
0.51013
0.5116
0.51311
0.5146
0.51604
0.5174
0.51864
0.51975
0.52067
0.52141
0.52194
0.52224
0.52231
0.52215
0.52176
0.52114
0.52033
0.51932
0.51815
0.51654
0.51484
0.51313
0.51146
0.50989
0.50845
0.50719
0.50613
0.5053
0.50469
0.5047
0.50486
0.5051
0.50536
0.50555
0.50561
0.50545
0.50502
0.50428
0.5032
0.50099
0.4985
0.49584
0.49311
0.49043
0.48791
0.48568
0.48384
0.48249
0.4817
0.48206
0.48304
0.48458
0.48665
0.48916
0.49201
0.49511
0.49833
0.50156
0.50468
0.50713
0.50929
0.51111
0.51254
0.51356
0.51414
0.51428
0.51399
0.51329
0.5122
0.5108
0.5091
0.50714
0.50498
0.50269
0.50032
0.49793
0.4956
0.49339
0.49134
0.48936
0.48768
0.48633
0.48537
0.48483
0.48474
0.4851
0.48591
0.48716
0.48882
0.49082
0.49314
0.49571
0.49847
0.50134
0.50424
0.5071
0.50983
0.51235
0.5146
0.51645
0.51792
0.51894
0.51951
0.5196
0.51921
0.51835
0.51706
0.51537
0.51333
0.51061
0.50772
0.50478
0.50189
0.49917
0.49673
0.49465
0.49302
0.49189
0.49129
0.49166
0.49253
0.49383
0.49546
0.49732
0.4993
0.50127
0.50313
0.50474
0.50601
0.50637
0.50627
0.50569
0.50464
0.50316
0.50128
0.49906
0.49658
0.49391
0.49114
0.4882
0.48535
0.48271
0.48038
0.47842
0.47692
0.47593
0.47548
0.47558
0.47622
0.47786
0.4799
0.48223
0.48471
0.48721
0.4896
0.49173
0.4935
0.4948
0.49555
0.49486
0.49362
0.49191
0.48985
0.48755
0.48514
0.48277
0.48058
0.4787
0.47724
0.47664
0.47663
0.47724
0.47846
0.48029
0.48266
0.48552
0.48876
0.49227
0.49593
0.49982
0.50355
0.50696
0.5099
0.51222
0.51379
0.51451
0.51431
0.51315
0.51103
0.50686
0.50194
0.49645
0.49063
0.4847
0.4789
0.47347
0.46862
0.46453
0.46135
0.46051
0.46064
0.46167
0.46345
0.46584
0.46866
0.47172
0.47484
0.47784
0.48055
0.48134
0.48172
0.48176
0.48151
0.48108
0.48056
0.48007
0.47972
0.4796
0.4798
0.48152
0.48356
0.48587
0.48833
0.49085
0.49332
0.49562
0.49763
0.49926
0.50043
0.49998
0.49907
0.49775
0.49614
0.49433
0.49244
0.49059
0.48888
0.48741
0.48629
0.48634
0.48679
0.48757
0.48865
0.48995
0.4914
0.4929
0.49437
0.49574
0.49692
0.49701
0.49688
0.49658
0.49615
0.49565
0.49515
0.4947
0.49436
0.49418
0.49419
0.4949
0.49579
0.49682
0.49794
0.49906
0.50013
0.50105
0.50175
0.50215
0.50219
0.50148
0.50033
0.49873
0.49671
0.49427
0.49148
0.48838
0.48503
0.48151
0.47792
0.47407
0.47035
0.46688
0.46376
0.46112
0.45903
0.45758
0.45683
0.45682
0.45755
0.45939
0.4619
0.465
0.46859
0.47255
0.47676
0.48107
0.48537
0.48953
0.49343
0.49641
0.499
0.50119
0.50297
0.50436
0.5054
0.50613
0.50659
0.50686
0.507
0.50716
0.5073
0.50748
0.50773
0.50809
0.50859
0.50925
0.51008
0.51108
0.51222
0.51354
0.51497
0.51646
0.51798
0.51949
0.52093
0.52227
0.52348
0.52452
0.52537
0.52559
0.52565
0.52561
0.52551
0.52541
0.52539
0.52549
0.52579
0.52633
0.52716
0.52861
0.53039
0.53246
0.53482
0.53741
0.54021
0.54317
0.54623
0.54935
0.55248
0.555
0.55749
0.55996
0.56242
0.56489
0.56736
0.56985
0.57236
0.57488
0.57739
0.58042
0.58333
0.58604
0.58845
0.59049
0.59206
0.59311
0.59357
0.59342
0.59264
0.59021
0.5873
0.58404
0.58059
0.57713
0.57381
0.57079
0.56821
0.56618
0.5648
0.5652
0.56623
0.5678
0.56977
0.57201
0.57435
0.57665
0.57876
0.58053
0.58185
0.58132
0.58031
0.5789
0.57718
0.5753
0.57337
0.57153
0.56992
0.56866
0.56785
0.56843
0.56952
0.57108
0.57303
0.57528
0.57772
0.58023
0.5827
0.58498
0.58697
0.58793
0.58844
0.58848
0.58804
0.58713
0.58578
0.58401
0.58188
0.57946
0.5768
0.57392
0.57097
0.56803
0.56518
0.56249
0.56004
0.55789
0.55608
0.55465
0.55361
0.55319
0.55314
0.55343
0.55399
0.55477
0.55569
0.5567
0.55773
0.55872
0.55962
0.55974
0.55974
0.55967
0.55957
0.55947
0.55943
0.5595
0.55971
0.56011
0.5607
0.56202
0.56351
0.56511
0.56675
0.56837
0.56988
0.5712
0.57228
0.57305
0.57345
0.57273
0.57165
0.57028
0.56866
0.56688
0.56502
0.56316
0.56136
0.5597
0.55823
0.55749
0.55697
0.55665
0.55648
0.55643
0.55643
0.55644
0.55639
0.55623
0.55591
0.5548
0.55353
0.55213
0.55066
0.54916
0.5477
0.54634
0.54512
0.5441
0.54332
0.54307
0.54309
0.54338
0.54392
0.54467
0.54561
0.54667
0.54782
0.54899
0.55014
0.55098
0.5517
0.55228
0.5527
0.55294
0.55298
0.55281
0.55245
0.55188
0.55112
0.54999
0.54873
0.54736
0.54594
0.5445
0.54309
0.54172
0.54045
0.53928
0.53823
0.53746
0.5368
0.53624
0.53575
0.53531
0.53486
0.53439
0.53386
0.53324
0.53251
0.53131
0.53
0.5286
0.52715
0.52567
0.52421
0.52281
0.52151
0.52035
0.51936
0.5185
0.51788
0.51751
0.51741
0.51757
0.518
0.51867
0.51955
0.5206
0.52178
0.52326
0.52473
0.5261
0.52728
0.52819
0.52876
0.52893
0.52863
0.52786
0.52658
0.52398
0.52099
0.51773
0.51432
0.51089
0.50758
0.50451
0.50179
0.49951
0.49774
0.49751
0.49776
0.49837
0.49923
0.5002
0.50114
0.50192
0.5024
0.50248
0.50207
0.49972
0.49691
0.49375
0.49037
0.48693
0.48358
0.48047
0.47775
0.47553
0.47391
0.47406
0.47482
0.47608
0.47771
0.47957
0.4815
0.48332
0.48488
0.486
0.48656
0.48554
0.48382
0.4814
0.47832
0.47465
0.47047
0.46589
0.46102
0.456
0.45097
0.44612
0.44152
0.43727
0.4335
0.43029
0.4277
0.42579
0.42458
0.42406
0.42422
0.42535
0.42701
0.42907
0.43138
0.43381
0.43622
0.43845
0.44039
0.44192
0.44293
0.44254
0.4416
0.44018
0.43834
0.43619
0.43384
0.43139
0.42897
0.42668
0.42463
0.42362
0.42295
0.4226
0.42256
0.42278
0.42322
0.42381
0.42451
0.42524
0.42596
0.42573
0.42546
0.4252
0.42498
0.42485
0.42485
0.42499
0.42532
0.42583
0.42652
0.42816
0.42984
0.43145
0.43287
0.43396
0.4346
0.43469
0.43411
0.43282
0.43075
0.42692
0.42241
0.41735
0.4119
0.40622
0.40049
0.39491
0.38965
0.38489
0.38077
0.37803
0.3761
0.37501
0.37474
0.37525
0.37647
0.37831
0.38066
0.3834
