0.48722
0.48617
0.48501
0.48377
0.48246
0.4811
0.47972
0.47836
0.47703
0.47576
0.47458
0.47355
0.47264
0.47185
0.47119
0.47066
0.47024
0.46992
0.46968
0.46952
0.46939
0.46917
0.46896
0.46873
0.46848
0.46818
0.46784
0.46742
0.46693
0.46636
0.4657
0.46483
0.46388
0.46287
0.46183
0.46077
0.45972
0.45868
0.45769
0.45676
0.45591
0.4551
0.45439
0.45379
0.4533
0.45293
0.45266
0.4525
0.45244
0.45245
0.45252
0.45255
0.4526
0.45268
0.45276
0.45283
0.45287
0.45288
0.45283
0.45271
0.45252
0.45214
0.45166
0.45111
0.45047
0.44977
0.449
0.44818
0.44731
0.4464
0.44546
0.44441
0.44335
0.4423
0.44126
0.44025
0.43926
0.43832
0.4374
0.43653
0.43568
0.43487
0.43407
0.43329
0.43251
0.43174
0.43095
0.43014
0.4293
0.42844
0.42755
0.42642
0.42529
0.42419
0.42315
0.42219
0.42134
0.42062
0.42005
0.41965
0.41942
0.41942
0.41957
0.41987
0.42029
0.42079
0.42135
0.42192
0.42246
0.42293
0.42329
0.42339
0.4233
0.42301
0.42248
0.42172
0.4207
0.41942
0.4179
0.41614
0.41415
0.41182
0.40933
0.40673
0.40408
0.40143
0.39883
0.39633
0.39398
0.39181
0.38987
0.38823
0.38685
0.38574
0.38491
0.38433
0.384
0.38389
0.38398
0.38422
0.38459
0.38489
0.38525
0.38565
0.38607
0.38649
0.38688
0.38724
0.38753
0.38775
0.38788
0.38788
0.38777
0.38756
0.38724
0.3868
0.38626
0.38562
0.38489
0.38406
0.38316
0.38206
0.38092
0.37976
0.3786
0.37747
0.37639
0.37537
0.37441
0.37355
0.37276
0.37211
0.37153
0.37101
0.37054
0.37009
0.36966
0.36921
0.36874
0.36823
0.36767
0.36682
0.36593
0.36502
0.36413
0.36328
0.36249
0.3618
0.36123
0.36081
0.36055
0.36058
0.36078
0.36116
0.3617
0.36239
0.36321
0.36414
0.36515
0.36621
0.36731
0.36818
0.36905
0.36992
0.37078
0.37164
0.3725
0.37335
0.37418
0.37498
0.37575
0.37658
0.37735
0.37801
0.37856
0.37897
0.37921
0.37925
0.37909
0.37872
0.37811
0.37706
0.37581
0.37439
0.37283
0.37118
0.36948
0.36777
0.3661
0.3645
0.36302
0.3617
0.36056
0.35961
0.35887
0.35834
0.35802
0.35791
0.358
0.35825
0.35865
0.35913
0.35969
0.36032
0.36096
0.36161
0.36221
0.36274
0.36317
0.36347
0.36363
0.36345
0.36311
0.36262
0.36199
0.36126
0.36042
0.35951
0.35854
0.35754
0.35651
0.35558
0.35464
0.3537
0.35276
0.3518
0.35084
0.34985
0.34885
0.34781
0.34674
0.34542
0.3441
0.34279
0.34152
0.34032
0.33921
0.33822
0.33737
0.33668
0.33617
0.33588
0.33578
0.33587
0.33614
0.3366
0.33721
0.33796
0.33883
0.3398
0.34083
0.34179
0.34278
0.34378
0.34477
0.34574
0.34667
0.34756
0.34839
0.34914
0.34982
0.35039
0.35088
0.35126
0.35156
0.35175
0.35186
0.35189
0.35183
0.3517
0.35151
0.35112
0.3507
0.35029
0.3499
0.34956
0.34929
0.3491
0.34901
0.34902
0.34912
0.34941
0.34978
0.3502
0.35065
0.3511
0.35151
0.35186
0.35211
0.35224
0.35223
0.35183
0.35127
0.35058
0.34975
0.34883
0.34783
0.34678
0.34571
0.34464
0.3436
0.34264
0.34175
0.34094
0.34022
0.3396
0.33907
0.33862
0.33826
0.33797
0.33773
0.33751
0.33732
0.33712
0.33692
0.33669
0.33641
0.33608
0.33568
0.33522
0.33469
0.33388
0.33304
0.33219
0.33138
0.33063
0.32999
0.32947
0.32911
0.32892
0.32892
0.32923
0.32972
0.33038
0.33118
0.33208
0.33305
0.33405
0.33503
0.33595
0.33677
0.33731
0.33768
0.33788
0.33788
0.33768
0.33728
0.33669
0.33591
0.33497
0.33388
0.33255
0.33114
0.32971
0.3283
0.32695
0.32571
0.32461
0.3237
0.32299
0.32251
0.32237
0.32246
0.32276
0.32326
0.32393
0.32474
0.32565
0.32662
0.32761
0.32859
0.32928
0.32992
0.33049
0.331
0.33144
0.33183
0.33218
0.33248
0.33275
0.333
0.33334
0.33366
0.33398
0.3343
0.33461
0.33491
0.3352
0.3355
0.33579
0.33609
0.33617
0.33628
0.33647
0.33675
0.33717
0.33773
0.33846
0.33937
0.34047
0.34176
0.34334
0.34508
0.34694
0.34889
0.35089
0.3529
0.35486
0.35675
0.35851
0.36011
0.36136
0.36241
0.36326
0.3639
0.36435
0.36464
0.36477
0.36479
0.36472
0.3646
0.36431
0.36407
0.36393
0.36394
0.36415
0.36459
0.36529
0.36628
0.36756
0.36913
0.37118
0.37347
0.37592
0.37849
0.38109
0.38366
0.38614
0.38845
0.39054
0.39235
0.39343
0.3942
0.39471
0.39499
0.39508
0.39504
0.39492
0.39478
0.39467
0.39465
0.39496
0.39543
0.39605
0.39684
0.39779
0.39889
0.40012
0.40145
0.40287
0.40433
0.40565
0.40698
0.40829
0.40957
0.4108
0.41199
0.41312
0.41419
0.4152
0.41616
0.41687
0.41756
0.41827
0.41901
0.41981
0.42071
0.42172
0.42286
0.42413
0.42553
0.42725
0.42906
0.43094
0.43282
0.43467
0.43643
0.43805
0.4395
0.44073
0.44169
0.44197
0.44198
0.44176
0.44133
0.44073
0.44001
0.43922
0.43838
0.43754
0.43674
0.4363
0.43591
0.43557
0.43527
0.43498
0.43469
0.43437
0.434
0.43357
0.43306
0.43202
0.43094
0.42987
0.42886
0.42797
0.42724
0.42673
0.42647
0.4265
0.42685
0.42779
0.42903
0.43053
0.43226
0.43416
0.43617
0.43822
0.44026
0.44223
0.44406
0.44532
0.44639
0.44725
0.44792
0.44841
0.44873
0.4489
0.44894
0.44889
0.44877
0.44873
0.44867
0.44857
0.44845
0.44831
0.44816
0.448
0.44785
0.44769
0.44755
0.44716
0.44683
0.44658
0.44646
0.44651
0.44675
0.44722
0.44793
0.4489
0.45015
0.45172
0.45355
0.45564
0.45795
0.46047
0.46315
0.46596
0.46885
0.4718
0.47474
0.47752
0.48024
0.48287
0.4854
0.4878
0.49006
0.49218
0.49415
0.49599
0.49768
0.49902
0.50026
0.50144
0.5026
0.50376
0.50495
0.5062
0.50753
0.50893
0.51042
0.51223
0.51407
0.5159
0.51767
0.51932
0.52081
0.52208
0.5231
0.52382
0.52423
0.52375
0.52299
0.52201
0.52089
0.51969
0.5185
0.51739
0.51643
0.51568
0.51521
0.51541
0.51591
0.5167
0.51774
0.51899
0.5204
0.52192
0.52349
0.52504
0.52653
0.52751
0.52836
0.52909
0.52969
0.53019
0.5306
0.53095
0.53127
0.53158
0.53193
0.5323
0.53276
0.53334
0.53406
0.53495
0.53601
0.53724
0.53866
0.54023
0.54194
0.5438
0.54573
0.54769
0.54964
0.55152
0.55328
0.55488
0.55628
0.55742
0.55829
0.55856
0.55855
0.55827
0.55776
0.55705
0.55619
0.55523
0.55421
0.55319
0.55221
0.55135
0.55062
0.55006
0.5497
0.54957
0.54967
0.55002
0.55061
0.55145
0.55251
0.55364
0.55496
0.55646
0.55812
0.5599
0.56177
0.56371
0.56567
0.56763
0.56953
0.57132
0.57299
0.57453
0.57591
0.57711
0.57812
0.57893
0.57953
0.57994
0.58015
0.57991
0.57953
0.57906
0.57856
0.57806
0.57762
0.57726
0.57704
0.57696
0.57704
0.57749
0.57808
0.5788
0.57958
0.5804
0.5812
0.58192
0.58254
0.58299
0.58323
0.5828
0.58215
0.58131
0.58032
0.57921
0.57803
0.57682
0.57563
0.57449
0.57344
0.57271
0.5721
0.57163
0.57128
0.57105
0.57092
0.57087
0.57088
0.57092
0.57098
0.57076
0.57054
0.57034
0.57017
0.57004
0.56998
0.57
0.57013
0.57036
0.57073
0.57113
0.57168
0.57241
0.57333
0.57443
0.57571
0.57717
0.57878
0.58054
0.5824
0.58445
0.58653
0.58859
0.59058
0.59245
0.59415
0.59566
0.59693
0.59794
0.59869
0.59866
0.59842
0.59804
0.59758
0.59713
0.59675
0.59651
0.59648
0.59671
0.59723
0.59842
0.59989
0.60163
0.60356
0.60563
0.60777
0.60989
0.61191
0.61375
0.61533
0.61617
0.61667
0.61681
0.6166
0.61604
0.61517
0.614
0.61258
0.61095
0.60915
0.60719
0.60516
0.60311
0.60109
0.59914
0.59731
0.59561
0.59409
0.59274
0.59159
0.59069
0.58998
0.58942
0.58899
0.58867
0.58842
0.58822
0.58802
0.58781
0.58755
0.58683
0.58608
0.58534
0.58464
0.58403
0.58355
0.58323
0.5831
0.5832
0.58352
0.58428
0.58526
0.58643
0.58774
0.58916
0.59063
0.59209
0.59349
0.59476
0.59586
0.59646
0.59682
0.59694
0.59681
0.59644
0.59584
0.59505
0.59407
0.59295
0.59172
0.59027
0.58881
0.58738
0.58602
0.5848
0.58375
0.5829
0.58228
0.58192
0.58181
0.58207
0.58257
0.58328
0.58419
0.58525
0.58642
0.58765
0.58891
0.59015
0.59134
0.592
0.59259
0.59314
0.59367
0.59422
0.5948
0.59545
0.59619
0.59702
0.59797
0.59935
0.60081
0.60231
0.60379
0.60521
0.60652
0.60766
0.6086
0.60929
0.60971
0.60928
0.60861
0.60774
0.60675
0.60569
0.60464
0.60366
0.60282
0.60217
0.60175
0.60184
0.6022
0.60281
0.60366
0.6047
0.6059
0.60718
0.60851
0.60981
0.61102
0.61189
0.61257
0.61304
0.61328
0.61328
0.61302
0.61253
0.61181
0.61089
0.60981
0.60833
0.60681
0.60533
0.60398
0.60284
0.60199
0.60149
0.60141
0.60179
0.60265
0.60418
0.60618
0.60862
0.61145
0.61458
0.61795
0.62146
0.62502
0.62852
0.63186
0.63466
0.63715
0.63926
0.64095
0.64218
0.64292
0.64317
0.64291
0.64216
0.64093
0.63912
0.63691
0.63437
0.63155
0.62854
0.6254
0.62221
0.61902
0.61591
0.61294
0.6102
0.6077
0.60545
0.60349
0.60182
0.60046
0.5994
0.59864
0.59817
0.59797
0.59768
0.59765
0.5979
0.59843
0.59925
0.60035
0.60173
0.60336
0.60524
0.60733
0.60979
0.61237
0.61502
0.61768
0.62028
0.62277
0.62508
0.62718
0.62902
0.63058
0.63135
0.63186
0.63215
0.63228
0.63231
0.6323
0.63232
0.63242
0.63264
0.63303
0.63385
0.63486
0.63604
0.63736
0.63876
0.64022
0.64166
0.64303
0.64427
0.64533
0.64585
0.64612
0.64613
0.64587
0.64535
0.64459
0.6436
0.64242
0.64108
0.63962
0.63787
0.63612
0.63442
0.63284
0.63144
0.63028
0.62938
0.62879
0.62853
0.62859
0.6292
0.63008
0.6312
0.63248
0.63385
0.63525
0.6366
0.63783
0.63887
0.63968
0.63963
0.63932
0.63877
0.63803
0.63714
0.63616
0.63515
0.63415
0.63322
0.63241
0.63209
0.63192
0.6319
0.63201
0.63223
0.63253
0.63288
0.63324
0.6336
0.63393
0.63371
0.63347
0.63324
0.63307
0.63299
0.63305
0.63328
0.63373
0.63441
0.63536
0.6367
0.63831
0.64016
0.64223
0.64448
0.64686
0.64932
0.65181
0.65426
0.65662
0.65861
0.66042
0.66201
0.66334
0.6644
0.66517
0.66563
0.66579
0.66563
0.66517
0.6643
0.66316
0.6618
0.66025
0.65854
0.65673
0.65484
0.65293
0.65102
0.64917
0.64729
0.64552
0.6439
0.64245
0.64118
0.64011
0.63924
0.63856
0.63806
0.63773
0.63744
0.63727
0.6372
0.63719
0.63721
0.63723
0.63722
0.63715
0.63697
0.63668
0.63609
0.63535
0.63445
0.63339
0.63218
0.63082
0.62934
0.62775
0.62607
0.62433
0.62237
0.62041
0.6185
0.61669
0.615
0.61347
0.61214
0.61102
0.61011
0.60944
0.60905
0.60887
0.60887
0.60901
0.60925
0.60957
0.60991
0.61024
0.61053
0.61073
0.61049
0.61016
0.60975
0.60929
0.6088
0.60832
0.60788
0.60752
0.60724
0.6071
0.6071
0.60726
0.6076
0.6081
0.60877
0.6096
0.61056
0.61163
0.61277
0.61396
0.61507
0.61614
0.61715
0.61806
0.61884
0.61945
0.61988
0.62009
0.62008
0.61983
0.61912
0.61821
0.61713
0.61593
0.61465
0.61334
0.61205
0.61084
0.60974
0.60882
0.60806
0.60754
0.60729
0.60733
0.60768
0.60833
0.60929
0.61053
0.61203
0.61377
0.6156
0.61759
0.6197
0.6219
0.62413
0.62634
0.6285
0.63056
0.63248
0.63421
0.63556
0.63669
0.63757
0.63822
0.63863
0.63882
0.63879
0.63857
0.63817
0.63762
0.63685
0.63598
0.63507
0.63413
0.6332
0.63232
0.6315
0.63076
0.63013
0.6296
0.62908
0.62867
0.62839
0.62821
0.62814
0.62816
0.62824
0.62836
0.62849
0.6286
0.6286
0.62853
0.62836
0.62808
0.62766
0.6271
0.62637
0.62549
0.62444
0.62324
0.62166
0.61997
0.61824
0.6165
0.6148
0.6132
0.61174
0.61046
0.60941
0.60859
0.6081
0.60788
0.60794
0.60824
0.60879
0.60955
0.61048
0.61155
0.6127
0.6139
0.61489
0.61584
0.61675
0.61757
0.6183
0.6189
0.61938
0.6197
0.61987
0.61987
0.61959
0.61914
0.61854
0.6178
0.61694
0.61595
0.61487
0.6137
0.61246
0.61116
0.60981
0.60841
0.60699
0.60553
0.60405
0.60255
0.60105
0.59953
0.59802
0.59652
0.59471
0.59297
0.59133
0.58982
0.58848
0.58735
0.58644
0.58577
0.58535
0.58516
0.58537
0.58576
0.58629
0.5869
0.58754
0.58815
0.58865
0.58899
0.58911
0.58897
0.5882
0.58713
0.58575
0.58409
0.58218
0.58004
0.57773
0.57528
0.57274
0.57017
0.56757
0.56504
0.56262
0.56034
0.55825
0.55637
0.55472
0.55331
0.55213
0.55119
0.55039
0.54979
0.54934
0.54902
0.54877
0.54857
0.54835
0.54807
0.54768
0.54714
0.54632
0.54528
0.54401
0.54249
0.54073
0.53873
0.53651
0.53408
0.53148
0.52875
0.52565
0.52254
0.51948
0.51656
0.51384
0.5114
0.50928
0.50753
0.50618
0.50525
0.50493
0.50499
0.50538
0.50605
0.50692
0.50791
0.50893
0.5099
0.51072
0.51131
0.51136
0.51106
0.51038
0.50931
0.50783
0.50595
0.5037
0.50109
0.49819
0.49504
0.49145
0.48777
0.48407
0.48046
0.47702
0.47383
0.47097
0.46848
0.46642
0.4648
0.46396
0.46354
0.46347
0.46369
0.4641
0.46463
0.46518
0.46567
0.46599
