0.46976
0.46827
0.46649
0.46447
0.46226
0.45994
0.45756
0.45519
0.45289
0.45071
0.44872
0.44712
0.44576
0.44464
0.44377
0.44311
0.44265
0.44235
0.44218
0.44209
0.44202
0.4418
0.44153
0.44118
0.44072
0.44014
0.43942
0.43855
0.43752
0.43635
0.43503
0.43337
0.43163
0.42986
0.42812
0.42646
0.42493
0.42357
0.42243
0.42153
0.4209
0.42074
0.42085
0.4212
0.42175
0.42246
0.42328
0.42415
0.42502
0.42584
0.42656
0.42677
0.42681
0.42669
0.42641
0.42597
0.42538
0.42466
0.42382
0.42289
0.42187
0.42095
0.41996
0.4189
0.41778
0.41658
0.4153
0.41394
0.41251
0.41099
0.40939
0.40744
0.40546
0.40348
0.40155
0.3997
0.39797
0.3964
0.395
0.39381
0.39284
0.3922
0.39177
0.39153
0.39144
0.39148
0.39161
0.39177
0.39194
0.39207
0.3921
0.39181
0.39139
0.39081
0.39007
0.38918
0.38814
0.38695
0.38564
0.38421
0.38268
0.38106
0.37939
0.3777
0.37601
0.37435
0.37274
0.37121
0.36976
0.36842
0.3672
0.36602
0.36499
0.3641
0.36337
0.36278
0.36235
0.36204
0.36187
0.3618
0.36182
0.36189
0.362
0.36214
0.3623
0.36244
0.36256
0.36263
0.36264
0.36258
0.36244
0.36203
0.36155
0.36102
0.36045
0.35985
0.35926
0.35869
0.35815
0.35765
0.35721
0.35693
0.3567
0.35651
0.35634
0.35618
0.35601
0.35581
0.35556
0.35523
0.35481
0.35407
0.35324
0.35232
0.35134
0.35032
0.34927
0.34822
0.34717
0.34616
0.3452
0.34434
0.34355
0.34283
0.34218
0.3416
0.34109
0.34064
0.34023
0.33985
0.33949
0.33903
0.33857
0.3381
0.33762
0.33713
0.33661
0.33607
0.3355
0.33491
0.33428
0.33354
0.33278
0.33202
0.33126
0.33052
0.3298
0.32912
0.32848
0.32788
0.32732
0.32685
0.32641
0.32601
0.32564
0.32528
0.32494
0.32459
0.32424
0.32387
0.32349
0.3229
0.32231
0.32174
0.32119
0.32071
0.32029
0.31996
0.31974
0.31964
0.31966
0.31984
0.32014
0.32056
0.32106
0.32164
0.32227
0.32293
0.32358
0.3242
0.32476
0.32512
0.32538
0.32553
0.32555
0.32544
0.32519
0.32481
0.32429
0.32363
0.32285
0.32192
0.32089
0.31978
0.3186
0.31738
0.31614
0.31489
0.31367
0.31249
0.31137
0.31023
0.30919
0.30828
0.30752
0.30692
0.30649
0.30624
0.30618
0.30629
0.30656
0.30703
0.30762
0.30831
0.30907
0.30987
0.31067
0.31145
0.31216
0.31279
0.31332
0.31351
0.31358
0.31353
0.31338
0.31314
0.31282
0.31246
0.31207
0.31167
0.31127
0.31096
0.31068
0.31043
0.31019
0.30998
0.30977
0.30957
0.30936
0.30912
0.30886
0.30841
0.30792
0.3074
0.30687
0.30631
0.30575
0.30519
0.30465
0.30412
0.30362
0.30314
0.3027
0.3023
0.30196
0.30168
0.30145
0.30129
0.30118
0.30113
0.30113
0.30111
0.30113
0.3012
0.30132
0.30148
0.30167
0.3019
0.30216
0.30244
0.30273
0.30297
0.30322
0.30347
0.30372
0.30396
0.3042
0.30443
0.30464
0.30483
0.30499
0.30507
0.30512
0.30514
0.30512
0.30507
0.30498
0.30485
0.3047
0.3045
0.30427
0.30394
0.30358
0.3032
0.3028
0.30239
0.30198
0.30157
0.30118
0.3008
0.30044
0.30008
0.29975
0.29947
0.29922
0.29903
0.29888
0.2988
0.29877
0.2988
0.2989
0.2989
0.29897
0.29914
0.29941
0.2998
0.3003
0.30092
0.30165
0.30248
0.3034
0.30456
0.30575
0.30691
0.30802
0.30902
0.30987
0.31053
0.31097
0.31118
0.31112
0.31041
0.30948
0.30837
0.30715
0.30588
0.30461
0.30341
0.30233
0.30142
0.30072
0.30056
0.30062
0.30088
0.30132
0.30187
0.30251
0.30318
0.30381
0.30438
0.30482
0.30477
0.30455
0.30416
0.30362
0.30294
0.30214
0.30126
0.30033
0.29937
0.29844
0.29759
0.29683
0.29618
0.29567
0.29531
0.29514
0.29515
0.29536
0.29575
0.29632
0.29705
0.29793
0.29894
0.30005
0.30123
0.30246
0.30369
0.30491
0.30608
0.30719
0.30805
0.30882
0.30951
0.3101
0.31062
0.31108
0.31149
0.31188
0.31226
0.31266
0.31302
0.31344
0.31394
0.31454
0.31527
0.31614
0.31714
0.31829
0.31957
0.32098
0.32261
0.32433
0.32609
0.32786
0.3296
0.33128
0.33286
0.33433
0.33564
0.3368
0.33742
0.33791
0.33831
0.33867
0.33903
0.33946
0.34
0.34069
0.34157
0.34266
0.34429
0.34612
0.34814
0.35032
0.35259
0.35492
0.35724
0.3595
0.36166
0.36365
0.36505
0.36624
0.36724
0.36805
0.36871
0.36922
0.36961
0.36992
0.37017
0.37037
0.37078
0.37117
0.37155
0.37189
0.3722
0.37247
0.37268
0.37284
0.37293
0.37295
0.37262
0.37226
0.3719
0.37158
0.37134
0.37123
0.37128
0.37152
0.37198
0.37268
0.37371
0.37501
0.37656
0.37837
0.3804
0.38263
0.38502
0.38755
0.39016
0.39281
0.39535
0.39785
0.40027
0.40257
0.40472
0.40669
0.40845
0.40998
0.41128
0.41232
0.41301
0.41346
0.41369
0.41373
0.4136
0.41333
0.41297
0.41253
0.41207
0.4116
0.41107
0.4106
0.41024
0.41001
0.40994
0.41004
0.41033
0.4108
0.41144
0.41225
0.41335
0.41456
0.41583
0.41711
0.41836
0.41954
0.42062
0.42155
0.42233
0.42293
0.42285
0.42265
0.4224
0.42216
0.422
0.42199
0.4222
0.42269
0.42351
0.42468
0.42664
0.42893
0.43151
0.4343
0.43723
0.44022
0.44317
0.446
0.44861
0.45094
0.45246
0.45361
0.45438
0.45478
0.45482
0.45455
0.45399
0.4532
0.45223
0.45113
0.45001
0.44886
0.44774
0.4467
0.44577
0.44498
0.44437
0.44393
0.44369
0.44363
0.44377
0.44407
0.4445
0.44504
0.44564
0.44627
0.4469
0.44748
0.44797
0.44835
0.44831
0.44814
0.44783
0.44741
0.4469
0.44632
0.4457
0.44505
0.44442
0.44382
0.44335
0.44295
0.44263
0.44241
0.44227
0.44223
0.44228
0.44242
0.44264
0.44294
0.44313
0.44339
0.44374
0.44417
0.4447
0.44533
0.44608
0.44693
0.4479
0.44898
0.45011
0.45137
0.45274
0.45424
0.45586
0.4576
0.45945
0.4614
0.46344
0.46557
0.4677
0.46988
0.47213
0.47442
0.47674
0.47909
0.48146
0.48382
0.48618
0.48852
0.49067
0.4928
0.49491
0.497
0.49909
0.50116
0.50322
0.50526
0.50728
0.50928
0.51127
0.5132
0.51505
0.5168
0.51842
0.5199
0.5212
0.52233
0.52326
0.52398
0.52423
0.5243
0.52421
0.524
0.5237
0.52334
0.52297
0.52261
0.52229
0.52203
0.52195
0.52196
0.52206
0.52223
0.52248
0.52278
0.52311
0.52346
0.52379
0.52409
0.5241
0.52405
0.52394
0.52379
0.5236
0.52336
0.52309
0.52279
0.52247
0.52213
0.52183
0.5215
0.52115
0.52076
0.52033
0.51985
0.51931
0.51871
0.51805
0.51732
0.51622
0.51508
0.51394
0.51284
0.51179
0.51084
0.50999
0.50927
0.50869
0.50825
0.50819
0.50823
0.50832
0.50841
0.50846
0.50841
0.50822
0.50786
0.5073
0.50651
0.50492
0.50316
0.5013
0.4994
0.49754
0.49581
0.49428
0.49302
0.4921
0.49156
0.49183
0.4925
0.49354
0.49489
0.49651
0.49832
0.50025
0.50223
0.50418
0.50603
0.50719
0.50818
0.50901
0.50968
0.51021
0.51063
0.51096
0.51121
0.51143
0.51161
0.51204
0.51245
0.51284
0.51318
0.51345
0.51363
0.51371
0.51366
0.51346
0.5131
0.51224
0.51125
0.51016
0.50901
0.50785
0.50671
0.50565
0.50471
0.50393
0.50334
0.503
0.5029
0.50305
0.50347
0.50415
0.50508
0.50625
0.50763
0.5092
0.51092
0.51273
0.51462
0.51658
0.51856
0.52054
0.52248
0.52437
0.52618
0.52789
0.5295
0.53063
0.53168
0.5327
0.53371
0.53477
0.5359
0.53712
0.53847
0.53995
0.54157
0.54364
0.54578
0.54792
0.54999
0.55192
0.55362
0.55504
0.55609
0.55672
0.55689
0.55604
0.55474
0.55304
0.55101
0.54872
0.54626
0.54373
0.54121
0.53879
0.53656
0.53474
0.53324
0.5321
0.53136
0.53103
0.53111
0.5316
0.53245
0.53364
0.53512
0.53681
0.53866
0.54063
0.54265
0.54465
0.54657
0.54836
0.54996
0.55132
0.55243
0.55286
0.55304
0.55301
0.55281
0.5525
0.55212
0.55175
0.55142
0.5512
0.55112
0.55146
0.55198
0.55266
0.55348
0.5544
0.5554
0.55642
0.55743
0.55839
0.55924
0.55963
0.55988
0.55999
0.55996
0.55982
0.55958
0.55926
0.55888
0.55848
0.55807
0.55759
0.55717
0.55683
0.55662
0.55654
0.55662
0.55687
0.55728
0.55785
0.55855
0.55948
0.56048
0.56152
0.56253
0.56348
0.56431
0.56497
0.56541
0.56561
0.56553
0.56474
0.56369
0.5624
0.56094
0.55936
0.55771
0.55605
0.55443
0.55292
0.55154
0.55056
0.54976
0.54916
0.54876
0.54853
0.54846
0.54852
0.54869
0.54893
0.54922
0.54921
0.54923
0.54927
0.54934
0.54946
0.54964
0.54989
0.55022
0.55065
0.55119
0.55183
0.5526
0.55351
0.55455
0.55574
0.55707
0.55853
0.56011
0.56179
0.56356
0.56533
0.56715
0.56901
0.57089
0.57276
0.57462
0.57644
0.57821
0.57989
0.58149
0.58276
0.58393
0.58501
0.58601
0.58694
0.5878
0.58861
0.58937
0.59008
0.59074
0.5914
0.592
0.5925
0.59289
0.59314
0.59324
0.59316
0.59289
0.59242
0.59174
0.59053
0.58914
0.58761
0.58598
0.58429
0.58259
0.58092
0.57932
0.57784
0.57651
0.57546
0.5746
0.57393
0.57345
0.57316
0.57304
0.57308
0.57325
0.57353
0.5739
0.57402
0.57421
0.57447
0.57481
0.57524
0.57576
0.57636
0.57705
0.57781
0.57864
0.57967
0.58072
0.58175
0.58271
0.58357
0.5843
0.58486
0.58522
0.58537
0.58529
0.58456
0.58365
0.58262
0.58151
0.5804
0.57934
0.57839
0.57762
0.57706
0.57676
0.57691
0.57735
0.57805
0.57899
0.58014
0.58145
0.58286
0.58433
0.58579
0.58718
0.58819
0.58904
0.5897
0.59015
0.59038
0.59038
0.59014
0.58966
0.58896
0.58806
0.58682
0.58544
0.58395
0.5824
0.58084
0.57929
0.57782
0.57645
0.57521
0.57414
0.5733
0.57266
0.5722
0.57192
0.57182
0.57187
0.57206
0.57237
0.57276
0.57323
0.57343
0.57368
0.57401
0.57443
0.57494
0.57557
0.57631
0.57719
0.57819
0.57932
0.58067
0.58212
0.58364
0.5852
0.58677
0.58832
0.5898
0.59119
0.59246
0.59357
0.59424
0.59475
0.5951
0.59532
0.59541
0.59541
0.59534
0.59523
0.59509
0.59496
0.5948
0.59468
0.59464
0.59468
0.59481
0.59505
0.59538
0.59579
0.59628
0.59683
0.5974
0.59797
0.59852
0.59901
0.59943
0.59973
0.59989
0.59989
0.59972
0.59936
0.59848
0.59746
0.59631
0.59509
0.59384
0.59262
0.59146
0.5904
0.58949
0.58876
0.58832
0.58809
0.58805
0.5882
0.58852
0.58898
0.58954
0.59018
0.59086
0.59154
0.59202
0.59245
0.59281
0.5931
0.5933
0.59343
0.59348
0.59346
0.59339
0.59328
0.59292
0.5926
0.59237
0.59228
0.59238
0.5927
0.59329
0.59416
0.59532
0.59678
0.59869
0.60083
0.60318
0.60566
0.6082
0.61075
0.61322
0.61553
0.61761
0.61939
0.62048
0.6212
0.62153
0.62148
0.62107
0.62031
0.61923
0.61787
0.61626
0.61445
0.6125
0.61044
0.60832
0.60617
0.60405
0.60199
0.60002
0.59818
0.59649
0.59497
0.59352
0.59226
0.59123
0.59043
0.58985
0.5895
0.58938
0.58945
0.58971
0.59013
0.59053
0.59104
0.59165
0.59235
0.59311
0.59391
0.59471
0.59551
0.59625
0.59693
0.5975
0.59795
0.59824
0.59837
0.59831
0.59804
0.59756
0.59687
0.59596
0.59485
0.59331
0.59162
0.58983
0.58799
0.58616
0.58438
0.58271
0.58119
0.57986
0.57877
0.5779
0.57732
0.57702
0.57702
0.57731
0.57787
0.57869
0.57972
0.58093
0.58227
0.58363
0.58504
0.58643
0.58777
0.589
0.59009
0.591
0.5917
0.59217
0.5924
0.59207
0.59152
0.5908
0.58994
0.58901
0.58806
0.58713
0.58627
0.58553
0.58496
0.58473
0.58469
0.58485
0.58519
0.5857
0.58635
0.58712
0.58797
0.58887
0.58979
0.59039
0.59098
0.59155
0.5921
0.59266
0.59321
0.59377
0.59434
0.59494
0.59557
0.5961
0.59667
0.59729
0.59798
0.59872
0.59952
0.60036
0.60122
0.60207
0.60289
0.60383
0.60465
0.60527
0.60564
0.60571
0.60542
0.60474
0.60365
0.60214
0.6002
0.59726
0.59401
0.59058
0.58708
0.58364
0.58038
0.57743
0.57489
0.57286
0.57141
0.57102
0.57128
0.57214
0.57356
0.57548
0.5778
0.58043
0.58325
0.58615
0.58902
0.59134
0.59345
0.59528
0.59679
0.59793
0.59869
0.59903
0.59895
0.59847
0.59759
0.59628
0.59464
0.5927
0.59053
0.58816
0.58565
0.58306
0.58043
0.5778
0.57523
0.57273
0.57035
0.56809
0.56598
0.56401
0.56219
0.56051
0.55894
0.55747
0.55608
0.55457
0.55309
0.55164
0.5502
0.54877
0.54732
0.54584
0.54433
0.54279
0.54119
0.53948
0.53771
0.53591
0.53407
0.53221
0.53034
0.52847
0.52661
0.52478
0.52298
0.5211
0.51929
0.51758
0.51597
0.51449
0.51313
0.51192
0.51084
0.50989
0.50905
0.5083
0.50763
0.50701
0.50641
0.5058
0.50514
0.5044
0.50355
0.50255
0.50137
0.49985
0.49812
0.49619
0.49405
0.49171
0.4892
0.48653
0.48372
0.4808
0.4778
0.47459
0.47138
0.46821
0.46512
0.46215
0.45934
0.45671
0.45429
0.45209
0.45011
0.44845
0.447
0.44571
0.44456
0.44352
0.44253
0.44157
0.44059
0.43954
0.43841
0.43687
0.43522
0.43348
0.43167
0.42982
0.42796
0.42612
0.42434
0.42264
0.42106
0.41966
0.41843
0.41736
0.41648
0.41578
0.41525
0.41489
0.41467
0.41457
0.41457
0.41458
0.41463
0.41469
0.41473
0.41472
0.41465
0.41447
0.41418
0.41375
